81
10
[1.795, 36.9, 2.663]
[1.795, 36.9, 2.663]
[1.795, 36.9, 2.663]
[1.795, 36.9, 2.663]
[1.795, 36.9, 2.663]
[1.795, 36.9, 2.663]
[1.795, 36.9, 2.663]
[1.795, 36.9, 2.663]
[1.795, 36.9, 2.663]
[1.795, 36.9, 2.663]
[1.795, 36.9, 2.663]
[1.795, 36.9, 2.663]
[1.795, 36.9, 2.663]
[1.795, 36.9, 2.663]
[1.795, 36.9, 2.663]
[1.795, 36.9, 2.663]
[1.795, 36.9, 2.663]
[1.795, 36.9, 2.663]
[1.795, 36.9, 2.663]
[1.795, 36.9, 2.663]
[1.795, 36.9, 2.663]
[3.682, 36.9, 2.663]
[5.569, 36.9, 2.663]
[7.456, 36.9, 2.663]
[9.343, 36.9, 2.663]
[11.23, 36.9, 2.663]
[13.117, 36.9, 2.663]
[15.004, 36.9, 2.663]
[16.891, 36.9, 2.663]
[18.778, 36.9, 2.663]
[20.665, 36.9, 2.663]
[20.665, 36.9, 2.663]
[20.665, 36.9, 2.663]
[20.665, 36.9, 2.663]
[20.665, 36.9, 2.663]
[20.665, 36.9, 2.663]
[20.665, 36.9, 2.663]
[20.665, 36.9, 2.663]
[20.665, 36.9, 2.663]
[20.665, 36.9, 2.663]
[20.665, 36.9, 2.663]
[20.665, 36.9, 2.663]
[20.665, 36.9, 2.663]
[20.665, 36.9, 2.663]
[20.665, 36.9, 2.663]
[20.665, 36.9, 2.663]
[20.665, 36.9, 2.663]
[20.665, 36.9, 2.663]
[20.665, 36.9, 2.663]
[20.665, 36.9, 2.663]
[20.665, 36.9, 2.663]
[20.665, 36.9, 2.663]
[20.665, 36.9, 2.663]
[20.665, 36.9, 2.663]
[20.665, 36.9, 2.663]
[20.665, 36.9, 2.663]
[20.665, 36.9, 2.663]
[20.665, 36.9, 2.663]
[20.665, 36.9, 2.663]
[20.665, 36.9, 2.663]
[20.665, 36.9, 2.663]
[20.665, 36.9, 2.663]
[20.665, 36.9, 2.663]
[20.665, 36.9, 2.663]
[20.665, 36.9, 2.663]
[20.665, 36.9, 2.663]
[20.665, 36.9, 2.663]
[20.665, 36.9, 2.663]
[20.665, 36.9, 2.663]
[20.665, 36.9, 2.663]
[20.665, 36.9, 2.663]
[18.778, 36.9, 2.663]
[16.891, 36.9, 2.663]
[15.004, 36.9, 2.663]
[13.117, 36.9, 2.663]
[11.23, 36.9, 2.663]
[9.343, 36.9, 2.663]
[7.456, 36.9, 2.663]
[5.569, 36.9, 2.663]
[3.682, 36.9, 2.663]
[1.795, 36.9, 2.663]
[1, 0.0, 0.0, 0.0]
[1, 0.0, 0.0, 0.0]
[1, 0.0, 0.0, 0.0]
[1, 0.0, 0.0, 0.0]
[1, 0.0, 0.0, 0.0]
[1, 0.0, 0.0, 0.0]
[1, 0.0, 0.0, 0.0]
[1, 0.0, 0.0, 0.0]
[1, 0.0, 0.0, 0.0]
[1, 0.0, 0.0, 0.0]
[1, 0.0, 0.0, 0.0]
[1, 0.0, 0.0, 0.0]
[1, 0.0, 0.0, 0.0]
[1, 0.0, 0.0, 0.0]
[1, 0.0, 0.0, 0.0]
[1, 0.0, 0.0, 0.0]
[1, 0.0, 0.0, 0.0]
[1, 0.0, 0.0, 0.0]
[1, 0.0, 0.0, 0.0]
[1, 0.0, 0.0, 0.0]
[1, 0.0, 0.0, 0.0]
[1, 0.0, 0.0, 0.0]
[1, 0.0, 0.0, 0.0]
[1, 0.0, 0.0, 0.0]
[1, 0.0, 0.0, 0.0]
[1, 0.0, 0.0, 0.0]
[1, 0.0, 0.0, 0.0]
[1, 0.0, 0.0, 0.0]
[1, 0.0, 0.0, 0.0]
[1, 0.0, 0.0, 0.0]
[1, 0.0, 0.0, 0.0]
[1, 0.0, 0.0, 0.0]
[1, 0.0, 0.0, 0.0]
[1, 0.0, 0.0, 0.0]
[1, 0.0, 0.0, 0.0]
[1, 0.0, 0.0, 0.0]
[1, 0.0, 0.0, 0.0]
[1, 0.0, 0.0, 0.0]
[1, 0.0, 0.0, 0.0]
[1, 0.0, 0.0, 0.0]
[1, 0.0, 0.0, 0.0]
[1, 0.0, 0.0, 0.0]
[1, 0.0, 0.0, 0.0]
[1, 0.0, 0.0, 0.0]
[1, 0.0, 0.0, 0.0]
[1, 0.0, 0.0, 0.0]
[1, 0.0, 0.0, 0.0]
[1, 0.0, 0.0, 0.0]
[1, 0.0, 0.0, 0.0]
[1, 0.0, 0.0, 0.0]
[1, 0.0, 0.0, 0.0]
[1, 0.0, 0.0, 0.0]
[1, 0.0, 0.0, 0.0]
[1, 0.0, 0.0, 0.0]
[1, 0.0, 0.0, 0.0]
[1, 0.0, 0.0, 0.0]
[1, 0.0, 0.0, 0.0]
[1, 0.0, 0.0, 0.0]
[1, 0.0, 0.0, 0.0]
[1, 0.0, 0.0, 0.0]
[1, 0.0, 0.0, 0.0]
[1, 0.0, 0.0, 0.0]
[1, 0.0, 0.0, 0.0]
[1, 0.0, 0.0, 0.0]
[1, 0.0, 0.0, 0.0]
[1, 0.0, 0.0, 0.0]
[1, 0.0, 0.0, 0.0]
[1, 0.0, 0.0, 0.0]
[1, 0.0, 0.0, 0.0]
[1, 0.0, 0.0, 0.0]
[1, 0.0, 0.0, 0.0]
[1, 0.0, 0.0, 0.0]
[1, 0.0, 0.0, 0.0]
[1, 0.0, 0.0, 0.0]
[1, 0.0, 0.0, 0.0]
[1, 0.0, 0.0, 0.0]
[1, 0.0, 0.0, 0.0]
[1, 0.0, 0.0, 0.0]
[1, 0.0, 0.0, 0.0]
[1, 0.0, 0.0, 0.0]
[1, 0.0, 0.0, 0.0]
