81
10
[-12.407, 7.65, -7.588]
[-12.407, 7.65, -7.588]
[-12.407, 7.65, -7.588]
[-12.407, 7.65, -7.588]
[-12.407, 7.65, -7.588]
[-12.407, 7.65, -7.588]
[-12.407, 7.65, -7.588]
[-12.407, 7.65, -7.588]
[-12.407, 7.65, -7.588]
[-12.407, 7.65, -7.588]
[-12.407, 7.65, -7.588]
[-12.407, 7.65, -7.588]
[-12.407, 7.65, -7.588]
[-12.407, 7.65, -7.588]
[-12.407, 7.65, -7.588]
[-12.407, 7.65, -7.588]
[-12.407, 7.65, -7.588]
[-12.407, 7.65, -7.588]
[-12.407, 7.65, -7.588]
[-12.407, 7.65, -7.588]
[-12.407, 7.65, -7.588]
[-12.407, 7.65, -7.388]
[-12.407, 7.65, -7.188]
[-12.407, 7.65, -6.988]
[-12.407, 7.65, -6.788]
[-12.407, 7.65, -6.588]
[-12.407, 7.65, -6.388]
[-12.407, 7.65, -6.188]
[-12.407, 7.65, -5.988]
[-12.407, 7.65, -5.788]
[-12.407, 7.65, -5.588]
[-12.407, 7.65, -5.588]
[-12.407, 7.65, -5.588]
[-12.407, 7.65, -5.588]
[-12.407, 7.65, -5.588]
[-12.407, 7.65, -5.588]
[-12.407, 7.65, -5.588]
[-12.407, 7.65, -5.588]
[-12.407, 7.65, -5.588]
[-12.407, 7.65, -5.588]
[-12.407, 7.65, -5.588]
[-12.407, 7.65, -5.643]
[-12.407, 7.65, -5.698]
[-12.407, 7.65, -5.753]
[-12.407, 7.65, -5.808]
[-12.407, 7.65, -5.863]
[-12.407, 7.65, -5.918]
[-12.407, 7.65, -5.973]
[-12.407, 7.65, -6.028]
[-12.407, 7.65, -6.083]
[-12.407, 7.65, -6.138]
[-12.407, 7.65, -6.138]
[-12.407, 7.65, -6.138]
[-12.407, 7.65, -6.138]
[-12.407, 7.65, -6.138]
[-12.407, 7.65, -6.138]
[-12.407, 7.65, -6.138]
[-12.407, 7.65, -6.138]
[-12.407, 7.65, -6.138]
[-12.407, 7.65, -6.138]
[-12.407, 7.65, -6.138]
[-12.407, 7.65, -6.138]
[-12.407, 7.65, -6.138]
[-12.407, 7.65, -6.138]
[-12.407, 7.65, -6.138]
[-12.407, 7.65, -6.138]
[-12.407, 7.65, -6.138]
[-12.407, 7.65, -6.138]
[-12.407, 7.65, -6.138]
[-12.407, 7.65, -6.138]
[-12.407, 7.65, -6.138]
[-12.407, 7.65, -6.283]
[-12.407, 7.65, -6.428]
[-12.407, 7.65, -6.573]
[-12.407, 7.65, -6.718]
[-12.407, 7.65, -6.863]
[-12.407, 7.65, -7.008]
[-12.407, 7.65, -7.153]
[-12.407, 7.65, -7.298]
[-12.407, 7.65, -7.443]
[-12.407, 7.65, -7.588]
[1, 0.0, 0.0, 0.0]
[1, 0.0, 0.0, 0.0]
[1, 0.0, 0.0, 0.0]
[1, 0.0, 0.0, 0.0]
[1, 0.0, 0.0, 0.0]
[1, 0.0, 0.0, 0.0]
[1, 0.0, 0.0, 0.0]
[1, 0.0, 0.0, 0.0]
[1, 0.0, 0.0, 0.0]
[1, 0.0, 0.0, 0.0]
[1, 0.0, 0.0, 0.0]
[1, 0.0, 0.0, 0.0]
[1, 0.0, 0.0, 0.0]
[1, 0.0, 0.0, 0.0]
[1, 0.0, 0.0, 0.0]
[1, 0.0, 0.0, 0.0]
[1, 0.0, 0.0, 0.0]
[1, 0.0, 0.0, 0.0]
[1, 0.0, 0.0, 0.0]
[1, 0.0, 0.0, 0.0]
[1, 0.0, 0.0, 0.0]
[1, 0.0, 0.0, 0.0]
[1, 0.0, 0.0, 0.0]
[1, 0.0, 0.0, 0.0]
[1, 0.0, 0.0, 0.0]
[1, 0.0, 0.0, 0.0]
[1, 0.0, 0.0, 0.0]
[1, 0.0, 0.0, 0.0]
[1, 0.0, 0.0, 0.0]
[1, 0.0, 0.0, 0.0]
[1, 0.0, 0.0, 0.0]
[1, 0.0, 0.0, 0.0]
[1, 0.0, 0.0, 0.0]
[1, 0.0, 0.0, 0.0]
[1, 0.0, 0.0, 0.0]
[1, 0.0, 0.0, 0.0]
[1, 0.0, 0.0, 0.0]
[1, 0.0, 0.0, 0.0]
[1, 0.0, 0.0, 0.0]
[1, 0.0, 0.0, 0.0]
[1, 0.0, 0.0, 0.0]
[1, 0.0, 0.0, 0.0]
[1, 0.0, 0.0, 0.0]
[1, 0.0, 0.0, 0.0]
[1, 0.0, 0.0, 0.0]
[1, 0.0, 0.0, 0.0]
[1, 0.0, 0.0, 0.0]
[1, 0.0, 0.0, 0.0]
[1, 0.0, 0.0, 0.0]
[1, 0.0, 0.0, 0.0]
[1, 0.0, 0.0, 0.0]
[1, 0.0, 0.0, 0.0]
[1, 0.0, 0.0, 0.0]
[1, 0.0, 0.0, 0.0]
[1, 0.0, 0.0, 0.0]
[1, 0.0, 0.0, 0.0]
[1, 0.0, 0.0, 0.0]
[1, 0.0, 0.0, 0.0]
[1, 0.0, 0.0, 0.0]
[1, 0.0, 0.0, 0.0]
[1, 0.0, 0.0, 0.0]
[1, 0.0, 0.0, 0.0]
[1, 0.0, 0.0, 0.0]
[1, 0.0, 0.0, 0.0]
[1, 0.0, 0.0, 0.0]
[1, 0.0, 0.0, 0.0]
[1, 0.0, 0.0, 0.0]
[1, 0.0, 0.0, 0.0]
[1, 0.0, 0.0, 0.0]
[1, 0.0, 0.0, 0.0]
[1, 0.0, 0.0, 0.0]
[1, 0.0, 0.0, 0.0]
[1, 0.0, 0.0, 0.0]
[1, 0.0, 0.0, 0.0]
[1, 0.0, 0.0, 0.0]
[1, 0.0, 0.0, 0.0]
[1, 0.0, 0.0, 0.0]
[1, 0.0, 0.0, 0.0]
[1, 0.0, 0.0, 0.0]
[1, 0.0, 0.0, 0.0]
[1, 0.0, 0.0, 0.0]
