150
10
[-11.92,0,9.93333]
[-11.84,0,9.86667]
[-11.76,0,9.8]
[-11.68,0,9.73333]
[-11.6,0,9.66667]
[-11.52,0,9.6]
[-11.44,0,9.53333]
[-11.36,0,9.46667]
[-11.28,0,9.4]
[-11.2,0,9.33333]
[-11.12,0,9.26667]
[-11.04,0,9.2]
[-10.96,0,9.13333]
[-10.88,0,9.06667]
[-10.8,0,9]
[-10.72,0,8.93333]
[-10.64,0,8.86667]
[-10.56,0,8.8]
[-10.48,0,8.73333]
[-10.4,0,8.66667]
[-10.32,0,8.6]
[-10.24,0,8.53333]
[-10.16,0,8.46667]
[-10.08,0,8.4]
[-10,0,8.33333]
[-9.92,0,8.26667]
[-9.84,0,8.2]
[-9.76,0,8.13333]
[-9.68,0,8.06667]
[-9.6,0,8]
[-9.52,0,7.93333]
[-9.44,0,7.86667]
[-9.36,0,7.8]
[-9.28,0,7.73333]
[-9.2,0,7.66667]
[-9.12,0,7.6]
[-9.04,0,7.53333]
[-8.96,0,7.46667]
[-8.88,0,7.4]
[-8.8,0,7.33333]
[-8.72,0,7.26667]
[-8.64,0,7.2]
[-8.56,0,7.13333]
[-8.48,0,7.06667]
[-8.4,0,7]
[-8.32,0,6.93333]
[-8.24,0,6.86667]
[-8.16,0,6.8]
[-8.08,0,6.73333]
[-8,0,6.66667]
[-7.92,0,6.6]
[-7.84,0,6.53333]
[-7.76,0,6.46667]
[-7.68,0,6.4]
[-7.6,0,6.33333]
[-7.52,0,6.26667]
[-7.44,0,6.2]
[-7.36,0,6.13333]
[-7.28,0,6.06667]
[-7.2,0,6]
[-7.12,0,5.93333]
[-7.04,0,5.86667]
[-6.96,0,5.8]
[-6.88,0,5.73333]
[-6.8,0,5.66667]
[-6.72,0,5.6]
[-6.64,0,5.53333]
[-6.56,0,5.46667]
[-6.48,0,5.4]
[-6.4,0,5.33333]
[-6.32,0,5.26667]
[-6.24,0,5.2]
[-6.16,0,5.13333]
[-6.08,0,5.06667]
[-6,0,5]
[-5.92,0,4.93333]
[-5.84,0,4.86667]
[-5.76,0,4.8]
[-5.68,0,4.73333]
[-5.6,0,4.66667]
[-5.52,0,4.6]
[-5.44,0,4.53333]
[-5.36,0,4.46667]
[-5.28,0,4.4]
[-5.2,0,4.33333]
[-5.12,0,4.26667]
[-5.04,0,4.2]
[-4.96,0,4.13333]
[-4.88,0,4.06667]
[-4.8,0,4]
[-4.72,0,3.93333]
[-4.64,0,3.86667]
[-4.56,0,3.8]
[-4.48,0,3.73333]
[-4.4,0,3.66667]
[-4.32,0,3.6]
[-4.24,0,3.53333]
[-4.16,0,3.46667]
[-4.08,0,3.4]
[-4,0,3.33333]
[-3.92,0,3.26667]
[-3.84,0,3.2]
[-3.76,0,3.13333]
[-3.68,0,3.06667]
[-3.6,0,3]
[-3.52,0,2.93333]
[-3.44,0,2.86667]
[-3.36,0,2.8]
[-3.28,0,2.73333]
[-3.2,0,2.66667]
[-3.12,0,2.6]
[-3.04,0,2.53333]
[-2.96,0,2.46667]
[-2.88,0,2.4]
[-2.8,0,2.33333]
[-2.72,0,2.26667]
[-2.64,0,2.2]
[-2.56,0,2.13333]
[-2.48,0,2.06667]
[-2.4,0,2]
[-2.32,0,1.93333]
[-2.24,0,1.86667]
[-2.16,0,1.8]
[-2.08,0,1.73333]
[-2,0,1.66667]
[-1.92,0,1.6]
[-1.84,0,1.53333]
[-1.76,0,1.46667]
[-1.68,0,1.4]
[-1.6,0,1.33333]
[-1.52,0,1.26667]
[-1.44,0,1.2]
[-1.36,0,1.13333]
[-1.28,0,1.06667]
[-1.2,0,1]
[-1.12,0,0.933333]
[-1.04,0,0.866667]
[-0.96,0,0.8]
[-0.88,0,0.733333]
[-0.8,0,0.666667]
[-0.72,0,0.6]
[-0.64,0,0.533333]
[-0.56,0,0.466667]
[-0.48,0,0.4]
[-0.4,0,0.333333]
[-0.32,0,0.266667]
[-0.24,0,0.2]
[-0.16,0,0.133333]
[-0.08,0,0.0666667]
[0,0,0]
[1,0,0,0]
[1,0,0,0]
[1,0,0,0]
[1,0,0,0]
[1,0,0,0]
[1,0,0,0]
[1,0,0,0]
[1,0,0,0]
[1,0,0,0]
[1,0,0,0]
[1,0,0,0]
[1,0,0,0]
[1,0,0,0]
[1,0,0,0]
[1,0,0,0]
[1,0,0,0]
[1,0,0,0]
[1,0,0,0]
[1,0,0,0]
[1,0,0,0]
[1,0,0,0]
[1,0,0,0]
[1,0,0,0]
[1,0,0,0]
[1,0,0,0]
[1,0,0,0]
[1,0,0,0]
[1,0,0,0]
[1,0,0,0]
[1,0,0,0]
[1,0,0,0]
[1,0,0,0]
[1,0,0,0]
[1,0,0,0]
[1,0,0,0]
[1,0,0,0]
[1,0,0,0]
[1,0,0,0]
[1,0,0,0]
[1,0,0,0]
[1,0,0,0]
[1,0,0,0]
[1,0,0,0]
[1,0,0,0]
[1,0,0,0]
[1,0,0,0]
[1,0,0,0]
[1,0,0,0]
[1,0,0,0]
[1,0,0,0]
[1,0,0,0]
[1,0,0,0]
[1,0,0,0]
[1,0,0,0]
[1,0,0,0]
[1,0,0,0]
[1,0,0,0]
[1,0,0,0]
[1,0,0,0]
[1,0,0,0]
[1,0,0,0]
[1,0,0,0]
[1,0,0,0]
[1,0,0,0]
[1,0,0,0]
[1,0,0,0]
[1,0,0,0]
[1,0,0,0]
[1,0,0,0]
[1,0,0,0]
[1,0,0,0]
[1,0,0,0]
[1,0,0,0]
[1,0,0,0]
[1,0,0,0]
[1,0,0,0]
[1,0,0,0]
[1,0,0,0]
[1,0,0,0]
[1,0,0,0]
[1,0,0,0]
[1,0,0,0]
[1,0,0,0]
[1,0,0,0]
[1,0,0,0]
[1,0,0,0]
[1,0,0,0]
[1,0,0,0]
[1,0,0,0]
[1,0,0,0]
[1,0,0,0]
[1,0,0,0]
[1,0,0,0]
[1,0,0,0]
[1,0,0,0]
[1,0,0,0]
[1,0,0,0]
[1,0,0,0]
[1,0,0,0]
[1,0,0,0]
[1,0,0,0]
[1,0,0,0]
[1,0,0,0]
[1,0,0,0]
[1,0,0,0]
[1,0,0,0]
[1,0,0,0]
[1,0,0,0]
[1,0,0,0]
[1,0,0,0]
[1,0,0,0]
[1,0,0,0]
[1,0,0,0]
[1,0,0,0]
[1,0,0,0]
[1,0,0,0]
[1,0,0,0]
[1,0,0,0]
[1,0,0,0]
[1,0,0,0]
[1,0,0,0]
[1,0,0,0]
[1,0,0,0]
[1,0,0,0]
[1,0,0,0]
[1,0,0,0]
[1,0,0,0]
[1,0,0,0]
[1,0,0,0]
[1,0,0,0]
[1,0,0,0]
[1,0,0,0]
[1,0,0,0]
[1,0,0,0]
[1,0,0,0]
[1,0,0,0]
[1,0,0,0]
[1,0,0,0]
[1,0,0,0]
[1,0,0,0]
[1,0,0,0]
[1,0,0,0]
[1,0,0,0]
[1,0,0,0]
[1,0,0,0]
[1,0,0,0]
[1,0,0,0]
[1,0,0,0]
[1,0,0,0]
[1,0,0,0]
