1040
10
[-2.99712,0,0]
[-2.99423,0,0]
[-2.99135,0,0]
[-2.98846,0,0]
[-2.98558,0,0]
[-2.98269,0,0]
[-2.97981,0,0]
[-2.97692,0,0]
[-2.97404,0,0]
[-2.97115,0,0]
[-2.96827,0,0]
[-2.96538,0,0]
[-2.9625,0,0]
[-2.95962,0,0]
[-2.95673,0,0]
[-2.95385,0,0]
[-2.95096,0,0]
[-2.94808,0,0]
[-2.94519,0,0]
[-2.94231,0,0]
[-2.93942,0,0]
[-2.93654,0,0]
[-2.93365,0,0]
[-2.93077,0,0]
[-2.92788,0,0]
[-2.925,0,0]
[-2.92212,0,0]
[-2.91923,0,0]
[-2.91635,0,0]
[-2.91346,0,0]
[-2.91058,0,0]
[-2.90769,0,0]
[-2.90481,0,0]
[-2.90192,0,0]
[-2.89904,0,0]
[-2.89615,0,0]
[-2.89327,0,0]
[-2.89038,0,0]
[-2.8875,0,0]
[-2.88462,0,0]
[-2.88173,0,0]
[-2.87885,0,0]
[-2.87596,0,0]
[-2.87308,0,0]
[-2.87019,0,0]
[-2.86731,0,0]
[-2.86442,0,0]
[-2.86154,0,0]
[-2.85865,0,0]
[-2.85577,0,0]
[-2.85288,0,0]
[-2.85,0,0]
[-2.84712,0,0]
[-2.84423,0,0]
[-2.84135,0,0]
[-2.83846,0,0]
[-2.83558,0,0]
[-2.83269,0,0]
[-2.82981,0,0]
[-2.82692,0,0]
[-2.82404,0,0]
[-2.82115,0,0]
[-2.81827,0,0]
[-2.81538,0,0]
[-2.8125,0,0]
[-2.80962,0,0]
[-2.80673,0,0]
[-2.80385,0,0]
[-2.80096,0,0]
[-2.79808,0,0]
[-2.79519,0,0]
[-2.79231,0,0]
[-2.78942,0,0]
[-2.78654,0,0]
[-2.78365,0,0]
[-2.78077,0,0]
[-2.77788,0,0]
[-2.775,0,0]
[-2.77212,0,0]
[-2.76923,0,0]
[-2.76635,0,0]
[-2.76346,0,0]
[-2.76058,0,0]
[-2.75769,0,0]
[-2.75481,0,0]
[-2.75192,0,0]
[-2.74904,0,0]
[-2.74615,0,0]
[-2.74327,0,0]
[-2.74038,0,0]
[-2.7375,0,0]
[-2.73462,0,0]
[-2.73173,0,0]
[-2.72885,0,0]
[-2.72596,0,0]
[-2.72308,0,0]
[-2.72019,0,0]
[-2.71731,0,0]
[-2.71442,0,0]
[-2.71154,0,0]
[-2.70865,0,0]
[-2.70577,0,0]
[-2.70288,0,0]
[-2.7,0,0]
[-2.69712,0,0]
[-2.69423,0,0]
[-2.69135,0,0]
[-2.68846,0,0]
[-2.68558,0,0]
[-2.68269,0,0]
[-2.67981,0,0]
[-2.67692,0,0]
[-2.67404,0,0]
[-2.67115,0,0]
[-2.66827,0,0]
[-2.66538,0,0]
[-2.6625,0,0]
[-2.65962,0,0]
[-2.65673,0,0]
[-2.65385,0,0]
[-2.65096,0,0]
[-2.64808,0,0]
[-2.64519,0,0]
[-2.64231,0,0]
[-2.63942,0,0]
[-2.63654,0,0]
[-2.63365,0,0]
[-2.63077,0,0]
[-2.62788,0,0]
[-2.625,0,0]
[-2.62212,0,0]
[-2.61923,0,0]
[-2.61635,0,0]
[-2.61346,0,0]
[-2.61058,0,0]
[-2.60769,0,0]
[-2.60481,0,0]
[-2.60192,0,0]
[-2.59904,0,0]
[-2.59615,0,0]
[-2.59327,0,0]
[-2.59038,0,0]
[-2.5875,0,0]
[-2.58462,0,0]
[-2.58173,0,0]
[-2.57885,0,0]
[-2.57596,0,0]
[-2.57308,0,0]
[-2.57019,0,0]
[-2.56731,0,0]
[-2.56442,0,0]
[-2.56154,0,0]
[-2.55865,0,0]
[-2.55577,0,0]
[-2.55288,0,0]
[-2.55,0,0]
[-2.54712,0,0]
[-2.54423,0,0]
[-2.54135,0,0]
[-2.53846,0,0]
[-2.53558,0,0]
[-2.53269,0,0]
[-2.52981,0,0]
[-2.52692,0,0]
[-2.52404,0,0]
[-2.52115,0,0]
[-2.51827,0,0]
[-2.51538,0,0]
[-2.5125,0,0]
[-2.50962,0,0]
[-2.50673,0,0]
[-2.50385,0,0]
[-2.50096,0,0]
[-2.49808,0,0]
[-2.49519,0,0]
[-2.49231,0,0]
[-2.48942,0,0]
[-2.48654,0,0]
[-2.48365,0,0]
[-2.48077,0,0]
[-2.47788,0,0]
[-2.475,0,0]
[-2.47212,0,0]
[-2.46923,0,0]
[-2.46635,0,0]
[-2.46346,0,0]
[-2.46058,0,0]
[-2.45769,0,0]
[-2.45481,0,0]
[-2.45192,0,0]
[-2.44904,0,0]
[-2.44615,0,0]
[-2.44327,0,0]
[-2.44038,0,0]
[-2.4375,0,0]
[-2.43462,0,0]
[-2.43173,0,0]
[-2.42885,0,0]
[-2.42596,0,0]
[-2.42308,0,0]
[-2.42019,0,0]
[-2.41731,0,0]
[-2.41442,0,0]
[-2.41154,0,0]
[-2.40865,0,0]
[-2.40577,0,0]
[-2.40288,0,0]
[-2.4,0,0]
[-2.39712,0,0]
[-2.39423,0,0]
[-2.39135,0,0]
[-2.38846,0,0]
[-2.38558,0,0]
[-2.38269,0,0]
[-2.37981,0,0]
[-2.37692,0,0]
[-2.37404,0,0]
[-2.37115,0,0]
[-2.36827,0,0]
[-2.36538,0,0]
[-2.3625,0,0]
[-2.35962,0,0]
[-2.35673,0,0]
[-2.35385,0,0]
[-2.35096,0,0]
[-2.34808,0,0]
[-2.34519,0,0]
[-2.34231,0,0]
[-2.33942,0,0]
[-2.33654,0,0]
[-2.33365,0,0]
[-2.33077,0,0]
[-2.32788,0,0]
[-2.325,0,0]
[-2.32212,0,0]
[-2.31923,0,0]
[-2.31635,0,0]
[-2.31346,0,0]
[-2.31058,0,0]
[-2.30769,0,0]
[-2.30481,0,0]
[-2.30192,0,0]
[-2.29904,0,0]
[-2.29615,0,0]
[-2.29327,0,0]
[-2.29038,0,0]
[-2.2875,0,0]
[-2.28462,0,0]
[-2.28173,0,0]
[-2.27885,0,0]
[-2.27596,0,0]
[-2.27308,0,0]
[-2.27019,0,0]
[-2.26731,0,0]
[-2.26442,0,0]
[-2.26154,0,0]
[-2.25865,0,0]
[-2.25577,0,0]
[-2.25288,0,0]
[-2.25,0,0]
[-2.24712,0,0]
[-2.24423,0,0]
[-2.24135,0,0]
[-2.23846,0,0]
[-2.23558,0,0]
[-2.23269,0,0]
[-2.22981,0,0]
[-2.22692,0,0]
[-2.22404,0,0]
[-2.22115,0,0]
[-2.21827,0,0]
[-2.21538,0,0]
[-2.2125,0,0]
[-2.20962,0,0]
[-2.20673,0,0]
[-2.20385,0,0]
[-2.20096,0,0]
[-2.19808,0,0]
[-2.19519,0,0]
[-2.19231,0,0]
[-2.18942,0,0]
[-2.18654,0,0]
[-2.18365,0,0]
[-2.18077,0,0]
[-2.17788,0,0]
[-2.175,0,0]
[-2.17212,0,0]
[-2.16923,0,0]
[-2.16635,0,0]
[-2.16346,0,0]
[-2.16058,0,0]
[-2.15769,0,0]
[-2.15481,0,0]
[-2.15192,0,0]
[-2.14904,0,0]
[-2.14615,0,0]
[-2.14327,0,0]
[-2.14038,0,0]
[-2.1375,0,0]
[-2.13462,0,0]
[-2.13173,0,0]
[-2.12885,0,0]
[-2.12596,0,0]
[-2.12308,0,0]
[-2.12019,0,0]
[-2.11731,0,0]
[-2.11442,0,0]
[-2.11154,0,0]
[-2.10865,0,0]
[-2.10577,0,0]
[-2.10288,0,0]
[-2.1,0,0]
[-2.09712,0,0]
[-2.09423,0,0]
[-2.09135,0,0]
[-2.08846,0,0]
[-2.08558,0,0]
[-2.08269,0,0]
[-2.07981,0,0]
[-2.07692,0,0]
[-2.07404,0,0]
[-2.07115,0,0]
[-2.06827,0,0]
[-2.06538,0,0]
[-2.0625,0,0]
[-2.05962,0,0]
[-2.05673,0,0]
[-2.05385,0,0]
[-2.05096,0,0]
[-2.04808,0,0]
[-2.04519,0,0]
[-2.04231,0,0]
[-2.03942,0,0]
[-2.03654,0,0]
[-2.03365,0,0]
[-2.03077,0,0]
[-2.02788,0,0]
[-2.025,0,0]
[-2.02212,0,0]
[-2.01923,0,0]
[-2.01635,0,0]
[-2.01346,0,0]
[-2.01058,0,0]
[-2.00769,0,0]
[-2.00481,0,0]
[-2.00192,0,0]
[-1.99904,0,0]
[-1.99615,0,0]
[-1.99327,0,0]
[-1.99038,0,0]
[-1.9875,0,0]
[-1.98462,0,0]
[-1.98173,0,0]
[-1.97885,0,0]
[-1.97596,0,0]
[-1.97308,0,0]
[-1.97019,0,0]
[-1.96731,0,0]
[-1.96442,0,0]
[-1.96154,0,0]
[-1.95865,0,0]
[-1.95577,0,0]
[-1.95288,0,0]
[-1.95,0,0]
[-1.94712,0,0]
[-1.94423,0,0]
[-1.94135,0,0]
[-1.93846,0,0]
[-1.93558,0,0]
[-1.93269,0,0]
[-1.92981,0,0]
[-1.92692,0,0]
[-1.92404,0,0]
[-1.92115,0,0]
[-1.91827,0,0]
[-1.91538,0,0]
[-1.9125,0,0]
[-1.90962,0,0]
[-1.90673,0,0]
[-1.90385,0,0]
[-1.90096,0,0]
[-1.89808,0,0]
[-1.89519,0,0]
[-1.89231,0,0]
[-1.88942,0,0]
[-1.88654,0,0]
[-1.88365,0,0]
[-1.88077,0,0]
[-1.87788,0,0]
[-1.875,0,0]
[-1.87212,0,0]
[-1.86923,0,0]
[-1.86635,0,0]
[-1.86346,0,0]
[-1.86058,0,0]
[-1.85769,0,0]
[-1.85481,0,0]
[-1.85192,0,0]
[-1.84904,0,0]
[-1.84615,0,0]
[-1.84327,0,0]
[-1.84038,0,0]
[-1.8375,0,0]
[-1.83462,0,0]
[-1.83173,0,0]
[-1.82885,0,0]
[-1.82596,0,0]
[-1.82308,0,0]
[-1.82019,0,0]
[-1.81731,0,0]
[-1.81442,0,0]
[-1.81154,0,0]
[-1.80865,0,0]
[-1.80577,0,0]
[-1.80288,0,0]
[-1.8,0,0]
[-1.79712,0,0]
[-1.79423,0,0]
[-1.79135,0,0]
[-1.78846,0,0]
[-1.78558,0,0]
[-1.78269,0,0]
[-1.77981,0,0]
[-1.77692,0,0]
[-1.77404,0,0]
[-1.77115,0,0]
[-1.76827,0,0]
[-1.76538,0,0]
[-1.7625,0,0]
[-1.75962,0,0]
[-1.75673,0,0]
[-1.75385,0,0]
[-1.75096,0,0]
[-1.74808,0,0]
[-1.74519,0,0]
[-1.74231,0,0]
[-1.73942,0,0]
[-1.73654,0,0]
[-1.73365,0,0]
[-1.73077,0,0]
[-1.72788,0,0]
[-1.725,0,0]
[-1.72212,0,0]
[-1.71923,0,0]
[-1.71635,0,0]
[-1.71346,0,0]
[-1.71058,0,0]
[-1.70769,0,0]
[-1.70481,0,0]
[-1.70192,0,0]
[-1.69904,0,0]
[-1.69615,0,0]
[-1.69327,0,0]
[-1.69038,0,0]
[-1.6875,0,0]
[-1.68462,0,0]
[-1.68173,0,0]
[-1.67885,0,0]
[-1.67596,0,0]
[-1.67308,0,0]
[-1.67019,0,0]
[-1.66731,0,0]
[-1.66442,0,0]
[-1.66154,0,0]
[-1.65865,0,0]
[-1.65577,0,0]
[-1.65288,0,0]
[-1.65,0,0]
[-1.64712,0,0]
[-1.64423,0,0]
[-1.64135,0,0]
[-1.63846,0,0]
[-1.63558,0,0]
[-1.63269,0,0]
[-1.62981,0,0]
[-1.62692,0,0]
[-1.62404,0,0]
[-1.62115,0,0]
[-1.61827,0,0]
[-1.61538,0,0]
[-1.6125,0,0]
[-1.60962,0,0]
[-1.60673,0,0]
[-1.60385,0,0]
[-1.60096,0,0]
[-1.59808,0,0]
[-1.59519,0,0]
[-1.59231,0,0]
[-1.58942,0,0]
[-1.58654,0,0]
[-1.58365,0,0]
[-1.58077,0,0]
[-1.57788,0,0]
[-1.575,0,0]
[-1.57212,0,0]
[-1.56923,0,0]
[-1.56635,0,0]
[-1.56346,0,0]
[-1.56058,0,0]
[-1.55769,0,0]
[-1.55481,0,0]
[-1.55192,0,0]
[-1.54904,0,0]
[-1.54615,0,0]
[-1.54327,0,0]
[-1.54038,0,0]
[-1.5375,0,0]
[-1.53462,0,0]
[-1.53173,0,0]
[-1.52885,0,0]
[-1.52596,0,0]
[-1.52308,0,0]
[-1.52019,0,0]
[-1.51731,0,0]
[-1.51442,0,0]
[-1.51154,0,0]
[-1.50865,0,0]
[-1.50577,0,0]
[-1.50288,0,0]
[-1.5,0,0]
[-1.49712,0,0]
[-1.49423,0,0]
[-1.49135,0,0]
[-1.48846,0,0]
[-1.48558,0,0]
[-1.48269,0,0]
[-1.47981,0,0]
[-1.47692,0,0]
[-1.47404,0,0]
[-1.47115,0,0]
[-1.46827,0,0]
[-1.46538,0,0]
[-1.4625,0,0]
[-1.45962,0,0]
[-1.45673,0,0]
[-1.45385,0,0]
[-1.45096,0,0]
[-1.44808,0,0]
[-1.44519,0,0]
[-1.44231,0,0]
[-1.43942,0,0]
[-1.43654,0,0]
[-1.43365,0,0]
[-1.43077,0,0]
[-1.42788,0,0]
[-1.425,0,0]
[-1.42212,0,0]
[-1.41923,0,0]
[-1.41635,0,0]
[-1.41346,0,0]
[-1.41058,0,0]
[-1.40769,0,0]
[-1.40481,0,0]
[-1.40192,0,0]
[-1.39904,0,0]
[-1.39615,0,0]
[-1.39327,0,0]
[-1.39038,0,0]
[-1.3875,0,0]
[-1.38462,0,0]
[-1.38173,0,0]
[-1.37885,0,0]
[-1.37596,0,0]
[-1.37308,0,0]
[-1.37019,0,0]
[-1.36731,0,0]
[-1.36442,0,0]
[-1.36154,0,0]
[-1.35865,0,0]
[-1.35577,0,0]
[-1.35288,0,0]
[-1.35,0,0]
[-1.34712,0,0]
[-1.34423,0,0]
[-1.34135,0,0]
[-1.33846,0,0]
[-1.33558,0,0]
[-1.33269,0,0]
[-1.32981,0,0]
[-1.32692,0,0]
[-1.32404,0,0]
[-1.32115,0,0]
[-1.31827,0,0]
[-1.31538,0,0]
[-1.3125,0,0]
[-1.30962,0,0]
[-1.30673,0,0]
[-1.30385,0,0]
[-1.30096,0,0]
[-1.29808,0,0]
[-1.29519,0,0]
[-1.29231,0,0]
[-1.28942,0,0]
[-1.28654,0,0]
[-1.28365,0,0]
[-1.28077,0,0]
[-1.27788,0,0]
[-1.275,0,0]
[-1.27212,0,0]
[-1.26923,0,0]
[-1.26635,0,0]
[-1.26346,0,0]
[-1.26058,0,0]
[-1.25769,0,0]
[-1.25481,0,0]
[-1.25192,0,0]
[-1.24904,0,0]
[-1.24615,0,0]
[-1.24327,0,0]
[-1.24038,0,0]
[-1.2375,0,0]
[-1.23462,0,0]
[-1.23173,0,0]
[-1.22885,0,0]
[-1.22596,0,0]
[-1.22308,0,0]
[-1.22019,0,0]
[-1.21731,0,0]
[-1.21442,0,0]
[-1.21154,0,0]
[-1.20865,0,0]
[-1.20577,0,0]
[-1.20288,0,0]
[-1.2,0,0]
[-1.19712,0,0]
[-1.19423,0,0]
[-1.19135,0,0]
[-1.18846,0,0]
[-1.18558,0,0]
[-1.18269,0,0]
[-1.17981,0,0]
[-1.17692,0,0]
[-1.17404,0,0]
[-1.17115,0,0]
[-1.16827,0,0]
[-1.16538,0,0]
[-1.1625,0,0]
[-1.15962,0,0]
[-1.15673,0,0]
[-1.15385,0,0]
[-1.15096,0,0]
[-1.14808,0,0]
[-1.14519,0,0]
[-1.14231,0,0]
[-1.13942,0,0]
[-1.13654,0,0]
[-1.13365,0,0]
[-1.13077,0,0]
[-1.12788,0,0]
[-1.125,0,0]
[-1.12212,0,0]
[-1.11923,0,0]
[-1.11635,0,0]
[-1.11346,0,0]
[-1.11058,0,0]
[-1.10769,0,0]
[-1.10481,0,0]
[-1.10192,0,0]
[-1.09904,0,0]
[-1.09615,0,0]
[-1.09327,0,0]
[-1.09038,0,0]
[-1.0875,0,0]
[-1.08462,0,0]
[-1.08173,0,0]
[-1.07885,0,0]
[-1.07596,0,0]
[-1.07308,0,0]
[-1.07019,0,0]
[-1.06731,0,0]
[-1.06442,0,0]
[-1.06154,0,0]
[-1.05865,0,0]
[-1.05577,0,0]
[-1.05288,0,0]
[-1.05,0,0]
[-1.04712,0,0]
[-1.04423,0,0]
[-1.04135,0,0]
[-1.03846,0,0]
[-1.03558,0,0]
[-1.03269,0,0]
[-1.02981,0,0]
[-1.02692,0,0]
[-1.02404,0,0]
[-1.02115,0,0]
[-1.01827,0,0]
[-1.01538,0,0]
[-1.0125,0,0]
[-1.00962,0,0]
[-1.00673,0,0]
[-1.00385,0,0]
[-1.00096,0,0]
[-0.998077,0,0]
[-0.995192,0,0]
[-0.992308,0,0]
[-0.989423,0,0]
[-0.986538,0,0]
[-0.983654,0,0]
[-0.980769,0,0]
[-0.977885,0,0]
[-0.975,0,0]
[-0.972115,0,0]
[-0.969231,0,0]
[-0.966346,0,0]
[-0.963462,0,0]
[-0.960577,0,0]
[-0.957692,0,0]
[-0.954808,0,0]
[-0.951923,0,0]
[-0.949038,0,0]
[-0.946154,0,0]
[-0.943269,0,0]
[-0.940385,0,0]
[-0.9375,0,0]
[-0.934615,0,0]
[-0.931731,0,0]
[-0.928846,0,0]
[-0.925962,0,0]
[-0.923077,0,0]
[-0.920192,0,0]
[-0.917308,0,0]
[-0.914423,0,0]
[-0.911538,0,0]
[-0.908654,0,0]
[-0.905769,0,0]
[-0.902885,0,0]
[-0.9,0,0]
[-0.897115,0,0]
[-0.894231,0,0]
[-0.891346,0,0]
[-0.888462,0,0]
[-0.885577,0,0]
[-0.882692,0,0]
[-0.879808,0,0]
[-0.876923,0,0]
[-0.874038,0,0]
[-0.871154,0,0]
[-0.868269,0,0]
[-0.865385,0,0]
[-0.8625,0,0]
[-0.859615,0,0]
[-0.856731,0,0]
[-0.853846,0,0]
[-0.850962,0,0]
[-0.848077,0,0]
[-0.845192,0,0]
[-0.842308,0,0]
[-0.839423,0,0]
[-0.836538,0,0]
[-0.833654,0,0]
[-0.830769,0,0]
[-0.827885,0,0]
[-0.825,0,0]
[-0.822115,0,0]
[-0.819231,0,0]
[-0.816346,0,0]
[-0.813462,0,0]
[-0.810577,0,0]
[-0.807692,0,0]
[-0.804808,0,0]
[-0.801923,0,0]
[-0.799038,0,0]
[-0.796154,0,0]
[-0.793269,0,0]
[-0.790385,0,0]
[-0.7875,0,0]
[-0.784615,0,0]
[-0.781731,0,0]
[-0.778846,0,0]
[-0.775962,0,0]
[-0.773077,0,0]
[-0.770192,0,0]
[-0.767308,0,0]
[-0.764423,0,0]
[-0.761538,0,0]
[-0.758654,0,0]
[-0.755769,0,0]
[-0.752885,0,0]
[-0.75,0,0]
[-0.747115,0,0]
[-0.744231,0,0]
[-0.741346,0,0]
[-0.738462,0,0]
[-0.735577,0,0]
[-0.732692,0,0]
[-0.729808,0,0]
[-0.726923,0,0]
[-0.724038,0,0]
[-0.721154,0,0]
[-0.718269,0,0]
[-0.715385,0,0]
[-0.7125,0,0]
[-0.709615,0,0]
[-0.706731,0,0]
[-0.703846,0,0]
[-0.700962,0,0]
[-0.698077,0,0]
[-0.695192,0,0]
[-0.692308,0,0]
[-0.689423,0,0]
[-0.686538,0,0]
[-0.683654,0,0]
[-0.680769,0,0]
[-0.677885,0,0]
[-0.675,0,0]
[-0.672115,0,0]
[-0.669231,0,0]
[-0.666346,0,0]
[-0.663462,0,0]
[-0.660577,0,0]
[-0.657692,0,0]
[-0.654808,0,0]
[-0.651923,0,0]
[-0.649038,0,0]
[-0.646154,0,0]
[-0.643269,0,0]
[-0.640385,0,0]
[-0.6375,0,0]
[-0.634615,0,0]
[-0.631731,0,0]
[-0.628846,0,0]
[-0.625962,0,0]
[-0.623077,0,0]
[-0.620192,0,0]
[-0.617308,0,0]
[-0.614423,0,0]
[-0.611538,0,0]
[-0.608654,0,0]
[-0.605769,0,0]
[-0.602885,0,0]
[-0.6,0,0]
[-0.597115,0,0]
[-0.594231,0,0]
[-0.591346,0,0]
[-0.588462,0,0]
[-0.585577,0,0]
[-0.582692,0,0]
[-0.579808,0,0]
[-0.576923,0,0]
[-0.574038,0,0]
[-0.571154,0,0]
[-0.568269,0,0]
[-0.565385,0,0]
[-0.5625,0,0]
[-0.559615,0,0]
[-0.556731,0,0]
[-0.553846,0,0]
[-0.550962,0,0]
[-0.548077,0,0]
[-0.545192,0,0]
[-0.542308,0,0]
[-0.539423,0,0]
[-0.536538,0,0]
[-0.533654,0,0]
[-0.530769,0,0]
[-0.527885,0,0]
[-0.525,0,0]
[-0.522115,0,0]
[-0.519231,0,0]
[-0.516346,0,0]
[-0.513462,0,0]
[-0.510577,0,0]
[-0.507692,0,0]
[-0.504808,0,0]
[-0.501923,0,0]
[-0.499038,0,0]
[-0.496154,0,0]
[-0.493269,0,0]
[-0.490385,0,0]
[-0.4875,0,0]
[-0.484615,0,0]
[-0.481731,0,0]
[-0.478846,0,0]
[-0.475962,0,0]
[-0.473077,0,0]
[-0.470192,0,0]
[-0.467308,0,0]
[-0.464423,0,0]
[-0.461538,0,0]
[-0.458654,0,0]
[-0.455769,0,0]
[-0.452885,0,0]
[-0.45,0,0]
[-0.447115,0,0]
[-0.444231,0,0]
[-0.441346,0,0]
[-0.438462,0,0]
[-0.435577,0,0]
[-0.432692,0,0]
[-0.429808,0,0]
[-0.426923,0,0]
[-0.424038,0,0]
[-0.421154,0,0]
[-0.418269,0,0]
[-0.415385,0,0]
[-0.4125,0,0]
[-0.409615,0,0]
[-0.406731,0,0]
[-0.403846,0,0]
[-0.400962,0,0]
[-0.398077,0,0]
[-0.395192,0,0]
[-0.392308,0,0]
[-0.389423,0,0]
[-0.386538,0,0]
[-0.383654,0,0]
[-0.380769,0,0]
[-0.377885,0,0]
[-0.375,0,0]
[-0.372115,0,0]
[-0.369231,0,0]
[-0.366346,0,0]
[-0.363462,0,0]
[-0.360577,0,0]
[-0.357692,0,0]
[-0.354808,0,0]
[-0.351923,0,0]
[-0.349038,0,0]
[-0.346154,0,0]
[-0.343269,0,0]
[-0.340385,0,0]
[-0.3375,0,0]
[-0.334615,0,0]
[-0.331731,0,0]
[-0.328846,0,0]
[-0.325962,0,0]
[-0.323077,0,0]
[-0.320192,0,0]
[-0.317308,0,0]
[-0.314423,0,0]
[-0.311538,0,0]
[-0.308654,0,0]
[-0.305769,0,0]
[-0.302885,0,0]
[-0.3,0,0]
[-0.297115,0,0]
[-0.294231,0,0]
[-0.291346,0,0]
[-0.288462,0,0]
[-0.285577,0,0]
[-0.282692,0,0]
[-0.279808,0,0]
[-0.276923,0,0]
[-0.274038,0,0]
[-0.271154,0,0]
[-0.268269,0,0]
[-0.265385,0,0]
[-0.2625,0,0]
[-0.259615,0,0]
[-0.256731,0,0]
[-0.253846,0,0]
[-0.250962,0,0]
[-0.248077,0,0]
[-0.245192,0,0]
[-0.242308,0,0]
[-0.239423,0,0]
[-0.236538,0,0]
[-0.233654,0,0]
[-0.230769,0,0]
[-0.227885,0,0]
[-0.225,0,0]
[-0.222115,0,0]
[-0.219231,0,0]
[-0.216346,0,0]
[-0.213462,0,0]
[-0.210577,0,0]
[-0.207692,0,0]
[-0.204808,0,0]
[-0.201923,0,0]
[-0.199038,0,0]
[-0.196154,0,0]
[-0.193269,0,0]
[-0.190385,0,0]
[-0.1875,0,0]
[-0.184615,0,0]
[-0.181731,0,0]
[-0.178846,0,0]
[-0.175962,0,0]
[-0.173077,0,0]
[-0.170192,0,0]
[-0.167308,0,0]
[-0.164423,0,0]
[-0.161538,0,0]
[-0.158654,0,0]
[-0.155769,0,0]
[-0.152885,0,0]
[-0.15,0,0]
[-0.147115,0,0]
[-0.144231,0,0]
[-0.141346,0,0]
[-0.138462,0,0]
[-0.135577,0,0]
[-0.132692,0,0]
[-0.129808,0,0]
[-0.126923,0,0]
[-0.124038,0,0]
[-0.121154,0,0]
[-0.118269,0,0]
[-0.115385,0,0]
[-0.1125,0,0]
[-0.109615,0,0]
[-0.106731,0,0]
[-0.103846,0,0]
[-0.100962,0,0]
[-0.0980769,0,0]
[-0.0951923,0,0]
[-0.0923077,0,0]
[-0.0894231,0,0]
[-0.0865385,0,0]
[-0.0836538,0,0]
[-0.0807692,0,0]
[-0.0778846,0,0]
[-0.075,0,0]
[-0.0721154,0,0]
[-0.0692308,0,0]
[-0.0663462,0,0]
[-0.0634615,0,0]
[-0.0605769,0,0]
[-0.0576923,0,0]
[-0.0548077,0,0]
[-0.0519231,0,0]
[-0.0490385,0,0]
[-0.0461538,0,0]
[-0.0432692,0,0]
[-0.0403846,0,0]
[-0.0375,0,0]
[-0.0346154,0,0]
[-0.0317308,0,0]
[-0.0288462,0,0]
[-0.0259615,0,0]
[-0.0230769,0,0]
[-0.0201923,0,0]
[-0.0173077,0,0]
[-0.0144231,0,0]
[-0.0115385,0,0]
[-0.00865385,0,0]
[-0.00576923,0,0]
[-0.00288462,0,0]
[0,0,0]
[1,0,0,0]
[1,0,0,0]
[1,0,0,0]
[1,0,0,0]
[1,0,0,0]
[1,0,0,0]
[1,0,0,0]
[1,0,0,0]
[1,0,0,0]
[1,0,0,0]
[1,0,0,0]
[1,0,0,0]
[1,0,0,0]
[1,0,0,0]
[1,0,0,0]
[1,0,0,0]
[1,0,0,0]
[1,0,0,0]
[1,0,0,0]
[1,0,0,0]
[1,0,0,0]
[1,0,0,0]
[1,0,0,0]
[1,0,0,0]
[1,0,0,0]
[1,0,0,0]
[1,0,0,0]
[1,0,0,0]
[1,0,0,0]
[1,0,0,0]
[1,0,0,0]
[1,0,0,0]
[1,0,0,0]
[1,0,0,0]
[1,0,0,0]
[1,0,0,0]
[1,0,0,0]
[1,0,0,0]
[1,0,0,0]
[1,0,0,0]
[1,0,0,0]
[1,0,0,0]
[1,0,0,0]
[1,0,0,0]
[1,0,0,0]
[1,0,0,0]
[1,0,0,0]
[1,0,0,0]
[1,0,0,0]
[1,0,0,0]
[1,0,0,0]
[1,0,0,0]
[1,0,0,0]
[1,0,0,0]
[1,0,0,0]
[1,0,0,0]
[1,0,0,0]
[1,0,0,0]
[1,0,0,0]
[1,0,0,0]
[1,0,0,0]
[1,0,0,0]
[1,0,0,0]
[1,0,0,0]
[1,0,0,0]
[1,0,0,0]
[1,0,0,0]
[1,0,0,0]
[1,0,0,0]
[1,0,0,0]
[1,0,0,0]
[1,0,0,0]
[1,0,0,0]
[1,0,0,0]
[1,0,0,0]
[1,0,0,0]
[1,0,0,0]
[1,0,0,0]
[1,0,0,0]
[1,0,0,0]
[1,0,0,0]
[1,0,0,0]
[1,0,0,0]
[1,0,0,0]
[1,0,0,0]
[1,0,0,0]
[1,0,0,0]
[1,0,0,0]
[1,0,0,0]
[1,0,0,0]
[1,0,0,0]
[1,0,0,0]
[1,0,0,0]
[1,0,0,0]
[1,0,0,0]
[1,0,0,0]
[1,0,0,0]
[1,0,0,0]
[1,0,0,0]
[1,0,0,0]
[1,0,0,0]
[1,0,0,0]
[1,0,0,0]
[1,0,0,0]
[1,0,0,0]
[1,0,0,0]
[1,0,0,0]
[1,0,0,0]
[1,0,0,0]
[1,0,0,0]
[1,0,0,0]
[1,0,0,0]
[1,0,0,0]
[1,0,0,0]
[1,0,0,0]
[1,0,0,0]
[1,0,0,0]
[1,0,0,0]
[1,0,0,0]
[1,0,0,0]
[1,0,0,0]
[1,0,0,0]
[1,0,0,0]
[1,0,0,0]
[1,0,0,0]
[1,0,0,0]
[1,0,0,0]
[1,0,0,0]
[1,0,0,0]
[1,0,0,0]
[1,0,0,0]
[1,0,0,0]
[1,0,0,0]
[1,0,0,0]
[1,0,0,0]
[1,0,0,0]
[1,0,0,0]
[1,0,0,0]
[1,0,0,0]
[1,0,0,0]
[1,0,0,0]
[1,0,0,0]
[1,0,0,0]
[1,0,0,0]
[1,0,0,0]
[1,0,0,0]
[1,0,0,0]
[1,0,0,0]
[1,0,0,0]
[1,0,0,0]
[1,0,0,0]
[1,0,0,0]
[1,0,0,0]
[1,0,0,0]
[1,0,0,0]
[1,0,0,0]
[1,0,0,0]
[1,0,0,0]
[1,0,0,0]
[1,0,0,0]
[1,0,0,0]
[1,0,0,0]
[1,0,0,0]
[1,0,0,0]
[1,0,0,0]
[1,0,0,0]
[1,0,0,0]
[1,0,0,0]
[1,0,0,0]
[1,0,0,0]
[1,0,0,0]
[1,0,0,0]
[1,0,0,0]
[1,0,0,0]
[1,0,0,0]
[1,0,0,0]
[1,0,0,0]
[1,0,0,0]
[1,0,0,0]
[1,0,0,0]
[1,0,0,0]
[1,0,0,0]
[1,0,0,0]
[1,0,0,0]
[1,0,0,0]
[1,0,0,0]
[1,0,0,0]
[1,0,0,0]
[1,0,0,0]
[1,0,0,0]
[1,0,0,0]
[1,0,0,0]
[1,0,0,0]
[1,0,0,0]
[1,0,0,0]
[1,0,0,0]
[1,0,0,0]
[1,0,0,0]
[1,0,0,0]
[1,0,0,0]
[1,0,0,0]
[1,0,0,0]
[1,0,0,0]
[1,0,0,0]
[1,0,0,0]
[1,0,0,0]
[1,0,0,0]
[1,0,0,0]
[1,0,0,0]
[1,0,0,0]
[1,0,0,0]
[1,0,0,0]
[1,0,0,0]
[1,0,0,0]
[1,0,0,0]
[1,0,0,0]
[1,0,0,0]
[1,0,0,0]
[1,0,0,0]
[1,0,0,0]
[1,0,0,0]
[1,0,0,0]
[1,0,0,0]
[1,0,0,0]
[1,0,0,0]
[1,0,0,0]
[1,0,0,0]
[1,0,0,0]
[1,0,0,0]
[1,0,0,0]
[1,0,0,0]
[1,0,0,0]
[1,0,0,0]
[1,0,0,0]
[1,0,0,0]
[1,0,0,0]
[1,0,0,0]
[1,0,0,0]
[1,0,0,0]
[1,0,0,0]
[1,0,0,0]
[1,0,0,0]
[1,0,0,0]
[1,0,0,0]
[1,0,0,0]
[1,0,0,0]
[1,0,0,0]
[1,0,0,0]
[1,0,0,0]
[1,0,0,0]
[1,0,0,0]
[1,0,0,0]
[1,0,0,0]
[1,0,0,0]
[1,0,0,0]
[1,0,0,0]
[1,0,0,0]
[1,0,0,0]
[1,0,0,0]
[1,0,0,0]
[1,0,0,0]
[1,0,0,0]
[1,0,0,0]
[1,0,0,0]
[1,0,0,0]
[1,0,0,0]
[1,0,0,0]
[1,0,0,0]
[1,0,0,0]
[1,0,0,0]
[1,0,0,0]
[1,0,0,0]
[1,0,0,0]
[1,0,0,0]
[1,0,0,0]
[1,0,0,0]
[1,0,0,0]
[1,0,0,0]
[1,0,0,0]
[1,0,0,0]
[1,0,0,0]
[1,0,0,0]
[1,0,0,0]
[1,0,0,0]
[1,0,0,0]
[1,0,0,0]
[1,0,0,0]
[1,0,0,0]
[1,0,0,0]
[1,0,0,0]
[1,0,0,0]
[1,0,0,0]
[1,0,0,0]
[1,0,0,0]
[1,0,0,0]
[1,0,0,0]
[1,0,0,0]
[1,0,0,0]
[1,0,0,0]
[1,0,0,0]
[1,0,0,0]
[1,0,0,0]
[1,0,0,0]
[1,0,0,0]
[1,0,0,0]
[1,0,0,0]
[1,0,0,0]
[1,0,0,0]
[1,0,0,0]
[1,0,0,0]
[1,0,0,0]
[1,0,0,0]
[1,0,0,0]
[1,0,0,0]
[1,0,0,0]
[1,0,0,0]
[1,0,0,0]
[1,0,0,0]
[1,0,0,0]
[1,0,0,0]
[1,0,0,0]
[1,0,0,0]
[1,0,0,0]
[1,0,0,0]
[1,0,0,0]
[1,0,0,0]
[1,0,0,0]
[1,0,0,0]
[1,0,0,0]
[1,0,0,0]
[1,0,0,0]
[1,0,0,0]
[1,0,0,0]
[1,0,0,0]
[1,0,0,0]
[1,0,0,0]
[1,0,0,0]
[1,0,0,0]
[1,0,0,0]
[1,0,0,0]
[1,0,0,0]
[1,0,0,0]
[1,0,0,0]
[1,0,0,0]
[1,0,0,0]
[1,0,0,0]
[1,0,0,0]
[1,0,0,0]
[1,0,0,0]
[1,0,0,0]
[1,0,0,0]
[1,0,0,0]
[1,0,0,0]
[1,0,0,0]
[1,0,0,0]
[1,0,0,0]
[1,0,0,0]
[1,0,0,0]
[1,0,0,0]
[1,0,0,0]
[1,0,0,0]
[1,0,0,0]
[1,0,0,0]
[1,0,0,0]
[1,0,0,0]
[1,0,0,0]
[1,0,0,0]
[1,0,0,0]
[1,0,0,0]
[1,0,0,0]
[1,0,0,0]
[1,0,0,0]
[1,0,0,0]
[1,0,0,0]
[1,0,0,0]
[1,0,0,0]
[1,0,0,0]
[1,0,0,0]
[1,0,0,0]
[1,0,0,0]
[1,0,0,0]
[1,0,0,0]
[1,0,0,0]
[1,0,0,0]
[1,0,0,0]
[1,0,0,0]
[1,0,0,0]
[1,0,0,0]
[1,0,0,0]
[1,0,0,0]
[1,0,0,0]
[1,0,0,0]
[1,0,0,0]
[1,0,0,0]
[1,0,0,0]
[1,0,0,0]
[1,0,0,0]
[1,0,0,0]
[1,0,0,0]
[1,0,0,0]
[1,0,0,0]
[1,0,0,0]
[1,0,0,0]
[1,0,0,0]
[1,0,0,0]
[1,0,0,0]
[1,0,0,0]
[1,0,0,0]
[1,0,0,0]
[1,0,0,0]
[1,0,0,0]
[1,0,0,0]
[1,0,0,0]
[1,0,0,0]
[1,0,0,0]
[1,0,0,0]
[1,0,0,0]
[1,0,0,0]
[1,0,0,0]
[1,0,0,0]
[1,0,0,0]
[1,0,0,0]
[1,0,0,0]
[1,0,0,0]
[1,0,0,0]
[1,0,0,0]
[1,0,0,0]
[1,0,0,0]
[1,0,0,0]
[1,0,0,0]
[1,0,0,0]
[1,0,0,0]
[1,0,0,0]
[1,0,0,0]
[1,0,0,0]
[1,0,0,0]
[1,0,0,0]
[1,0,0,0]
[1,0,0,0]
[1,0,0,0]
[1,0,0,0]
[1,0,0,0]
[1,0,0,0]
[1,0,0,0]
[1,0,0,0]
[1,0,0,0]
[1,0,0,0]
[1,0,0,0]
[1,0,0,0]
[1,0,0,0]
[1,0,0,0]
[1,0,0,0]
[1,0,0,0]
[1,0,0,0]
[1,0,0,0]
[1,0,0,0]
[1,0,0,0]
[1,0,0,0]
[1,0,0,0]
[1,0,0,0]
[1,0,0,0]
[1,0,0,0]
[1,0,0,0]
[1,0,0,0]
[1,0,0,0]
[1,0,0,0]
[1,0,0,0]
[1,0,0,0]
[1,0,0,0]
[1,0,0,0]
[1,0,0,0]
[1,0,0,0]
[1,0,0,0]
[1,0,0,0]
[1,0,0,0]
[1,0,0,0]
[1,0,0,0]
[1,0,0,0]
[1,0,0,0]
[1,0,0,0]
[1,0,0,0]
[1,0,0,0]
[1,0,0,0]
[1,0,0,0]
[1,0,0,0]
[1,0,0,0]
[1,0,0,0]
[1,0,0,0]
[1,0,0,0]
[1,0,0,0]
[1,0,0,0]
[1,0,0,0]
[1,0,0,0]
[1,0,0,0]
[1,0,0,0]
[1,0,0,0]
[1,0,0,0]
[1,0,0,0]
[1,0,0,0]
[1,0,0,0]
[1,0,0,0]
[1,0,0,0]
[1,0,0,0]
[1,0,0,0]
[1,0,0,0]
[1,0,0,0]
[1,0,0,0]
[1,0,0,0]
[1,0,0,0]
[1,0,0,0]
[1,0,0,0]
[1,0,0,0]
[1,0,0,0]
[1,0,0,0]
[1,0,0,0]
[1,0,0,0]
[1,0,0,0]
[1,0,0,0]
[1,0,0,0]
[1,0,0,0]
[1,0,0,0]
[1,0,0,0]
[1,0,0,0]
[1,0,0,0]
[1,0,0,0]
[1,0,0,0]
[1,0,0,0]
[1,0,0,0]
[1,0,0,0]
[1,0,0,0]
[1,0,0,0]
[1,0,0,0]
[1,0,0,0]
[1,0,0,0]
[1,0,0,0]
[1,0,0,0]
[1,0,0,0]
[1,0,0,0]
[1,0,0,0]
[1,0,0,0]
[1,0,0,0]
[1,0,0,0]
[1,0,0,0]
[1,0,0,0]
[1,0,0,0]
[1,0,0,0]
[1,0,0,0]
[1,0,0,0]
[1,0,0,0]
[1,0,0,0]
[1,0,0,0]
[1,0,0,0]
[1,0,0,0]
[1,0,0,0]
[1,0,0,0]
[1,0,0,0]
[1,0,0,0]
[1,0,0,0]
[1,0,0,0]
[1,0,0,0]
[1,0,0,0]
[1,0,0,0]
[1,0,0,0]
[1,0,0,0]
[1,0,0,0]
[1,0,0,0]
[1,0,0,0]
[1,0,0,0]
[1,0,0,0]
[1,0,0,0]
[1,0,0,0]
[1,0,0,0]
[1,0,0,0]
[1,0,0,0]
[1,0,0,0]
[1,0,0,0]
[1,0,0,0]
[1,0,0,0]
[1,0,0,0]
[1,0,0,0]
[1,0,0,0]
[1,0,0,0]
[1,0,0,0]
[1,0,0,0]
[1,0,0,0]
[1,0,0,0]
[1,0,0,0]
[1,0,0,0]
[1,0,0,0]
[1,0,0,0]
[1,0,0,0]
[1,0,0,0]
[1,0,0,0]
[1,0,0,0]
[1,0,0,0]
[1,0,0,0]
[1,0,0,0]
[1,0,0,0]
[1,0,0,0]
[1,0,0,0]
[1,0,0,0]
[1,0,0,0]
[1,0,0,0]
[1,0,0,0]
[1,0,0,0]
[1,0,0,0]
[1,0,0,0]
[1,0,0,0]
[1,0,0,0]
[1,0,0,0]
[1,0,0,0]
[1,0,0,0]
[1,0,0,0]
[1,0,0,0]
[1,0,0,0]
[1,0,0,0]
[1,0,0,0]
[1,0,0,0]
[1,0,0,0]
[1,0,0,0]
[1,0,0,0]
[1,0,0,0]
[1,0,0,0]
[1,0,0,0]
[1,0,0,0]
[1,0,0,0]
[1,0,0,0]
[1,0,0,0]
[1,0,0,0]
[1,0,0,0]
[1,0,0,0]
[1,0,0,0]
[1,0,0,0]
[1,0,0,0]
[1,0,0,0]
[1,0,0,0]
[1,0,0,0]
[1,0,0,0]
[1,0,0,0]
[1,0,0,0]
[1,0,0,0]
[1,0,0,0]
[1,0,0,0]
[1,0,0,0]
[1,0,0,0]
[1,0,0,0]
[1,0,0,0]
[1,0,0,0]
[1,0,0,0]
[1,0,0,0]
[1,0,0,0]
[1,0,0,0]
[1,0,0,0]
[1,0,0,0]
[1,0,0,0]
[1,0,0,0]
[1,0,0,0]
[1,0,0,0]
[1,0,0,0]
[1,0,0,0]
[1,0,0,0]
[1,0,0,0]
[1,0,0,0]
[1,0,0,0]
[1,0,0,0]
[1,0,0,0]
[1,0,0,0]
[1,0,0,0]
[1,0,0,0]
[1,0,0,0]
[1,0,0,0]
[1,0,0,0]
[1,0,0,0]
[1,0,0,0]
[1,0,0,0]
[1,0,0,0]
[1,0,0,0]
[1,0,0,0]
[1,0,0,0]
[1,0,0,0]
[1,0,0,0]
[1,0,0,0]
[1,0,0,0]
[1,0,0,0]
[1,0,0,0]
[1,0,0,0]
[1,0,0,0]
[1,0,0,0]
[1,0,0,0]
[1,0,0,0]
[1,0,0,0]
[1,0,0,0]
[1,0,0,0]
[1,0,0,0]
[1,0,0,0]
[1,0,0,0]
[1,0,0,0]
[1,0,0,0]
[1,0,0,0]
[1,0,0,0]
[1,0,0,0]
[1,0,0,0]
[1,0,0,0]
[1,0,0,0]
[1,0,0,0]
[1,0,0,0]
[1,0,0,0]
[1,0,0,0]
[1,0,0,0]
[1,0,0,0]
[1,0,0,0]
[1,0,0,0]
[1,0,0,0]
[1,0,0,0]
[1,0,0,0]
[1,0,0,0]
[1,0,0,0]
[1,0,0,0]
[1,0,0,0]
[1,0,0,0]
[1,0,0,0]
[1,0,0,0]
[1,0,0,0]
[1,0,0,0]
[1,0,0,0]
[1,0,0,0]
[1,0,0,0]
[1,0,0,0]
[1,0,0,0]
[1,0,0,0]
[1,0,0,0]
[1,0,0,0]
[1,0,0,0]
[1,0,0,0]
[1,0,0,0]
[1,0,0,0]
[1,0,0,0]
[1,0,0,0]
[1,0,0,0]
[1,0,0,0]
[1,0,0,0]
[1,0,0,0]
[1,0,0,0]
[1,0,0,0]
[1,0,0,0]
[1,0,0,0]
[1,0,0,0]
[1,0,0,0]
[1,0,0,0]
[1,0,0,0]
[1,0,0,0]
[1,0,0,0]
[1,0,0,0]
[1,0,0,0]
[1,0,0,0]
[1,0,0,0]
[1,0,0,0]
[1,0,0,0]
[1,0,0,0]
[1,0,0,0]
[1,0,0,0]
[1,0,0,0]
[1,0,0,0]
[1,0,0,0]
[1,0,0,0]
[1,0,0,0]
[1,0,0,0]
[1,0,0,0]
[1,0,0,0]
[1,0,0,0]
[1,0,0,0]
[1,0,0,0]
[1,0,0,0]
[1,0,0,0]
[1,0,0,0]
[1,0,0,0]
[1,0,0,0]
[1,0,0,0]
[1,0,0,0]
[1,0,0,0]
[1,0,0,0]
[1,0,0,0]
[1,0,0,0]
[1,0,0,0]
[1,0,0,0]
[1,0,0,0]
[1,0,0,0]
[1,0,0,0]
[1,0,0,0]
[1,0,0,0]
[1,0,0,0]
[1,0,0,0]
[1,0,0,0]
[1,0,0,0]
[1,0,0,0]
[1,0,0,0]
[1,0,0,0]
[1,0,0,0]
[1,0,0,0]
[1,0,0,0]
[1,0,0,0]
[1,0,0,0]
[1,0,0,0]
[1,0,0,0]
[1,0,0,0]
[1,0,0,0]
[1,0,0,0]
[1,0,0,0]
[1,0,0,0]
[1,0,0,0]
[1,0,0,0]
[1,0,0,0]
[1,0,0,0]
[1,0,0,0]
[1,0,0,0]
[1,0,0,0]
[1,0,0,0]
[1,0,0,0]
[1,0,0,0]
[1,0,0,0]
[1,0,0,0]
[1,0,0,0]
[1,0,0,0]
[1,0,0,0]
[1,0,0,0]
[1,0,0,0]
[1,0,0,0]
[1,0,0,0]
[1,0,0,0]
[1,0,0,0]
[1,0,0,0]
[1,0,0,0]
[1,0,0,0]
[1,0,0,0]
[1,0,0,0]
[1,0,0,0]
[1,0,0,0]
[1,0,0,0]
[1,0,0,0]
[1,0,0,0]
[1,0,0,0]
[1,0,0,0]
[1,0,0,0]
[1,0,0,0]
[1,0,0,0]
[1,0,0,0]
[1,0,0,0]
[1,0,0,0]
[1,0,0,0]
[1,0,0,0]
[1,0,0,0]
[1,0,0,0]
[1,0,0,0]
[1,0,0,0]
[1,0,0,0]
[1,0,0,0]
[1,0,0,0]
[1,0,0,0]
[1,0,0,0]
[1,0,0,0]
[1,0,0,0]
[1,0,0,0]
[1,0,0,0]
[1,0,0,0]
[1,0,0,0]
[1,0,0,0]
[1,0,0,0]
[1,0,0,0]
[1,0,0,0]
[1,0,0,0]
[1,0,0,0]
[1,0,0,0]
[1,0,0,0]
[1,0,0,0]
[1,0,0,0]
[1,0,0,0]
[1,0,0,0]
[1,0,0,0]
[1,0,0,0]
[1,0,0,0]
[1,0,0,0]
[1,0,0,0]
[1,0,0,0]
[1,0,0,0]
[1,0,0,0]
[1,0,0,0]
[1,0,0,0]
[1,0,0,0]
[1,0,0,0]
[1,0,0,0]
[1,0,0,0]
[1,0,0,0]
[1,0,0,0]
[1,0,0,0]
[1,0,0,0]
[1,0,0,0]
[1,0,0,0]
[1,0,0,0]
[1,0,0,0]
[1,0,0,0]
[1,0,0,0]
[1,0,0,0]
[1,0,0,0]
[1,0,0,0]
[1,0,0,0]
[1,0,0,0]
[1,0,0,0]
[1,0,0,0]
[1,0,0,0]
[1,0,0,0]
[1,0,0,0]
[1,0,0,0]
[1,0,0,0]
[1,0,0,0]
[1,0,0,0]
[1,0,0,0]
[1,0,0,0]
[1,0,0,0]
[1,0,0,0]
[1,0,0,0]
[1,0,0,0]
[1,0,0,0]
[1,0,0,0]
[1,0,0,0]
[1,0,0,0]
[1,0,0,0]
[1,0,0,0]
[1,0,0,0]
[1,0,0,0]
[1,0,0,0]
[1,0,0,0]
[1,0,0,0]
[1,0,0,0]
[1,0,0,0]
[1,0,0,0]
[1,0,0,0]
[1,0,0,0]
[1,0,0,0]
[1,0,0,0]
[1,0,0,0]
[1,0,0,0]
[1,0,0,0]
[1,0,0,0]
[1,0,0,0]
[1,0,0,0]
[1,0,0,0]
[1,0,0,0]
[1,0,0,0]
[1,0,0,0]
[1,0,0,0]
[1,0,0,0]
[1,0,0,0]
[1,0,0,0]
[1,0,0,0]
[1,0,0,0]
[1,0,0,0]
[1,0,0,0]
[1,0,0,0]
[1,0,0,0]
[1,0,0,0]
[1,0,0,0]
[1,0,0,0]
[1,0,0,0]
[1,0,0,0]
[1,0,0,0]
[1,0,0,0]
[1,0,0,0]
[1,0,0,0]
[1,0,0,0]
[1,0,0,0]
[1,0,0,0]
[1,0,0,0]
[1,0,0,0]
[1,0,0,0]
[1,0,0,0]
[1,0,0,0]
[1,0,0,0]
[1,0,0,0]
[1,0,0,0]
[1,0,0,0]
[1,0,0,0]
[1,0,0,0]
[1,0,0,0]
[1,0,0,0]
[1,0,0,0]
[1,0,0,0]
[1,0,0,0]
[1,0,0,0]
[1,0,0,0]
[1,0,0,0]
[1,0,0,0]
[1,0,0,0]
[1,0,0,0]
[1,0,0,0]
[1,0,0,0]
[1,0,0,0]
[1,0,0,0]
[1,0,0,0]
[1,0,0,0]
[1,0,0,0]
[1,0,0,0]
[1,0,0,0]
[1,0,0,0]
[1,0,0,0]
[1,0,0,0]
[1,0,0,0]
[1,0,0,0]
[1,0,0,0]
[1,0,0,0]
[1,0,0,0]
[1,0,0,0]
[1,0,0,0]
[1,0,0,0]
[1,0,0,0]
[1,0,0,0]
[1,0,0,0]
[1,0,0,0]
[1,0,0,0]
[1,0,0,0]
[1,0,0,0]
[1,0,0,0]
[1,0,0,0]
[1,0,0,0]
[1,0,0,0]
[1,0,0,0]
[1,0,0,0]
[1,0,0,0]
[1,0,0,0]
[1,0,0,0]
[1,0,0,0]
[1,0,0,0]
[1,0,0,0]
[1,0,0,0]
[1,0,0,0]
[1,0,0,0]
[1,0,0,0]
[1,0,0,0]
[1,0,0,0]
[1,0,0,0]
[1,0,0,0]
