1110
10
[-5.99459,0,0]
[-5.98919,0,0]
[-5.98378,0,0]
[-5.97838,0,0]
[-5.97297,0,0]
[-5.96757,0,0]
[-5.96216,0,0]
[-5.95676,0,0]
[-5.95135,0,0]
[-5.94595,0,0]
[-5.94054,0,0]
[-5.93514,0,0]
[-5.92973,0,0]
[-5.92432,0,0]
[-5.91892,0,0]
[-5.91351,0,0]
[-5.90811,0,0]
[-5.9027,0,0]
[-5.8973,0,0]
[-5.89189,0,0]
[-5.88649,0,0]
[-5.88108,0,0]
[-5.87568,0,0]
[-5.87027,0,0]
[-5.86486,0,0]
[-5.85946,0,0]
[-5.85405,0,0]
[-5.84865,0,0]
[-5.84324,0,0]
[-5.83784,0,0]
[-5.83243,0,0]
[-5.82703,0,0]
[-5.82162,0,0]
[-5.81622,0,0]
[-5.81081,0,0]
[-5.80541,0,0]
[-5.8,0,0]
[-5.79459,0,0]
[-5.78919,0,0]
[-5.78378,0,0]
[-5.77838,0,0]
[-5.77297,0,0]
[-5.76757,0,0]
[-5.76216,0,0]
[-5.75676,0,0]
[-5.75135,0,0]
[-5.74595,0,0]
[-5.74054,0,0]
[-5.73514,0,0]
[-5.72973,0,0]
[-5.72432,0,0]
[-5.71892,0,0]
[-5.71351,0,0]
[-5.70811,0,0]
[-5.7027,0,0]
[-5.6973,0,0]
[-5.69189,0,0]
[-5.68649,0,0]
[-5.68108,0,0]
[-5.67568,0,0]
[-5.67027,0,0]
[-5.66486,0,0]
[-5.65946,0,0]
[-5.65405,0,0]
[-5.64865,0,0]
[-5.64324,0,0]
[-5.63784,0,0]
[-5.63243,0,0]
[-5.62703,0,0]
[-5.62162,0,0]
[-5.61622,0,0]
[-5.61081,0,0]
[-5.60541,0,0]
[-5.6,0,0]
[-5.59459,0,0]
[-5.58919,0,0]
[-5.58378,0,0]
[-5.57838,0,0]
[-5.57297,0,0]
[-5.56757,0,0]
[-5.56216,0,0]
[-5.55676,0,0]
[-5.55135,0,0]
[-5.54595,0,0]
[-5.54054,0,0]
[-5.53514,0,0]
[-5.52973,0,0]
[-5.52432,0,0]
[-5.51892,0,0]
[-5.51351,0,0]
[-5.50811,0,0]
[-5.5027,0,0]
[-5.4973,0,0]
[-5.49189,0,0]
[-5.48649,0,0]
[-5.48108,0,0]
[-5.47568,0,0]
[-5.47027,0,0]
[-5.46486,0,0]
[-5.45946,0,0]
[-5.45405,0,0]
[-5.44865,0,0]
[-5.44324,0,0]
[-5.43784,0,0]
[-5.43243,0,0]
[-5.42703,0,0]
[-5.42162,0,0]
[-5.41622,0,0]
[-5.41081,0,0]
[-5.40541,0,0]
[-5.4,0,0]
[-5.39459,0,0]
[-5.38919,0,0]
[-5.38378,0,0]
[-5.37838,0,0]
[-5.37297,0,0]
[-5.36757,0,0]
[-5.36216,0,0]
[-5.35676,0,0]
[-5.35135,0,0]
[-5.34595,0,0]
[-5.34054,0,0]
[-5.33514,0,0]
[-5.32973,0,0]
[-5.32432,0,0]
[-5.31892,0,0]
[-5.31351,0,0]
[-5.30811,0,0]
[-5.3027,0,0]
[-5.2973,0,0]
[-5.29189,0,0]
[-5.28649,0,0]
[-5.28108,0,0]
[-5.27568,0,0]
[-5.27027,0,0]
[-5.26486,0,0]
[-5.25946,0,0]
[-5.25405,0,0]
[-5.24865,0,0]
[-5.24324,0,0]
[-5.23784,0,0]
[-5.23243,0,0]
[-5.22703,0,0]
[-5.22162,0,0]
[-5.21622,0,0]
[-5.21081,0,0]
[-5.20541,0,0]
[-5.2,0,0]
[-5.19459,0,0]
[-5.18919,0,0]
[-5.18378,0,0]
[-5.17838,0,0]
[-5.17297,0,0]
[-5.16757,0,0]
[-5.16216,0,0]
[-5.15676,0,0]
[-5.15135,0,0]
[-5.14595,0,0]
[-5.14054,0,0]
[-5.13514,0,0]
[-5.12973,0,0]
[-5.12432,0,0]
[-5.11892,0,0]
[-5.11351,0,0]
[-5.10811,0,0]
[-5.1027,0,0]
[-5.0973,0,0]
[-5.09189,0,0]
[-5.08649,0,0]
[-5.08108,0,0]
[-5.07568,0,0]
[-5.07027,0,0]
[-5.06486,0,0]
[-5.05946,0,0]
[-5.05405,0,0]
[-5.04865,0,0]
[-5.04324,0,0]
[-5.03784,0,0]
[-5.03243,0,0]
[-5.02703,0,0]
[-5.02162,0,0]
[-5.01622,0,0]
[-5.01081,0,0]
[-5.00541,0,0]
[-5,0,0]
[-4.99459,0,0]
[-4.98919,0,0]
[-4.98378,0,0]
[-4.97838,0,0]
[-4.97297,0,0]
[-4.96757,0,0]
[-4.96216,0,0]
[-4.95676,0,0]
[-4.95135,0,0]
[-4.94595,0,0]
[-4.94054,0,0]
[-4.93514,0,0]
[-4.92973,0,0]
[-4.92432,0,0]
[-4.91892,0,0]
[-4.91351,0,0]
[-4.90811,0,0]
[-4.9027,0,0]
[-4.8973,0,0]
[-4.89189,0,0]
[-4.88649,0,0]
[-4.88108,0,0]
[-4.87568,0,0]
[-4.87027,0,0]
[-4.86486,0,0]
[-4.85946,0,0]
[-4.85405,0,0]
[-4.84865,0,0]
[-4.84324,0,0]
[-4.83784,0,0]
[-4.83243,0,0]
[-4.82703,0,0]
[-4.82162,0,0]
[-4.81622,0,0]
[-4.81081,0,0]
[-4.80541,0,0]
[-4.8,0,0]
[-4.79459,0,0]
[-4.78919,0,0]
[-4.78378,0,0]
[-4.77838,0,0]
[-4.77297,0,0]
[-4.76757,0,0]
[-4.76216,0,0]
[-4.75676,0,0]
[-4.75135,0,0]
[-4.74595,0,0]
[-4.74054,0,0]
[-4.73514,0,0]
[-4.72973,0,0]
[-4.72432,0,0]
[-4.71892,0,0]
[-4.71351,0,0]
[-4.70811,0,0]
[-4.7027,0,0]
[-4.6973,0,0]
[-4.69189,0,0]
[-4.68649,0,0]
[-4.68108,0,0]
[-4.67568,0,0]
[-4.67027,0,0]
[-4.66486,0,0]
[-4.65946,0,0]
[-4.65405,0,0]
[-4.64865,0,0]
[-4.64324,0,0]
[-4.63784,0,0]
[-4.63243,0,0]
[-4.62703,0,0]
[-4.62162,0,0]
[-4.61622,0,0]
[-4.61081,0,0]
[-4.60541,0,0]
[-4.6,0,0]
[-4.59459,0,0]
[-4.58919,0,0]
[-4.58378,0,0]
[-4.57838,0,0]
[-4.57297,0,0]
[-4.56757,0,0]
[-4.56216,0,0]
[-4.55676,0,0]
[-4.55135,0,0]
[-4.54595,0,0]
[-4.54054,0,0]
[-4.53514,0,0]
[-4.52973,0,0]
[-4.52432,0,0]
[-4.51892,0,0]
[-4.51351,0,0]
[-4.50811,0,0]
[-4.5027,0,0]
[-4.4973,0,0]
[-4.49189,0,0]
[-4.48649,0,0]
[-4.48108,0,0]
[-4.47568,0,0]
[-4.47027,0,0]
[-4.46486,0,0]
[-4.45946,0,0]
[-4.45405,0,0]
[-4.44865,0,0]
[-4.44324,0,0]
[-4.43784,0,0]
[-4.43243,0,0]
[-4.42703,0,0]
[-4.42162,0,0]
[-4.41622,0,0]
[-4.41081,0,0]
[-4.40541,0,0]
[-4.4,0,0]
[-4.39459,0,0]
[-4.38919,0,0]
[-4.38378,0,0]
[-4.37838,0,0]
[-4.37297,0,0]
[-4.36757,0,0]
[-4.36216,0,0]
[-4.35676,0,0]
[-4.35135,0,0]
[-4.34595,0,0]
[-4.34054,0,0]
[-4.33514,0,0]
[-4.32973,0,0]
[-4.32432,0,0]
[-4.31892,0,0]
[-4.31351,0,0]
[-4.30811,0,0]
[-4.3027,0,0]
[-4.2973,0,0]
[-4.29189,0,0]
[-4.28649,0,0]
[-4.28108,0,0]
[-4.27568,0,0]
[-4.27027,0,0]
[-4.26486,0,0]
[-4.25946,0,0]
[-4.25405,0,0]
[-4.24865,0,0]
[-4.24324,0,0]
[-4.23784,0,0]
[-4.23243,0,0]
[-4.22703,0,0]
[-4.22162,0,0]
[-4.21622,0,0]
[-4.21081,0,0]
[-4.20541,0,0]
[-4.2,0,0]
[-4.19459,0,0]
[-4.18919,0,0]
[-4.18378,0,0]
[-4.17838,0,0]
[-4.17297,0,0]
[-4.16757,0,0]
[-4.16216,0,0]
[-4.15676,0,0]
[-4.15135,0,0]
[-4.14595,0,0]
[-4.14054,0,0]
[-4.13514,0,0]
[-4.12973,0,0]
[-4.12432,0,0]
[-4.11892,0,0]
[-4.11351,0,0]
[-4.10811,0,0]
[-4.1027,0,0]
[-4.0973,0,0]
[-4.09189,0,0]
[-4.08649,0,0]
[-4.08108,0,0]
[-4.07568,0,0]
[-4.07027,0,0]
[-4.06486,0,0]
[-4.05946,0,0]
[-4.05405,0,0]
[-4.04865,0,0]
[-4.04324,0,0]
[-4.03784,0,0]
[-4.03243,0,0]
[-4.02703,0,0]
[-4.02162,0,0]
[-4.01622,0,0]
[-4.01081,0,0]
[-4.00541,0,0]
[-4,0,0]
[-3.99459,0,0]
[-3.98919,0,0]
[-3.98378,0,0]
[-3.97838,0,0]
[-3.97297,0,0]
[-3.96757,0,0]
[-3.96216,0,0]
[-3.95676,0,0]
[-3.95135,0,0]
[-3.94595,0,0]
[-3.94054,0,0]
[-3.93514,0,0]
[-3.92973,0,0]
[-3.92432,0,0]
[-3.91892,0,0]
[-3.91351,0,0]
[-3.90811,0,0]
[-3.9027,0,0]
[-3.8973,0,0]
[-3.89189,0,0]
[-3.88649,0,0]
[-3.88108,0,0]
[-3.87568,0,0]
[-3.87027,0,0]
[-3.86486,0,0]
[-3.85946,0,0]
[-3.85405,0,0]
[-3.84865,0,0]
[-3.84324,0,0]
[-3.83784,0,0]
[-3.83243,0,0]
[-3.82703,0,0]
[-3.82162,0,0]
[-3.81622,0,0]
[-3.81081,0,0]
[-3.80541,0,0]
[-3.8,0,0]
[-3.79459,0,0]
[-3.78919,0,0]
[-3.78378,0,0]
[-3.77838,0,0]
[-3.77297,0,0]
[-3.76757,0,0]
[-3.76216,0,0]
[-3.75676,0,0]
[-3.75135,0,0]
[-3.74595,0,0]
[-3.74054,0,0]
[-3.73514,0,0]
[-3.72973,0,0]
[-3.72432,0,0]
[-3.71892,0,0]
[-3.71351,0,0]
[-3.70811,0,0]
[-3.7027,0,0]
[-3.6973,0,0]
[-3.69189,0,0]
[-3.68649,0,0]
[-3.68108,0,0]
[-3.67568,0,0]
[-3.67027,0,0]
[-3.66486,0,0]
[-3.65946,0,0]
[-3.65405,0,0]
[-3.64865,0,0]
[-3.64324,0,0]
[-3.63784,0,0]
[-3.63243,0,0]
[-3.62703,0,0]
[-3.62162,0,0]
[-3.61622,0,0]
[-3.61081,0,0]
[-3.60541,0,0]
[-3.6,0,0]
[-3.59459,0,0]
[-3.58919,0,0]
[-3.58378,0,0]
[-3.57838,0,0]
[-3.57297,0,0]
[-3.56757,0,0]
[-3.56216,0,0]
[-3.55676,0,0]
[-3.55135,0,0]
[-3.54595,0,0]
[-3.54054,0,0]
[-3.53514,0,0]
[-3.52973,0,0]
[-3.52432,0,0]
[-3.51892,0,0]
[-3.51351,0,0]
[-3.50811,0,0]
[-3.5027,0,0]
[-3.4973,0,0]
[-3.49189,0,0]
[-3.48649,0,0]
[-3.48108,0,0]
[-3.47568,0,0]
[-3.47027,0,0]
[-3.46486,0,0]
[-3.45946,0,0]
[-3.45405,0,0]
[-3.44865,0,0]
[-3.44324,0,0]
[-3.43784,0,0]
[-3.43243,0,0]
[-3.42703,0,0]
[-3.42162,0,0]
[-3.41622,0,0]
[-3.41081,0,0]
[-3.40541,0,0]
[-3.4,0,0]
[-3.39459,0,0]
[-3.38919,0,0]
[-3.38378,0,0]
[-3.37838,0,0]
[-3.37297,0,0]
[-3.36757,0,0]
[-3.36216,0,0]
[-3.35676,0,0]
[-3.35135,0,0]
[-3.34595,0,0]
[-3.34054,0,0]
[-3.33514,0,0]
[-3.32973,0,0]
[-3.32432,0,0]
[-3.31892,0,0]
[-3.31351,0,0]
[-3.30811,0,0]
[-3.3027,0,0]
[-3.2973,0,0]
[-3.29189,0,0]
[-3.28649,0,0]
[-3.28108,0,0]
[-3.27568,0,0]
[-3.27027,0,0]
[-3.26486,0,0]
[-3.25946,0,0]
[-3.25405,0,0]
[-3.24865,0,0]
[-3.24324,0,0]
[-3.23784,0,0]
[-3.23243,0,0]
[-3.22703,0,0]
[-3.22162,0,0]
[-3.21622,0,0]
[-3.21081,0,0]
[-3.20541,0,0]
[-3.2,0,0]
[-3.19459,0,0]
[-3.18919,0,0]
[-3.18378,0,0]
[-3.17838,0,0]
[-3.17297,0,0]
[-3.16757,0,0]
[-3.16216,0,0]
[-3.15676,0,0]
[-3.15135,0,0]
[-3.14595,0,0]
[-3.14054,0,0]
[-3.13514,0,0]
[-3.12973,0,0]
[-3.12432,0,0]
[-3.11892,0,0]
[-3.11351,0,0]
[-3.10811,0,0]
[-3.1027,0,0]
[-3.0973,0,0]
[-3.09189,0,0]
[-3.08649,0,0]
[-3.08108,0,0]
[-3.07568,0,0]
[-3.07027,0,0]
[-3.06486,0,0]
[-3.05946,0,0]
[-3.05405,0,0]
[-3.04865,0,0]
[-3.04324,0,0]
[-3.03784,0,0]
[-3.03243,0,0]
[-3.02703,0,0]
[-3.02162,0,0]
[-3.01622,0,0]
[-3.01081,0,0]
[-3.00541,0,0]
[-3,0,0]
[-2.99459,0,0]
[-2.98919,0,0]
[-2.98378,0,0]
[-2.97838,0,0]
[-2.97297,0,0]
[-2.96757,0,0]
[-2.96216,0,0]
[-2.95676,0,0]
[-2.95135,0,0]
[-2.94595,0,0]
[-2.94054,0,0]
[-2.93514,0,0]
[-2.92973,0,0]
[-2.92432,0,0]
[-2.91892,0,0]
[-2.91351,0,0]
[-2.90811,0,0]
[-2.9027,0,0]
[-2.8973,0,0]
[-2.89189,0,0]
[-2.88649,0,0]
[-2.88108,0,0]
[-2.87568,0,0]
[-2.87027,0,0]
[-2.86486,0,0]
[-2.85946,0,0]
[-2.85405,0,0]
[-2.84865,0,0]
[-2.84324,0,0]
[-2.83784,0,0]
[-2.83243,0,0]
[-2.82703,0,0]
[-2.82162,0,0]
[-2.81622,0,0]
[-2.81081,0,0]
[-2.80541,0,0]
[-2.8,0,0]
[-2.79459,0,0]
[-2.78919,0,0]
[-2.78378,0,0]
[-2.77838,0,0]
[-2.77297,0,0]
[-2.76757,0,0]
[-2.76216,0,0]
[-2.75676,0,0]
[-2.75135,0,0]
[-2.74595,0,0]
[-2.74054,0,0]
[-2.73514,0,0]
[-2.72973,0,0]
[-2.72432,0,0]
[-2.71892,0,0]
[-2.71351,0,0]
[-2.70811,0,0]
[-2.7027,0,0]
[-2.6973,0,0]
[-2.69189,0,0]
[-2.68649,0,0]
[-2.68108,0,0]
[-2.67568,0,0]
[-2.67027,0,0]
[-2.66486,0,0]
[-2.65946,0,0]
[-2.65405,0,0]
[-2.64865,0,0]
[-2.64324,0,0]
[-2.63784,0,0]
[-2.63243,0,0]
[-2.62703,0,0]
[-2.62162,0,0]
[-2.61622,0,0]
[-2.61081,0,0]
[-2.60541,0,0]
[-2.6,0,0]
[-2.59459,0,0]
[-2.58919,0,0]
[-2.58378,0,0]
[-2.57838,0,0]
[-2.57297,0,0]
[-2.56757,0,0]
[-2.56216,0,0]
[-2.55676,0,0]
[-2.55135,0,0]
[-2.54595,0,0]
[-2.54054,0,0]
[-2.53514,0,0]
[-2.52973,0,0]
[-2.52432,0,0]
[-2.51892,0,0]
[-2.51351,0,0]
[-2.50811,0,0]
[-2.5027,0,0]
[-2.4973,0,0]
[-2.49189,0,0]
[-2.48649,0,0]
[-2.48108,0,0]
[-2.47568,0,0]
[-2.47027,0,0]
[-2.46486,0,0]
[-2.45946,0,0]
[-2.45405,0,0]
[-2.44865,0,0]
[-2.44324,0,0]
[-2.43784,0,0]
[-2.43243,0,0]
[-2.42703,0,0]
[-2.42162,0,0]
[-2.41622,0,0]
[-2.41081,0,0]
[-2.40541,0,0]
[-2.4,0,0]
[-2.39459,0,0]
[-2.38919,0,0]
[-2.38378,0,0]
[-2.37838,0,0]
[-2.37297,0,0]
[-2.36757,0,0]
[-2.36216,0,0]
[-2.35676,0,0]
[-2.35135,0,0]
[-2.34595,0,0]
[-2.34054,0,0]
[-2.33514,0,0]
[-2.32973,0,0]
[-2.32432,0,0]
[-2.31892,0,0]
[-2.31351,0,0]
[-2.30811,0,0]
[-2.3027,0,0]
[-2.2973,0,0]
[-2.29189,0,0]
[-2.28649,0,0]
[-2.28108,0,0]
[-2.27568,0,0]
[-2.27027,0,0]
[-2.26486,0,0]
[-2.25946,0,0]
[-2.25405,0,0]
[-2.24865,0,0]
[-2.24324,0,0]
[-2.23784,0,0]
[-2.23243,0,0]
[-2.22703,0,0]
[-2.22162,0,0]
[-2.21622,0,0]
[-2.21081,0,0]
[-2.20541,0,0]
[-2.2,0,0]
[-2.19459,0,0]
[-2.18919,0,0]
[-2.18378,0,0]
[-2.17838,0,0]
[-2.17297,0,0]
[-2.16757,0,0]
[-2.16216,0,0]
[-2.15676,0,0]
[-2.15135,0,0]
[-2.14595,0,0]
[-2.14054,0,0]
[-2.13514,0,0]
[-2.12973,0,0]
[-2.12432,0,0]
[-2.11892,0,0]
[-2.11351,0,0]
[-2.10811,0,0]
[-2.1027,0,0]
[-2.0973,0,0]
[-2.09189,0,0]
[-2.08649,0,0]
[-2.08108,0,0]
[-2.07568,0,0]
[-2.07027,0,0]
[-2.06486,0,0]
[-2.05946,0,0]
[-2.05405,0,0]
[-2.04865,0,0]
[-2.04324,0,0]
[-2.03784,0,0]
[-2.03243,0,0]
[-2.02703,0,0]
[-2.02162,0,0]
[-2.01622,0,0]
[-2.01081,0,0]
[-2.00541,0,0]
[-2,0,0]
[-1.99459,0,0]
[-1.98919,0,0]
[-1.98378,0,0]
[-1.97838,0,0]
[-1.97297,0,0]
[-1.96757,0,0]
[-1.96216,0,0]
[-1.95676,0,0]
[-1.95135,0,0]
[-1.94595,0,0]
[-1.94054,0,0]
[-1.93514,0,0]
[-1.92973,0,0]
[-1.92432,0,0]
[-1.91892,0,0]
[-1.91351,0,0]
[-1.90811,0,0]
[-1.9027,0,0]
[-1.8973,0,0]
[-1.89189,0,0]
[-1.88649,0,0]
[-1.88108,0,0]
[-1.87568,0,0]
[-1.87027,0,0]
[-1.86486,0,0]
[-1.85946,0,0]
[-1.85405,0,0]
[-1.84865,0,0]
[-1.84324,0,0]
[-1.83784,0,0]
[-1.83243,0,0]
[-1.82703,0,0]
[-1.82162,0,0]
[-1.81622,0,0]
[-1.81081,0,0]
[-1.80541,0,0]
[-1.8,0,0]
[-1.79459,0,0]
[-1.78919,0,0]
[-1.78378,0,0]
[-1.77838,0,0]
[-1.77297,0,0]
[-1.76757,0,0]
[-1.76216,0,0]
[-1.75676,0,0]
[-1.75135,0,0]
[-1.74595,0,0]
[-1.74054,0,0]
[-1.73514,0,0]
[-1.72973,0,0]
[-1.72432,0,0]
[-1.71892,0,0]
[-1.71351,0,0]
[-1.70811,0,0]
[-1.7027,0,0]
[-1.6973,0,0]
[-1.69189,0,0]
[-1.68649,0,0]
[-1.68108,0,0]
[-1.67568,0,0]
[-1.67027,0,0]
[-1.66486,0,0]
[-1.65946,0,0]
[-1.65405,0,0]
[-1.64865,0,0]
[-1.64324,0,0]
[-1.63784,0,0]
[-1.63243,0,0]
[-1.62703,0,0]
[-1.62162,0,0]
[-1.61622,0,0]
[-1.61081,0,0]
[-1.60541,0,0]
[-1.6,0,0]
[-1.59459,0,0]
[-1.58919,0,0]
[-1.58378,0,0]
[-1.57838,0,0]
[-1.57297,0,0]
[-1.56757,0,0]
[-1.56216,0,0]
[-1.55676,0,0]
[-1.55135,0,0]
[-1.54595,0,0]
[-1.54054,0,0]
[-1.53514,0,0]
[-1.52973,0,0]
[-1.52432,0,0]
[-1.51892,0,0]
[-1.51351,0,0]
[-1.50811,0,0]
[-1.5027,0,0]
[-1.4973,0,0]
[-1.49189,0,0]
[-1.48649,0,0]
[-1.48108,0,0]
[-1.47568,0,0]
[-1.47027,0,0]
[-1.46486,0,0]
[-1.45946,0,0]
[-1.45405,0,0]
[-1.44865,0,0]
[-1.44324,0,0]
[-1.43784,0,0]
[-1.43243,0,0]
[-1.42703,0,0]
[-1.42162,0,0]
[-1.41622,0,0]
[-1.41081,0,0]
[-1.40541,0,0]
[-1.4,0,0]
[-1.39459,0,0]
[-1.38919,0,0]
[-1.38378,0,0]
[-1.37838,0,0]
[-1.37297,0,0]
[-1.36757,0,0]
[-1.36216,0,0]
[-1.35676,0,0]
[-1.35135,0,0]
[-1.34595,0,0]
[-1.34054,0,0]
[-1.33514,0,0]
[-1.32973,0,0]
[-1.32432,0,0]
[-1.31892,0,0]
[-1.31351,0,0]
[-1.30811,0,0]
[-1.3027,0,0]
[-1.2973,0,0]
[-1.29189,0,0]
[-1.28649,0,0]
[-1.28108,0,0]
[-1.27568,0,0]
[-1.27027,0,0]
[-1.26486,0,0]
[-1.25946,0,0]
[-1.25405,0,0]
[-1.24865,0,0]
[-1.24324,0,0]
[-1.23784,0,0]
[-1.23243,0,0]
[-1.22703,0,0]
[-1.22162,0,0]
[-1.21622,0,0]
[-1.21081,0,0]
[-1.20541,0,0]
[-1.2,0,0]
[-1.19459,0,0]
[-1.18919,0,0]
[-1.18378,0,0]
[-1.17838,0,0]
[-1.17297,0,0]
[-1.16757,0,0]
[-1.16216,0,0]
[-1.15676,0,0]
[-1.15135,0,0]
[-1.14595,0,0]
[-1.14054,0,0]
[-1.13514,0,0]
[-1.12973,0,0]
[-1.12432,0,0]
[-1.11892,0,0]
[-1.11351,0,0]
[-1.10811,0,0]
[-1.1027,0,0]
[-1.0973,0,0]
[-1.09189,0,0]
[-1.08649,0,0]
[-1.08108,0,0]
[-1.07568,0,0]
[-1.07027,0,0]
[-1.06486,0,0]
[-1.05946,0,0]
[-1.05405,0,0]
[-1.04865,0,0]
[-1.04324,0,0]
[-1.03784,0,0]
[-1.03243,0,0]
[-1.02703,0,0]
[-1.02162,0,0]
[-1.01622,0,0]
[-1.01081,0,0]
[-1.00541,0,0]
[-1,0,0]
[-0.994595,0,0]
[-0.989189,0,0]
[-0.983784,0,0]
[-0.978378,0,0]
[-0.972973,0,0]
[-0.967568,0,0]
[-0.962162,0,0]
[-0.956757,0,0]
[-0.951351,0,0]
[-0.945946,0,0]
[-0.940541,0,0]
[-0.935135,0,0]
[-0.92973,0,0]
[-0.924324,0,0]
[-0.918919,0,0]
[-0.913514,0,0]
[-0.908108,0,0]
[-0.902703,0,0]
[-0.897297,0,0]
[-0.891892,0,0]
[-0.886486,0,0]
[-0.881081,0,0]
[-0.875676,0,0]
[-0.87027,0,0]
[-0.864865,0,0]
[-0.859459,0,0]
[-0.854054,0,0]
[-0.848649,0,0]
[-0.843243,0,0]
[-0.837838,0,0]
[-0.832432,0,0]
[-0.827027,0,0]
[-0.821622,0,0]
[-0.816216,0,0]
[-0.810811,0,0]
[-0.805405,0,0]
[-0.8,0,0]
[-0.794595,0,0]
[-0.789189,0,0]
[-0.783784,0,0]
[-0.778378,0,0]
[-0.772973,0,0]
[-0.767568,0,0]
[-0.762162,0,0]
[-0.756757,0,0]
[-0.751351,0,0]
[-0.745946,0,0]
[-0.740541,0,0]
[-0.735135,0,0]
[-0.72973,0,0]
[-0.724324,0,0]
[-0.718919,0,0]
[-0.713514,0,0]
[-0.708108,0,0]
[-0.702703,0,0]
[-0.697297,0,0]
[-0.691892,0,0]
[-0.686486,0,0]
[-0.681081,0,0]
[-0.675676,0,0]
[-0.67027,0,0]
[-0.664865,0,0]
[-0.659459,0,0]
[-0.654054,0,0]
[-0.648649,0,0]
[-0.643243,0,0]
[-0.637838,0,0]
[-0.632432,0,0]
[-0.627027,0,0]
[-0.621622,0,0]
[-0.616216,0,0]
[-0.610811,0,0]
[-0.605405,0,0]
[-0.6,0,0]
[-0.594595,0,0]
[-0.589189,0,0]
[-0.583784,0,0]
[-0.578378,0,0]
[-0.572973,0,0]
[-0.567568,0,0]
[-0.562162,0,0]
[-0.556757,0,0]
[-0.551351,0,0]
[-0.545946,0,0]
[-0.540541,0,0]
[-0.535135,0,0]
[-0.52973,0,0]
[-0.524324,0,0]
[-0.518919,0,0]
[-0.513514,0,0]
[-0.508108,0,0]
[-0.502703,0,0]
[-0.497297,0,0]
[-0.491892,0,0]
[-0.486486,0,0]
[-0.481081,0,0]
[-0.475676,0,0]
[-0.47027,0,0]
[-0.464865,0,0]
[-0.459459,0,0]
[-0.454054,0,0]
[-0.448649,0,0]
[-0.443243,0,0]
[-0.437838,0,0]
[-0.432432,0,0]
[-0.427027,0,0]
[-0.421622,0,0]
[-0.416216,0,0]
[-0.410811,0,0]
[-0.405405,0,0]
[-0.4,0,0]
[-0.394595,0,0]
[-0.389189,0,0]
[-0.383784,0,0]
[-0.378378,0,0]
[-0.372973,0,0]
[-0.367568,0,0]
[-0.362162,0,0]
[-0.356757,0,0]
[-0.351351,0,0]
[-0.345946,0,0]
[-0.340541,0,0]
[-0.335135,0,0]
[-0.32973,0,0]
[-0.324324,0,0]
[-0.318919,0,0]
[-0.313514,0,0]
[-0.308108,0,0]
[-0.302703,0,0]
[-0.297297,0,0]
[-0.291892,0,0]
[-0.286486,0,0]
[-0.281081,0,0]
[-0.275676,0,0]
[-0.27027,0,0]
[-0.264865,0,0]
[-0.259459,0,0]
[-0.254054,0,0]
[-0.248649,0,0]
[-0.243243,0,0]
[-0.237838,0,0]
[-0.232432,0,0]
[-0.227027,0,0]
[-0.221622,0,0]
[-0.216216,0,0]
[-0.210811,0,0]
[-0.205405,0,0]
[-0.2,0,0]
[-0.194595,0,0]
[-0.189189,0,0]
[-0.183784,0,0]
[-0.178378,0,0]
[-0.172973,0,0]
[-0.167568,0,0]
[-0.162162,0,0]
[-0.156757,0,0]
[-0.151351,0,0]
[-0.145946,0,0]
[-0.140541,0,0]
[-0.135135,0,0]
[-0.12973,0,0]
[-0.124324,0,0]
[-0.118919,0,0]
[-0.113514,0,0]
[-0.108108,0,0]
[-0.102703,0,0]
[-0.0972973,0,0]
[-0.0918919,0,0]
[-0.0864865,0,0]
[-0.0810811,0,0]
[-0.0756757,0,0]
[-0.0702703,0,0]
[-0.0648649,0,0]
[-0.0594595,0,0]
[-0.0540541,0,0]
[-0.0486486,0,0]
[-0.0432432,0,0]
[-0.0378378,0,0]
[-0.0324324,0,0]
[-0.027027,0,0]
[-0.0216216,0,0]
[-0.0162162,0,0]
[-0.0108108,0,0]
[-0.00540541,0,0]
[0,0,0]
[1,0,0,0]
[1,0,0,0]
[1,0,0,0]
[1,0,0,0]
[1,0,0,0]
[1,0,0,0]
[1,0,0,0]
[1,0,0,0]
[1,0,0,0]
[1,0,0,0]
[1,0,0,0]
[1,0,0,0]
[1,0,0,0]
[1,0,0,0]
[1,0,0,0]
[1,0,0,0]
[1,0,0,0]
[1,0,0,0]
[1,0,0,0]
[1,0,0,0]
[1,0,0,0]
[1,0,0,0]
[1,0,0,0]
[1,0,0,0]
[1,0,0,0]
[1,0,0,0]
[1,0,0,0]
[1,0,0,0]
[1,0,0,0]
[1,0,0,0]
[1,0,0,0]
[1,0,0,0]
[1,0,0,0]
[1,0,0,0]
[1,0,0,0]
[1,0,0,0]
[1,0,0,0]
[1,0,0,0]
[1,0,0,0]
[1,0,0,0]
[1,0,0,0]
[1,0,0,0]
[1,0,0,0]
[1,0,0,0]
[1,0,0,0]
[1,0,0,0]
[1,0,0,0]
[1,0,0,0]
[1,0,0,0]
[1,0,0,0]
[1,0,0,0]
[1,0,0,0]
[1,0,0,0]
[1,0,0,0]
[1,0,0,0]
[1,0,0,0]
[1,0,0,0]
[1,0,0,0]
[1,0,0,0]
[1,0,0,0]
[1,0,0,0]
[1,0,0,0]
[1,0,0,0]
[1,0,0,0]
[1,0,0,0]
[1,0,0,0]
[1,0,0,0]
[1,0,0,0]
[1,0,0,0]
[1,0,0,0]
[1,0,0,0]
[1,0,0,0]
[1,0,0,0]
[1,0,0,0]
[1,0,0,0]
[1,0,0,0]
[1,0,0,0]
[1,0,0,0]
[1,0,0,0]
[1,0,0,0]
[1,0,0,0]
[1,0,0,0]
[1,0,0,0]
[1,0,0,0]
[1,0,0,0]
[1,0,0,0]
[1,0,0,0]
[1,0,0,0]
[1,0,0,0]
[1,0,0,0]
[1,0,0,0]
[1,0,0,0]
[1,0,0,0]
[1,0,0,0]
[1,0,0,0]
[1,0,0,0]
[1,0,0,0]
[1,0,0,0]
[1,0,0,0]
[1,0,0,0]
[1,0,0,0]
[1,0,0,0]
[1,0,0,0]
[1,0,0,0]
[1,0,0,0]
[1,0,0,0]
[1,0,0,0]
[1,0,0,0]
[1,0,0,0]
[1,0,0,0]
[1,0,0,0]
[1,0,0,0]
[1,0,0,0]
[1,0,0,0]
[1,0,0,0]
[1,0,0,0]
[1,0,0,0]
[1,0,0,0]
[1,0,0,0]
[1,0,0,0]
[1,0,0,0]
[1,0,0,0]
[1,0,0,0]
[1,0,0,0]
[1,0,0,0]
[1,0,0,0]
[1,0,0,0]
[1,0,0,0]
[1,0,0,0]
[1,0,0,0]
[1,0,0,0]
[1,0,0,0]
[1,0,0,0]
[1,0,0,0]
[1,0,0,0]
[1,0,0,0]
[1,0,0,0]
[1,0,0,0]
[1,0,0,0]
[1,0,0,0]
[1,0,0,0]
[1,0,0,0]
[1,0,0,0]
[1,0,0,0]
[1,0,0,0]
[1,0,0,0]
[1,0,0,0]
[1,0,0,0]
[1,0,0,0]
[1,0,0,0]
[1,0,0,0]
[1,0,0,0]
[1,0,0,0]
[1,0,0,0]
[1,0,0,0]
[1,0,0,0]
[1,0,0,0]
[1,0,0,0]
[1,0,0,0]
[1,0,0,0]
[1,0,0,0]
[1,0,0,0]
[1,0,0,0]
[1,0,0,0]
[1,0,0,0]
[1,0,0,0]
[1,0,0,0]
[1,0,0,0]
[1,0,0,0]
[1,0,0,0]
[1,0,0,0]
[1,0,0,0]
[1,0,0,0]
[1,0,0,0]
[1,0,0,0]
[1,0,0,0]
[1,0,0,0]
[1,0,0,0]
[1,0,0,0]
[1,0,0,0]
[1,0,0,0]
[1,0,0,0]
[1,0,0,0]
[1,0,0,0]
[1,0,0,0]
[1,0,0,0]
[1,0,0,0]
[1,0,0,0]
[1,0,0,0]
[1,0,0,0]
[1,0,0,0]
[1,0,0,0]
[1,0,0,0]
[1,0,0,0]
[1,0,0,0]
[1,0,0,0]
[1,0,0,0]
[1,0,0,0]
[1,0,0,0]
[1,0,0,0]
[1,0,0,0]
[1,0,0,0]
[1,0,0,0]
[1,0,0,0]
[1,0,0,0]
[1,0,0,0]
[1,0,0,0]
[1,0,0,0]
[1,0,0,0]
[1,0,0,0]
[1,0,0,0]
[1,0,0,0]
[1,0,0,0]
[1,0,0,0]
[1,0,0,0]
[1,0,0,0]
[1,0,0,0]
[1,0,0,0]
[1,0,0,0]
[1,0,0,0]
[1,0,0,0]
[1,0,0,0]
[1,0,0,0]
[1,0,0,0]
[1,0,0,0]
[1,0,0,0]
[1,0,0,0]
[1,0,0,0]
[1,0,0,0]
[1,0,0,0]
[1,0,0,0]
[1,0,0,0]
[1,0,0,0]
[1,0,0,0]
[1,0,0,0]
[1,0,0,0]
[1,0,0,0]
[1,0,0,0]
[1,0,0,0]
[1,0,0,0]
[1,0,0,0]
[1,0,0,0]
[1,0,0,0]
[1,0,0,0]
[1,0,0,0]
[1,0,0,0]
[1,0,0,0]
[1,0,0,0]
[1,0,0,0]
[1,0,0,0]
[1,0,0,0]
[1,0,0,0]
[1,0,0,0]
[1,0,0,0]
[1,0,0,0]
[1,0,0,0]
[1,0,0,0]
[1,0,0,0]
[1,0,0,0]
[1,0,0,0]
[1,0,0,0]
[1,0,0,0]
[1,0,0,0]
[1,0,0,0]
[1,0,0,0]
[1,0,0,0]
[1,0,0,0]
[1,0,0,0]
[1,0,0,0]
[1,0,0,0]
[1,0,0,0]
[1,0,0,0]
[1,0,0,0]
[1,0,0,0]
[1,0,0,0]
[1,0,0,0]
[1,0,0,0]
[1,0,0,0]
[1,0,0,0]
[1,0,0,0]
[1,0,0,0]
[1,0,0,0]
[1,0,0,0]
[1,0,0,0]
[1,0,0,0]
[1,0,0,0]
[1,0,0,0]
[1,0,0,0]
[1,0,0,0]
[1,0,0,0]
[1,0,0,0]
[1,0,0,0]
[1,0,0,0]
[1,0,0,0]
[1,0,0,0]
[1,0,0,0]
[1,0,0,0]
[1,0,0,0]
[1,0,0,0]
[1,0,0,0]
[1,0,0,0]
[1,0,0,0]
[1,0,0,0]
[1,0,0,0]
[1,0,0,0]
[1,0,0,0]
[1,0,0,0]
[1,0,0,0]
[1,0,0,0]
[1,0,0,0]
[1,0,0,0]
[1,0,0,0]
[1,0,0,0]
[1,0,0,0]
[1,0,0,0]
[1,0,0,0]
[1,0,0,0]
[1,0,0,0]
[1,0,0,0]
[1,0,0,0]
[1,0,0,0]
[1,0,0,0]
[1,0,0,0]
[1,0,0,0]
[1,0,0,0]
[1,0,0,0]
[1,0,0,0]
[1,0,0,0]
[1,0,0,0]
[1,0,0,0]
[1,0,0,0]
[1,0,0,0]
[1,0,0,0]
[1,0,0,0]
[1,0,0,0]
[1,0,0,0]
[1,0,0,0]
[1,0,0,0]
[1,0,0,0]
[1,0,0,0]
[1,0,0,0]
[1,0,0,0]
[1,0,0,0]
[1,0,0,0]
[1,0,0,0]
[1,0,0,0]
[1,0,0,0]
[1,0,0,0]
[1,0,0,0]
[1,0,0,0]
[1,0,0,0]
[1,0,0,0]
[1,0,0,0]
[1,0,0,0]
[1,0,0,0]
[1,0,0,0]
[1,0,0,0]
[1,0,0,0]
[1,0,0,0]
[1,0,0,0]
[1,0,0,0]
[1,0,0,0]
[1,0,0,0]
[1,0,0,0]
[1,0,0,0]
[1,0,0,0]
[1,0,0,0]
[1,0,0,0]
[1,0,0,0]
[1,0,0,0]
[1,0,0,0]
[1,0,0,0]
[1,0,0,0]
[1,0,0,0]
[1,0,0,0]
[1,0,0,0]
[1,0,0,0]
[1,0,0,0]
[1,0,0,0]
[1,0,0,0]
[1,0,0,0]
[1,0,0,0]
[1,0,0,0]
[1,0,0,0]
[1,0,0,0]
[1,0,0,0]
[1,0,0,0]
[1,0,0,0]
[1,0,0,0]
[1,0,0,0]
[1,0,0,0]
[1,0,0,0]
[1,0,0,0]
[1,0,0,0]
[1,0,0,0]
[1,0,0,0]
[1,0,0,0]
[1,0,0,0]
[1,0,0,0]
[1,0,0,0]
[1,0,0,0]
[1,0,0,0]
[1,0,0,0]
[1,0,0,0]
[1,0,0,0]
[1,0,0,0]
[1,0,0,0]
[1,0,0,0]
[1,0,0,0]
[1,0,0,0]
[1,0,0,0]
[1,0,0,0]
[1,0,0,0]
[1,0,0,0]
[1,0,0,0]
[1,0,0,0]
[1,0,0,0]
[1,0,0,0]
[1,0,0,0]
[1,0,0,0]
[1,0,0,0]
[1,0,0,0]
[1,0,0,0]
[1,0,0,0]
[1,0,0,0]
[1,0,0,0]
[1,0,0,0]
[1,0,0,0]
[1,0,0,0]
[1,0,0,0]
[1,0,0,0]
[1,0,0,0]
[1,0,0,0]
[1,0,0,0]
[1,0,0,0]
[1,0,0,0]
[1,0,0,0]
[1,0,0,0]
[1,0,0,0]
[1,0,0,0]
[1,0,0,0]
[1,0,0,0]
[1,0,0,0]
[1,0,0,0]
[1,0,0,0]
[1,0,0,0]
[1,0,0,0]
[1,0,0,0]
[1,0,0,0]
[1,0,0,0]
[1,0,0,0]
[1,0,0,0]
[1,0,0,0]
[1,0,0,0]
[1,0,0,0]
[1,0,0,0]
[1,0,0,0]
[1,0,0,0]
[1,0,0,0]
[1,0,0,0]
[1,0,0,0]
[1,0,0,0]
[1,0,0,0]
[1,0,0,0]
[1,0,0,0]
[1,0,0,0]
[1,0,0,0]
[1,0,0,0]
[1,0,0,0]
[1,0,0,0]
[1,0,0,0]
[1,0,0,0]
[1,0,0,0]
[1,0,0,0]
[1,0,0,0]
[1,0,0,0]
[1,0,0,0]
[1,0,0,0]
[1,0,0,0]
[1,0,0,0]
[1,0,0,0]
[1,0,0,0]
[1,0,0,0]
[1,0,0,0]
[1,0,0,0]
[1,0,0,0]
[1,0,0,0]
[1,0,0,0]
[1,0,0,0]
[1,0,0,0]
[1,0,0,0]
[1,0,0,0]
[1,0,0,0]
[1,0,0,0]
[1,0,0,0]
[1,0,0,0]
[1,0,0,0]
[1,0,0,0]
[1,0,0,0]
[1,0,0,0]
[1,0,0,0]
[1,0,0,0]
[1,0,0,0]
[1,0,0,0]
[1,0,0,0]
[1,0,0,0]
[1,0,0,0]
[1,0,0,0]
[1,0,0,0]
[1,0,0,0]
[1,0,0,0]
[1,0,0,0]
[1,0,0,0]
[1,0,0,0]
[1,0,0,0]
[1,0,0,0]
[1,0,0,0]
[1,0,0,0]
[1,0,0,0]
[1,0,0,0]
[1,0,0,0]
[1,0,0,0]
[1,0,0,0]
[1,0,0,0]
[1,0,0,0]
[1,0,0,0]
[1,0,0,0]
[1,0,0,0]
[1,0,0,0]
[1,0,0,0]
[1,0,0,0]
[1,0,0,0]
[1,0,0,0]
[1,0,0,0]
[1,0,0,0]
[1,0,0,0]
[1,0,0,0]
[1,0,0,0]
[1,0,0,0]
[1,0,0,0]
[1,0,0,0]
[1,0,0,0]
[1,0,0,0]
[1,0,0,0]
[1,0,0,0]
[1,0,0,0]
[1,0,0,0]
[1,0,0,0]
[1,0,0,0]
[1,0,0,0]
[1,0,0,0]
[1,0,0,0]
[1,0,0,0]
[1,0,0,0]
[1,0,0,0]
[1,0,0,0]
[1,0,0,0]
[1,0,0,0]
[1,0,0,0]
[1,0,0,0]
[1,0,0,0]
[1,0,0,0]
[1,0,0,0]
[1,0,0,0]
[1,0,0,0]
[1,0,0,0]
[1,0,0,0]
[1,0,0,0]
[1,0,0,0]
[1,0,0,0]
[1,0,0,0]
[1,0,0,0]
[1,0,0,0]
[1,0,0,0]
[1,0,0,0]
[1,0,0,0]
[1,0,0,0]
[1,0,0,0]
[1,0,0,0]
[1,0,0,0]
[1,0,0,0]
[1,0,0,0]
[1,0,0,0]
[1,0,0,0]
[1,0,0,0]
[1,0,0,0]
[1,0,0,0]
[1,0,0,0]
[1,0,0,0]
[1,0,0,0]
[1,0,0,0]
[1,0,0,0]
[1,0,0,0]
[1,0,0,0]
[1,0,0,0]
[1,0,0,0]
[1,0,0,0]
[1,0,0,0]
[1,0,0,0]
[1,0,0,0]
[1,0,0,0]
[1,0,0,0]
[1,0,0,0]
[1,0,0,0]
[1,0,0,0]
[1,0,0,0]
[1,0,0,0]
[1,0,0,0]
[1,0,0,0]
[1,0,0,0]
[1,0,0,0]
[1,0,0,0]
[1,0,0,0]
[1,0,0,0]
[1,0,0,0]
[1,0,0,0]
[1,0,0,0]
[1,0,0,0]
[1,0,0,0]
[1,0,0,0]
[1,0,0,0]
[1,0,0,0]
[1,0,0,0]
[1,0,0,0]
[1,0,0,0]
[1,0,0,0]
[1,0,0,0]
[1,0,0,0]
[1,0,0,0]
[1,0,0,0]
[1,0,0,0]
[1,0,0,0]
[1,0,0,0]
[1,0,0,0]
[1,0,0,0]
[1,0,0,0]
[1,0,0,0]
[1,0,0,0]
[1,0,0,0]
[1,0,0,0]
[1,0,0,0]
[1,0,0,0]
[1,0,0,0]
[1,0,0,0]
[1,0,0,0]
[1,0,0,0]
[1,0,0,0]
[1,0,0,0]
[1,0,0,0]
[1,0,0,0]
[1,0,0,0]
[1,0,0,0]
[1,0,0,0]
[1,0,0,0]
[1,0,0,0]
[1,0,0,0]
[1,0,0,0]
[1,0,0,0]
[1,0,0,0]
[1,0,0,0]
[1,0,0,0]
[1,0,0,0]
[1,0,0,0]
[1,0,0,0]
[1,0,0,0]
[1,0,0,0]
[1,0,0,0]
[1,0,0,0]
[1,0,0,0]
[1,0,0,0]
[1,0,0,0]
[1,0,0,0]
[1,0,0,0]
[1,0,0,0]
[1,0,0,0]
[1,0,0,0]
[1,0,0,0]
[1,0,0,0]
[1,0,0,0]
[1,0,0,0]
[1,0,0,0]
[1,0,0,0]
[1,0,0,0]
[1,0,0,0]
[1,0,0,0]
[1,0,0,0]
[1,0,0,0]
[1,0,0,0]
[1,0,0,0]
[1,0,0,0]
[1,0,0,0]
[1,0,0,0]
[1,0,0,0]
[1,0,0,0]
[1,0,0,0]
[1,0,0,0]
[1,0,0,0]
[1,0,0,0]
[1,0,0,0]
[1,0,0,0]
[1,0,0,0]
[1,0,0,0]
[1,0,0,0]
[1,0,0,0]
[1,0,0,0]
[1,0,0,0]
[1,0,0,0]
[1,0,0,0]
[1,0,0,0]
[1,0,0,0]
[1,0,0,0]
[1,0,0,0]
[1,0,0,0]
[1,0,0,0]
[1,0,0,0]
[1,0,0,0]
[1,0,0,0]
[1,0,0,0]
[1,0,0,0]
[1,0,0,0]
[1,0,0,0]
[1,0,0,0]
[1,0,0,0]
[1,0,0,0]
[1,0,0,0]
[1,0,0,0]
[1,0,0,0]
[1,0,0,0]
[1,0,0,0]
[1,0,0,0]
[1,0,0,0]
[1,0,0,0]
[1,0,0,0]
[1,0,0,0]
[1,0,0,0]
[1,0,0,0]
[1,0,0,0]
[1,0,0,0]
[1,0,0,0]
[1,0,0,0]
[1,0,0,0]
[1,0,0,0]
[1,0,0,0]
[1,0,0,0]
[1,0,0,0]
[1,0,0,0]
[1,0,0,0]
[1,0,0,0]
[1,0,0,0]
[1,0,0,0]
[1,0,0,0]
[1,0,0,0]
[1,0,0,0]
[1,0,0,0]
[1,0,0,0]
[1,0,0,0]
[1,0,0,0]
[1,0,0,0]
[1,0,0,0]
[1,0,0,0]
[1,0,0,0]
[1,0,0,0]
[1,0,0,0]
[1,0,0,0]
[1,0,0,0]
[1,0,0,0]
[1,0,0,0]
[1,0,0,0]
[1,0,0,0]
[1,0,0,0]
[1,0,0,0]
[1,0,0,0]
[1,0,0,0]
[1,0,0,0]
[1,0,0,0]
[1,0,0,0]
[1,0,0,0]
[1,0,0,0]
[1,0,0,0]
[1,0,0,0]
[1,0,0,0]
[1,0,0,0]
[1,0,0,0]
[1,0,0,0]
[1,0,0,0]
[1,0,0,0]
[1,0,0,0]
[1,0,0,0]
[1,0,0,0]
[1,0,0,0]
[1,0,0,0]
[1,0,0,0]
[1,0,0,0]
[1,0,0,0]
[1,0,0,0]
[1,0,0,0]
[1,0,0,0]
[1,0,0,0]
[1,0,0,0]
[1,0,0,0]
[1,0,0,0]
[1,0,0,0]
[1,0,0,0]
[1,0,0,0]
[1,0,0,0]
[1,0,0,0]
[1,0,0,0]
[1,0,0,0]
[1,0,0,0]
[1,0,0,0]
[1,0,0,0]
[1,0,0,0]
[1,0,0,0]
[1,0,0,0]
[1,0,0,0]
[1,0,0,0]
[1,0,0,0]
[1,0,0,0]
[1,0,0,0]
[1,0,0,0]
[1,0,0,0]
[1,0,0,0]
[1,0,0,0]
[1,0,0,0]
[1,0,0,0]
[1,0,0,0]
[1,0,0,0]
[1,0,0,0]
[1,0,0,0]
[1,0,0,0]
[1,0,0,0]
[1,0,0,0]
[1,0,0,0]
[1,0,0,0]
[1,0,0,0]
[1,0,0,0]
[1,0,0,0]
[1,0,0,0]
[1,0,0,0]
[1,0,0,0]
[1,0,0,0]
[1,0,0,0]
[1,0,0,0]
[1,0,0,0]
[1,0,0,0]
[1,0,0,0]
[1,0,0,0]
[1,0,0,0]
[1,0,0,0]
[1,0,0,0]
[1,0,0,0]
[1,0,0,0]
[1,0,0,0]
[1,0,0,0]
[1,0,0,0]
[1,0,0,0]
[1,0,0,0]
[1,0,0,0]
[1,0,0,0]
[1,0,0,0]
[1,0,0,0]
[1,0,0,0]
[1,0,0,0]
[1,0,0,0]
[1,0,0,0]
[1,0,0,0]
[1,0,0,0]
[1,0,0,0]
[1,0,0,0]
[1,0,0,0]
[1,0,0,0]
[1,0,0,0]
[1,0,0,0]
[1,0,0,0]
[1,0,0,0]
[1,0,0,0]
[1,0,0,0]
[1,0,0,0]
[1,0,0,0]
[1,0,0,0]
[1,0,0,0]
[1,0,0,0]
[1,0,0,0]
[1,0,0,0]
[1,0,0,0]
[1,0,0,0]
[1,0,0,0]
[1,0,0,0]
[1,0,0,0]
[1,0,0,0]
[1,0,0,0]
[1,0,0,0]
[1,0,0,0]
[1,0,0,0]
[1,0,0,0]
[1,0,0,0]
[1,0,0,0]
[1,0,0,0]
[1,0,0,0]
[1,0,0,0]
[1,0,0,0]
[1,0,0,0]
[1,0,0,0]
[1,0,0,0]
[1,0,0,0]
[1,0,0,0]
[1,0,0,0]
[1,0,0,0]
[1,0,0,0]
[1,0,0,0]
[1,0,0,0]
[1,0,0,0]
[1,0,0,0]
[1,0,0,0]
[1,0,0,0]
[1,0,0,0]
[1,0,0,0]
[1,0,0,0]
[1,0,0,0]
[1,0,0,0]
[1,0,0,0]
[1,0,0,0]
[1,0,0,0]
[1,0,0,0]
[1,0,0,0]
[1,0,0,0]
[1,0,0,0]
[1,0,0,0]
[1,0,0,0]
[1,0,0,0]
[1,0,0,0]
[1,0,0,0]
[1,0,0,0]
[1,0,0,0]
[1,0,0,0]
[1,0,0,0]
[1,0,0,0]
[1,0,0,0]
[1,0,0,0]
[1,0,0,0]
[1,0,0,0]
[1,0,0,0]
[1,0,0,0]
[1,0,0,0]
[1,0,0,0]
[1,0,0,0]
[1,0,0,0]
[1,0,0,0]
[1,0,0,0]
[1,0,0,0]
[1,0,0,0]
[1,0,0,0]
[1,0,0,0]
[1,0,0,0]
[1,0,0,0]
[1,0,0,0]
[1,0,0,0]
[1,0,0,0]
[1,0,0,0]
[1,0,0,0]
[1,0,0,0]
[1,0,0,0]
[1,0,0,0]
[1,0,0,0]
[1,0,0,0]
[1,0,0,0]
[1,0,0,0]
[1,0,0,0]
[1,0,0,0]
[1,0,0,0]
[1,0,0,0]
[1,0,0,0]
[1,0,0,0]
[1,0,0,0]
[1,0,0,0]
[1,0,0,0]
[1,0,0,0]
[1,0,0,0]
[1,0,0,0]
[1,0,0,0]
[1,0,0,0]
[1,0,0,0]
[1,0,0,0]
[1,0,0,0]
[1,0,0,0]
[1,0,0,0]
[1,0,0,0]
[1,0,0,0]
[1,0,0,0]
[1,0,0,0]
[1,0,0,0]
[1,0,0,0]
[1,0,0,0]
[1,0,0,0]
[1,0,0,0]
[1,0,0,0]
[1,0,0,0]
[1,0,0,0]
[1,0,0,0]
[1,0,0,0]
[1,0,0,0]
[1,0,0,0]
[1,0,0,0]
[1,0,0,0]
[1,0,0,0]
[1,0,0,0]
[1,0,0,0]
[1,0,0,0]
[1,0,0,0]
[1,0,0,0]
[1,0,0,0]
[1,0,0,0]
[1,0,0,0]
[1,0,0,0]
[1,0,0,0]
[1,0,0,0]
[1,0,0,0]
[1,0,0,0]
[1,0,0,0]
[1,0,0,0]
[1,0,0,0]
[1,0,0,0]
[1,0,0,0]
[1,0,0,0]
[1,0,0,0]
[1,0,0,0]
[1,0,0,0]
[1,0,0,0]
[1,0,0,0]
[1,0,0,0]
[1,0,0,0]
[1,0,0,0]
[1,0,0,0]
[1,0,0,0]
[1,0,0,0]
[1,0,0,0]
[1,0,0,0]
[1,0,0,0]
[1,0,0,0]
[1,0,0,0]
[1,0,0,0]
[1,0,0,0]
[1,0,0,0]
[1,0,0,0]
[1,0,0,0]
[1,0,0,0]
[1,0,0,0]
[1,0,0,0]
[1,0,0,0]
[1,0,0,0]
[1,0,0,0]
[1,0,0,0]
[1,0,0,0]
[1,0,0,0]
[1,0,0,0]
[1,0,0,0]
[1,0,0,0]
[1,0,0,0]
[1,0,0,0]
[1,0,0,0]
[1,0,0,0]
[1,0,0,0]
[1,0,0,0]
[1,0,0,0]
[1,0,0,0]
[1,0,0,0]
[1,0,0,0]
[1,0,0,0]
[1,0,0,0]
[1,0,0,0]
[1,0,0,0]
[1,0,0,0]
[1,0,0,0]
[1,0,0,0]
[1,0,0,0]
[1,0,0,0]
[1,0,0,0]
[1,0,0,0]
[1,0,0,0]
[1,0,0,0]
[1,0,0,0]
[1,0,0,0]
[1,0,0,0]
[1,0,0,0]
[1,0,0,0]
[1,0,0,0]
[1,0,0,0]
[1,0,0,0]
[1,0,0,0]
[1,0,0,0]
[1,0,0,0]
[1,0,0,0]
[1,0,0,0]
[1,0,0,0]
[1,0,0,0]
[1,0,0,0]
[1,0,0,0]
[1,0,0,0]
[1,0,0,0]
[1,0,0,0]
[1,0,0,0]
[1,0,0,0]
[1,0,0,0]
[1,0,0,0]
[1,0,0,0]
[1,0,0,0]
[1,0,0,0]
[1,0,0,0]
[1,0,0,0]
[1,0,0,0]
