290
10
[-5.97931,0,0]
[-5.95862,0,0]
[-5.93793,0,0]
[-5.91724,0,0]
[-5.89655,0,0]
[-5.87586,0,0]
[-5.85517,0,0]
[-5.83448,0,0]
[-5.81379,0,0]
[-5.7931,0,0]
[-5.77241,0,0]
[-5.75172,0,0]
[-5.73103,0,0]
[-5.71034,0,0]
[-5.68966,0,0]
[-5.66897,0,0]
[-5.64828,0,0]
[-5.62759,0,0]
[-5.6069,0,0]
[-5.58621,0,0]
[-5.56552,0,0]
[-5.54483,0,0]
[-5.52414,0,0]
[-5.50345,0,0]
[-5.48276,0,0]
[-5.46207,0,0]
[-5.44138,0,0]
[-5.42069,0,0]
[-5.4,0,0]
[-5.37931,0,0]
[-5.35862,0,0]
[-5.33793,0,0]
[-5.31724,0,0]
[-5.29655,0,0]
[-5.27586,0,0]
[-5.25517,0,0]
[-5.23448,0,0]
[-5.21379,0,0]
[-5.1931,0,0]
[-5.17241,0,0]
[-5.15172,0,0]
[-5.13103,0,0]
[-5.11034,0,0]
[-5.08966,0,0]
[-5.06897,0,0]
[-5.04828,0,0]
[-5.02759,0,0]
[-5.0069,0,0]
[-4.98621,0,0]
[-4.96552,0,0]
[-4.94483,0,0]
[-4.92414,0,0]
[-4.90345,0,0]
[-4.88276,0,0]
[-4.86207,0,0]
[-4.84138,0,0]
[-4.82069,0,0]
[-4.8,0,0]
[-4.77931,0,0]
[-4.75862,0,0]
[-4.73793,0,0]
[-4.71724,0,0]
[-4.69655,0,0]
[-4.67586,0,0]
[-4.65517,0,0]
[-4.63448,0,0]
[-4.61379,0,0]
[-4.5931,0,0]
[-4.57241,0,0]
[-4.55172,0,0]
[-4.53103,0,0]
[-4.51034,0,0]
[-4.48966,0,0]
[-4.46897,0,0]
[-4.44828,0,0]
[-4.42759,0,0]
[-4.4069,0,0]
[-4.38621,0,0]
[-4.36552,0,0]
[-4.34483,0,0]
[-4.32414,0,0]
[-4.30345,0,0]
[-4.28276,0,0]
[-4.26207,0,0]
[-4.24138,0,0]
[-4.22069,0,0]
[-4.2,0,0]
[-4.17931,0,0]
[-4.15862,0,0]
[-4.13793,0,0]
[-4.11724,0,0]
[-4.09655,0,0]
[-4.07586,0,0]
[-4.05517,0,0]
[-4.03448,0,0]
[-4.01379,0,0]
[-3.9931,0,0]
[-3.97241,0,0]
[-3.95172,0,0]
[-3.93103,0,0]
[-3.91034,0,0]
[-3.88966,0,0]
[-3.86897,0,0]
[-3.84828,0,0]
[-3.82759,0,0]
[-3.8069,0,0]
[-3.78621,0,0]
[-3.76552,0,0]
[-3.74483,0,0]
[-3.72414,0,0]
[-3.70345,0,0]
[-3.68276,0,0]
[-3.66207,0,0]
[-3.64138,0,0]
[-3.62069,0,0]
[-3.6,0,0]
[-3.57931,0,0]
[-3.55862,0,0]
[-3.53793,0,0]
[-3.51724,0,0]
[-3.49655,0,0]
[-3.47586,0,0]
[-3.45517,0,0]
[-3.43448,0,0]
[-3.41379,0,0]
[-3.3931,0,0]
[-3.37241,0,0]
[-3.35172,0,0]
[-3.33103,0,0]
[-3.31034,0,0]
[-3.28966,0,0]
[-3.26897,0,0]
[-3.24828,0,0]
[-3.22759,0,0]
[-3.2069,0,0]
[-3.18621,0,0]
[-3.16552,0,0]
[-3.14483,0,0]
[-3.12414,0,0]
[-3.10345,0,0]
[-3.08276,0,0]
[-3.06207,0,0]
[-3.04138,0,0]
[-3.02069,0,0]
[-3,0,0]
[-2.97931,0,0]
[-2.95862,0,0]
[-2.93793,0,0]
[-2.91724,0,0]
[-2.89655,0,0]
[-2.87586,0,0]
[-2.85517,0,0]
[-2.83448,0,0]
[-2.81379,0,0]
[-2.7931,0,0]
[-2.77241,0,0]
[-2.75172,0,0]
[-2.73103,0,0]
[-2.71034,0,0]
[-2.68966,0,0]
[-2.66897,0,0]
[-2.64828,0,0]
[-2.62759,0,0]
[-2.6069,0,0]
[-2.58621,0,0]
[-2.56552,0,0]
[-2.54483,0,0]
[-2.52414,0,0]
[-2.50345,0,0]
[-2.48276,0,0]
[-2.46207,0,0]
[-2.44138,0,0]
[-2.42069,0,0]
[-2.4,0,0]
[-2.37931,0,0]
[-2.35862,0,0]
[-2.33793,0,0]
[-2.31724,0,0]
[-2.29655,0,0]
[-2.27586,0,0]
[-2.25517,0,0]
[-2.23448,0,0]
[-2.21379,0,0]
[-2.1931,0,0]
[-2.17241,0,0]
[-2.15172,0,0]
[-2.13103,0,0]
[-2.11034,0,0]
[-2.08966,0,0]
[-2.06897,0,0]
[-2.04828,0,0]
[-2.02759,0,0]
[-2.0069,0,0]
[-1.98621,0,0]
[-1.96552,0,0]
[-1.94483,0,0]
[-1.92414,0,0]
[-1.90345,0,0]
[-1.88276,0,0]
[-1.86207,0,0]
[-1.84138,0,0]
[-1.82069,0,0]
[-1.8,0,0]
[-1.77931,0,0]
[-1.75862,0,0]
[-1.73793,0,0]
[-1.71724,0,0]
[-1.69655,0,0]
[-1.67586,0,0]
[-1.65517,0,0]
[-1.63448,0,0]
[-1.61379,0,0]
[-1.5931,0,0]
[-1.57241,0,0]
[-1.55172,0,0]
[-1.53103,0,0]
[-1.51034,0,0]
[-1.48966,0,0]
[-1.46897,0,0]
[-1.44828,0,0]
[-1.42759,0,0]
[-1.4069,0,0]
[-1.38621,0,0]
[-1.36552,0,0]
[-1.34483,0,0]
[-1.32414,0,0]
[-1.30345,0,0]
[-1.28276,0,0]
[-1.26207,0,0]
[-1.24138,0,0]
[-1.22069,0,0]
[-1.2,0,0]
[-1.17931,0,0]
[-1.15862,0,0]
[-1.13793,0,0]
[-1.11724,0,0]
[-1.09655,0,0]
[-1.07586,0,0]
[-1.05517,0,0]
[-1.03448,0,0]
[-1.01379,0,0]
[-0.993103,0,0]
[-0.972414,0,0]
[-0.951724,0,0]
[-0.931034,0,0]
[-0.910345,0,0]
[-0.889655,0,0]
[-0.868966,0,0]
[-0.848276,0,0]
[-0.827586,0,0]
[-0.806897,0,0]
[-0.786207,0,0]
[-0.765517,0,0]
[-0.744828,0,0]
[-0.724138,0,0]
[-0.703448,0,0]
[-0.682759,0,0]
[-0.662069,0,0]
[-0.641379,0,0]
[-0.62069,0,0]
[-0.6,0,0]
[-0.57931,0,0]
[-0.558621,0,0]
[-0.537931,0,0]
[-0.517241,0,0]
[-0.496552,0,0]
[-0.475862,0,0]
[-0.455172,0,0]
[-0.434483,0,0]
[-0.413793,0,0]
[-0.393103,0,0]
[-0.372414,0,0]
[-0.351724,0,0]
[-0.331034,0,0]
[-0.310345,0,0]
[-0.289655,0,0]
[-0.268966,0,0]
[-0.248276,0,0]
[-0.227586,0,0]
[-0.206897,0,0]
[-0.186207,0,0]
[-0.165517,0,0]
[-0.144828,0,0]
[-0.124138,0,0]
[-0.103448,0,0]
[-0.0827586,0,0]
[-0.062069,0,0]
[-0.0413793,0,0]
[-0.0206897,0,0]
[0,0,0]
[1,0,0,0]
[1,0,0,0]
[1,0,0,0]
[1,0,0,0]
[1,0,0,0]
[1,0,0,0]
[1,0,0,0]
[1,0,0,0]
[1,0,0,0]
[1,0,0,0]
[1,0,0,0]
[1,0,0,0]
[1,0,0,0]
[1,0,0,0]
[1,0,0,0]
[1,0,0,0]
[1,0,0,0]
[1,0,0,0]
[1,0,0,0]
[1,0,0,0]
[1,0,0,0]
[1,0,0,0]
[1,0,0,0]
[1,0,0,0]
[1,0,0,0]
[1,0,0,0]
[1,0,0,0]
[1,0,0,0]
[1,0,0,0]
[1,0,0,0]
[1,0,0,0]
[1,0,0,0]
[1,0,0,0]
[1,0,0,0]
[1,0,0,0]
[1,0,0,0]
[1,0,0,0]
[1,0,0,0]
[1,0,0,0]
[1,0,0,0]
[1,0,0,0]
[1,0,0,0]
[1,0,0,0]
[1,0,0,0]
[1,0,0,0]
[1,0,0,0]
[1,0,0,0]
[1,0,0,0]
[1,0,0,0]
[1,0,0,0]
[1,0,0,0]
[1,0,0,0]
[1,0,0,0]
[1,0,0,0]
[1,0,0,0]
[1,0,0,0]
[1,0,0,0]
[1,0,0,0]
[1,0,0,0]
[1,0,0,0]
[1,0,0,0]
[1,0,0,0]
[1,0,0,0]
[1,0,0,0]
[1,0,0,0]
[1,0,0,0]
[1,0,0,0]
[1,0,0,0]
[1,0,0,0]
[1,0,0,0]
[1,0,0,0]
[1,0,0,0]
[1,0,0,0]
[1,0,0,0]
[1,0,0,0]
[1,0,0,0]
[1,0,0,0]
[1,0,0,0]
[1,0,0,0]
[1,0,0,0]
[1,0,0,0]
[1,0,0,0]
[1,0,0,0]
[1,0,0,0]
[1,0,0,0]
[1,0,0,0]
[1,0,0,0]
[1,0,0,0]
[1,0,0,0]
[1,0,0,0]
[1,0,0,0]
[1,0,0,0]
[1,0,0,0]
[1,0,0,0]
[1,0,0,0]
[1,0,0,0]
[1,0,0,0]
[1,0,0,0]
[1,0,0,0]
[1,0,0,0]
[1,0,0,0]
[1,0,0,0]
[1,0,0,0]
[1,0,0,0]
[1,0,0,0]
[1,0,0,0]
[1,0,0,0]
[1,0,0,0]
[1,0,0,0]
[1,0,0,0]
[1,0,0,0]
[1,0,0,0]
[1,0,0,0]
[1,0,0,0]
[1,0,0,0]
[1,0,0,0]
[1,0,0,0]
[1,0,0,0]
[1,0,0,0]
[1,0,0,0]
[1,0,0,0]
[1,0,0,0]
[1,0,0,0]
[1,0,0,0]
[1,0,0,0]
[1,0,0,0]
[1,0,0,0]
[1,0,0,0]
[1,0,0,0]
[1,0,0,0]
[1,0,0,0]
[1,0,0,0]
[1,0,0,0]
[1,0,0,0]
[1,0,0,0]
[1,0,0,0]
[1,0,0,0]
[1,0,0,0]
[1,0,0,0]
[1,0,0,0]
[1,0,0,0]
[1,0,0,0]
[1,0,0,0]
[1,0,0,0]
[1,0,0,0]
[1,0,0,0]
[1,0,0,0]
[1,0,0,0]
[1,0,0,0]
[1,0,0,0]
[1,0,0,0]
[1,0,0,0]
[1,0,0,0]
[1,0,0,0]
[1,0,0,0]
[1,0,0,0]
[1,0,0,0]
[1,0,0,0]
[1,0,0,0]
[1,0,0,0]
[1,0,0,0]
[1,0,0,0]
[1,0,0,0]
[1,0,0,0]
[1,0,0,0]
[1,0,0,0]
[1,0,0,0]
[1,0,0,0]
[1,0,0,0]
[1,0,0,0]
[1,0,0,0]
[1,0,0,0]
[1,0,0,0]
[1,0,0,0]
[1,0,0,0]
[1,0,0,0]
[1,0,0,0]
[1,0,0,0]
[1,0,0,0]
[1,0,0,0]
[1,0,0,0]
[1,0,0,0]
[1,0,0,0]
[1,0,0,0]
[1,0,0,0]
[1,0,0,0]
[1,0,0,0]
[1,0,0,0]
[1,0,0,0]
[1,0,0,0]
[1,0,0,0]
[1,0,0,0]
[1,0,0,0]
[1,0,0,0]
[1,0,0,0]
[1,0,0,0]
[1,0,0,0]
[1,0,0,0]
[1,0,0,0]
[1,0,0,0]
[1,0,0,0]
[1,0,0,0]
[1,0,0,0]
[1,0,0,0]
[1,0,0,0]
[1,0,0,0]
[1,0,0,0]
[1,0,0,0]
[1,0,0,0]
[1,0,0,0]
[1,0,0,0]
[1,0,0,0]
[1,0,0,0]
[1,0,0,0]
[1,0,0,0]
[1,0,0,0]
[1,0,0,0]
[1,0,0,0]
[1,0,0,0]
[1,0,0,0]
[1,0,0,0]
[1,0,0,0]
[1,0,0,0]
[1,0,0,0]
[1,0,0,0]
[1,0,0,0]
[1,0,0,0]
[1,0,0,0]
[1,0,0,0]
[1,0,0,0]
[1,0,0,0]
[1,0,0,0]
[1,0,0,0]
[1,0,0,0]
[1,0,0,0]
[1,0,0,0]
[1,0,0,0]
[1,0,0,0]
[1,0,0,0]
[1,0,0,0]
[1,0,0,0]
[1,0,0,0]
[1,0,0,0]
[1,0,0,0]
[1,0,0,0]
[1,0,0,0]
[1,0,0,0]
[1,0,0,0]
[1,0,0,0]
[1,0,0,0]
[1,0,0,0]
[1,0,0,0]
[1,0,0,0]
[1,0,0,0]
[1,0,0,0]
[1,0,0,0]
[1,0,0,0]
[1,0,0,0]
[1,0,0,0]
[1,0,0,0]
[1,0,0,0]
[1,0,0,0]
[1,0,0,0]
[1,0,0,0]
[1,0,0,0]
[1,0,0,0]
[1,0,0,0]
[1,0,0,0]
[1,0,0,0]
[1,0,0,0]
[1,0,0,0]
[1,0,0,0]
[1,0,0,0]
[1,0,0,0]
[1,0,0,0]
[1,0,0,0]
[1,0,0,0]
[1,0,0,0]
[1,0,0,0]
[1,0,0,0]
[1,0,0,0]
[1,0,0,0]
[1,0,0,0]
[1,0,0,0]
[1,0,0,0]
[1,0,0,0]
[1,0,0,0]
[1,0,0,0]
[1,0,0,0]
[1,0,0,0]
