620
10
[-5.99032,0,0]
[-5.98065,0,0]
[-5.97097,0,0]
[-5.96129,0,0]
[-5.95161,0,0]
[-5.94194,0,0]
[-5.93226,0,0]
[-5.92258,0,0]
[-5.9129,0,0]
[-5.90323,0,0]
[-5.89355,0,0]
[-5.88387,0,0]
[-5.87419,0,0]
[-5.86452,0,0]
[-5.85484,0,0]
[-5.84516,0,0]
[-5.83548,0,0]
[-5.82581,0,0]
[-5.81613,0,0]
[-5.80645,0,0]
[-5.79677,0,0]
[-5.7871,0,0]
[-5.77742,0,0]
[-5.76774,0,0]
[-5.75806,0,0]
[-5.74839,0,0]
[-5.73871,0,0]
[-5.72903,0,0]
[-5.71935,0,0]
[-5.70968,0,0]
[-5.7,0,0]
[-5.69032,0,0]
[-5.68065,0,0]
[-5.67097,0,0]
[-5.66129,0,0]
[-5.65161,0,0]
[-5.64194,0,0]
[-5.63226,0,0]
[-5.62258,0,0]
[-5.6129,0,0]
[-5.60323,0,0]
[-5.59355,0,0]
[-5.58387,0,0]
[-5.57419,0,0]
[-5.56452,0,0]
[-5.55484,0,0]
[-5.54516,0,0]
[-5.53548,0,0]
[-5.52581,0,0]
[-5.51613,0,0]
[-5.50645,0,0]
[-5.49677,0,0]
[-5.4871,0,0]
[-5.47742,0,0]
[-5.46774,0,0]
[-5.45806,0,0]
[-5.44839,0,0]
[-5.43871,0,0]
[-5.42903,0,0]
[-5.41935,0,0]
[-5.40968,0,0]
[-5.4,0,0]
[-5.39032,0,0]
[-5.38065,0,0]
[-5.37097,0,0]
[-5.36129,0,0]
[-5.35161,0,0]
[-5.34194,0,0]
[-5.33226,0,0]
[-5.32258,0,0]
[-5.3129,0,0]
[-5.30323,0,0]
[-5.29355,0,0]
[-5.28387,0,0]
[-5.27419,0,0]
[-5.26452,0,0]
[-5.25484,0,0]
[-5.24516,0,0]
[-5.23548,0,0]
[-5.22581,0,0]
[-5.21613,0,0]
[-5.20645,0,0]
[-5.19677,0,0]
[-5.1871,0,0]
[-5.17742,0,0]
[-5.16774,0,0]
[-5.15806,0,0]
[-5.14839,0,0]
[-5.13871,0,0]
[-5.12903,0,0]
[-5.11935,0,0]
[-5.10968,0,0]
[-5.1,0,0]
[-5.09032,0,0]
[-5.08065,0,0]
[-5.07097,0,0]
[-5.06129,0,0]
[-5.05161,0,0]
[-5.04194,0,0]
[-5.03226,0,0]
[-5.02258,0,0]
[-5.0129,0,0]
[-5.00323,0,0]
[-4.99355,0,0]
[-4.98387,0,0]
[-4.97419,0,0]
[-4.96452,0,0]
[-4.95484,0,0]
[-4.94516,0,0]
[-4.93548,0,0]
[-4.92581,0,0]
[-4.91613,0,0]
[-4.90645,0,0]
[-4.89677,0,0]
[-4.8871,0,0]
[-4.87742,0,0]
[-4.86774,0,0]
[-4.85806,0,0]
[-4.84839,0,0]
[-4.83871,0,0]
[-4.82903,0,0]
[-4.81935,0,0]
[-4.80968,0,0]
[-4.8,0,0]
[-4.79032,0,0]
[-4.78065,0,0]
[-4.77097,0,0]
[-4.76129,0,0]
[-4.75161,0,0]
[-4.74194,0,0]
[-4.73226,0,0]
[-4.72258,0,0]
[-4.7129,0,0]
[-4.70323,0,0]
[-4.69355,0,0]
[-4.68387,0,0]
[-4.67419,0,0]
[-4.66452,0,0]
[-4.65484,0,0]
[-4.64516,0,0]
[-4.63548,0,0]
[-4.62581,0,0]
[-4.61613,0,0]
[-4.60645,0,0]
[-4.59677,0,0]
[-4.5871,0,0]
[-4.57742,0,0]
[-4.56774,0,0]
[-4.55806,0,0]
[-4.54839,0,0]
[-4.53871,0,0]
[-4.52903,0,0]
[-4.51935,0,0]
[-4.50968,0,0]
[-4.5,0,0]
[-4.49032,0,0]
[-4.48065,0,0]
[-4.47097,0,0]
[-4.46129,0,0]
[-4.45161,0,0]
[-4.44194,0,0]
[-4.43226,0,0]
[-4.42258,0,0]
[-4.4129,0,0]
[-4.40323,0,0]
[-4.39355,0,0]
[-4.38387,0,0]
[-4.37419,0,0]
[-4.36452,0,0]
[-4.35484,0,0]
[-4.34516,0,0]
[-4.33548,0,0]
[-4.32581,0,0]
[-4.31613,0,0]
[-4.30645,0,0]
[-4.29677,0,0]
[-4.2871,0,0]
[-4.27742,0,0]
[-4.26774,0,0]
[-4.25806,0,0]
[-4.24839,0,0]
[-4.23871,0,0]
[-4.22903,0,0]
[-4.21935,0,0]
[-4.20968,0,0]
[-4.2,0,0]
[-4.19032,0,0]
[-4.18065,0,0]
[-4.17097,0,0]
[-4.16129,0,0]
[-4.15161,0,0]
[-4.14194,0,0]
[-4.13226,0,0]
[-4.12258,0,0]
[-4.1129,0,0]
[-4.10323,0,0]
[-4.09355,0,0]
[-4.08387,0,0]
[-4.07419,0,0]
[-4.06452,0,0]
[-4.05484,0,0]
[-4.04516,0,0]
[-4.03548,0,0]
[-4.02581,0,0]
[-4.01613,0,0]
[-4.00645,0,0]
[-3.99677,0,0]
[-3.9871,0,0]
[-3.97742,0,0]
[-3.96774,0,0]
[-3.95806,0,0]
[-3.94839,0,0]
[-3.93871,0,0]
[-3.92903,0,0]
[-3.91935,0,0]
[-3.90968,0,0]
[-3.9,0,0]
[-3.89032,0,0]
[-3.88065,0,0]
[-3.87097,0,0]
[-3.86129,0,0]
[-3.85161,0,0]
[-3.84194,0,0]
[-3.83226,0,0]
[-3.82258,0,0]
[-3.8129,0,0]
[-3.80323,0,0]
[-3.79355,0,0]
[-3.78387,0,0]
[-3.77419,0,0]
[-3.76452,0,0]
[-3.75484,0,0]
[-3.74516,0,0]
[-3.73548,0,0]
[-3.72581,0,0]
[-3.71613,0,0]
[-3.70645,0,0]
[-3.69677,0,0]
[-3.6871,0,0]
[-3.67742,0,0]
[-3.66774,0,0]
[-3.65806,0,0]
[-3.64839,0,0]
[-3.63871,0,0]
[-3.62903,0,0]
[-3.61935,0,0]
[-3.60968,0,0]
[-3.6,0,0]
[-3.59032,0,0]
[-3.58065,0,0]
[-3.57097,0,0]
[-3.56129,0,0]
[-3.55161,0,0]
[-3.54194,0,0]
[-3.53226,0,0]
[-3.52258,0,0]
[-3.5129,0,0]
[-3.50323,0,0]
[-3.49355,0,0]
[-3.48387,0,0]
[-3.47419,0,0]
[-3.46452,0,0]
[-3.45484,0,0]
[-3.44516,0,0]
[-3.43548,0,0]
[-3.42581,0,0]
[-3.41613,0,0]
[-3.40645,0,0]
[-3.39677,0,0]
[-3.3871,0,0]
[-3.37742,0,0]
[-3.36774,0,0]
[-3.35806,0,0]
[-3.34839,0,0]
[-3.33871,0,0]
[-3.32903,0,0]
[-3.31935,0,0]
[-3.30968,0,0]
[-3.3,0,0]
[-3.29032,0,0]
[-3.28065,0,0]
[-3.27097,0,0]
[-3.26129,0,0]
[-3.25161,0,0]
[-3.24194,0,0]
[-3.23226,0,0]
[-3.22258,0,0]
[-3.2129,0,0]
[-3.20323,0,0]
[-3.19355,0,0]
[-3.18387,0,0]
[-3.17419,0,0]
[-3.16452,0,0]
[-3.15484,0,0]
[-3.14516,0,0]
[-3.13548,0,0]
[-3.12581,0,0]
[-3.11613,0,0]
[-3.10645,0,0]
[-3.09677,0,0]
[-3.0871,0,0]
[-3.07742,0,0]
[-3.06774,0,0]
[-3.05806,0,0]
[-3.04839,0,0]
[-3.03871,0,0]
[-3.02903,0,0]
[-3.01935,0,0]
[-3.00968,0,0]
[-3,0,0]
[-2.99032,0,0]
[-2.98065,0,0]
[-2.97097,0,0]
[-2.96129,0,0]
[-2.95161,0,0]
[-2.94194,0,0]
[-2.93226,0,0]
[-2.92258,0,0]
[-2.9129,0,0]
[-2.90323,0,0]
[-2.89355,0,0]
[-2.88387,0,0]
[-2.87419,0,0]
[-2.86452,0,0]
[-2.85484,0,0]
[-2.84516,0,0]
[-2.83548,0,0]
[-2.82581,0,0]
[-2.81613,0,0]
[-2.80645,0,0]
[-2.79677,0,0]
[-2.7871,0,0]
[-2.77742,0,0]
[-2.76774,0,0]
[-2.75806,0,0]
[-2.74839,0,0]
[-2.73871,0,0]
[-2.72903,0,0]
[-2.71935,0,0]
[-2.70968,0,0]
[-2.7,0,0]
[-2.69032,0,0]
[-2.68065,0,0]
[-2.67097,0,0]
[-2.66129,0,0]
[-2.65161,0,0]
[-2.64194,0,0]
[-2.63226,0,0]
[-2.62258,0,0]
[-2.6129,0,0]
[-2.60323,0,0]
[-2.59355,0,0]
[-2.58387,0,0]
[-2.57419,0,0]
[-2.56452,0,0]
[-2.55484,0,0]
[-2.54516,0,0]
[-2.53548,0,0]
[-2.52581,0,0]
[-2.51613,0,0]
[-2.50645,0,0]
[-2.49677,0,0]
[-2.4871,0,0]
[-2.47742,0,0]
[-2.46774,0,0]
[-2.45806,0,0]
[-2.44839,0,0]
[-2.43871,0,0]
[-2.42903,0,0]
[-2.41935,0,0]
[-2.40968,0,0]
[-2.4,0,0]
[-2.39032,0,0]
[-2.38065,0,0]
[-2.37097,0,0]
[-2.36129,0,0]
[-2.35161,0,0]
[-2.34194,0,0]
[-2.33226,0,0]
[-2.32258,0,0]
[-2.3129,0,0]
[-2.30323,0,0]
[-2.29355,0,0]
[-2.28387,0,0]
[-2.27419,0,0]
[-2.26452,0,0]
[-2.25484,0,0]
[-2.24516,0,0]
[-2.23548,0,0]
[-2.22581,0,0]
[-2.21613,0,0]
[-2.20645,0,0]
[-2.19677,0,0]
[-2.1871,0,0]
[-2.17742,0,0]
[-2.16774,0,0]
[-2.15806,0,0]
[-2.14839,0,0]
[-2.13871,0,0]
[-2.12903,0,0]
[-2.11935,0,0]
[-2.10968,0,0]
[-2.1,0,0]
[-2.09032,0,0]
[-2.08065,0,0]
[-2.07097,0,0]
[-2.06129,0,0]
[-2.05161,0,0]
[-2.04194,0,0]
[-2.03226,0,0]
[-2.02258,0,0]
[-2.0129,0,0]
[-2.00323,0,0]
[-1.99355,0,0]
[-1.98387,0,0]
[-1.97419,0,0]
[-1.96452,0,0]
[-1.95484,0,0]
[-1.94516,0,0]
[-1.93548,0,0]
[-1.92581,0,0]
[-1.91613,0,0]
[-1.90645,0,0]
[-1.89677,0,0]
[-1.8871,0,0]
[-1.87742,0,0]
[-1.86774,0,0]
[-1.85806,0,0]
[-1.84839,0,0]
[-1.83871,0,0]
[-1.82903,0,0]
[-1.81935,0,0]
[-1.80968,0,0]
[-1.8,0,0]
[-1.79032,0,0]
[-1.78065,0,0]
[-1.77097,0,0]
[-1.76129,0,0]
[-1.75161,0,0]
[-1.74194,0,0]
[-1.73226,0,0]
[-1.72258,0,0]
[-1.7129,0,0]
[-1.70323,0,0]
[-1.69355,0,0]
[-1.68387,0,0]
[-1.67419,0,0]
[-1.66452,0,0]
[-1.65484,0,0]
[-1.64516,0,0]
[-1.63548,0,0]
[-1.62581,0,0]
[-1.61613,0,0]
[-1.60645,0,0]
[-1.59677,0,0]
[-1.5871,0,0]
[-1.57742,0,0]
[-1.56774,0,0]
[-1.55806,0,0]
[-1.54839,0,0]
[-1.53871,0,0]
[-1.52903,0,0]
[-1.51935,0,0]
[-1.50968,0,0]
[-1.5,0,0]
[-1.49032,0,0]
[-1.48065,0,0]
[-1.47097,0,0]
[-1.46129,0,0]
[-1.45161,0,0]
[-1.44194,0,0]
[-1.43226,0,0]
[-1.42258,0,0]
[-1.4129,0,0]
[-1.40323,0,0]
[-1.39355,0,0]
[-1.38387,0,0]
[-1.37419,0,0]
[-1.36452,0,0]
[-1.35484,0,0]
[-1.34516,0,0]
[-1.33548,0,0]
[-1.32581,0,0]
[-1.31613,0,0]
[-1.30645,0,0]
[-1.29677,0,0]
[-1.2871,0,0]
[-1.27742,0,0]
[-1.26774,0,0]
[-1.25806,0,0]
[-1.24839,0,0]
[-1.23871,0,0]
[-1.22903,0,0]
[-1.21935,0,0]
[-1.20968,0,0]
[-1.2,0,0]
[-1.19032,0,0]
[-1.18065,0,0]
[-1.17097,0,0]
[-1.16129,0,0]
[-1.15161,0,0]
[-1.14194,0,0]
[-1.13226,0,0]
[-1.12258,0,0]
[-1.1129,0,0]
[-1.10323,0,0]
[-1.09355,0,0]
[-1.08387,0,0]
[-1.07419,0,0]
[-1.06452,0,0]
[-1.05484,0,0]
[-1.04516,0,0]
[-1.03548,0,0]
[-1.02581,0,0]
[-1.01613,0,0]
[-1.00645,0,0]
[-0.996774,0,0]
[-0.987097,0,0]
[-0.977419,0,0]
[-0.967742,0,0]
[-0.958065,0,0]
[-0.948387,0,0]
[-0.93871,0,0]
[-0.929032,0,0]
[-0.919355,0,0]
[-0.909677,0,0]
[-0.9,0,0]
[-0.890323,0,0]
[-0.880645,0,0]
[-0.870968,0,0]
[-0.86129,0,0]
[-0.851613,0,0]
[-0.841935,0,0]
[-0.832258,0,0]
[-0.822581,0,0]
[-0.812903,0,0]
[-0.803226,0,0]
[-0.793548,0,0]
[-0.783871,0,0]
[-0.774194,0,0]
[-0.764516,0,0]
[-0.754839,0,0]
[-0.745161,0,0]
[-0.735484,0,0]
[-0.725806,0,0]
[-0.716129,0,0]
[-0.706452,0,0]
[-0.696774,0,0]
[-0.687097,0,0]
[-0.677419,0,0]
[-0.667742,0,0]
[-0.658065,0,0]
[-0.648387,0,0]
[-0.63871,0,0]
[-0.629032,0,0]
[-0.619355,0,0]
[-0.609677,0,0]
[-0.6,0,0]
[-0.590323,0,0]
[-0.580645,0,0]
[-0.570968,0,0]
[-0.56129,0,0]
[-0.551613,0,0]
[-0.541935,0,0]
[-0.532258,0,0]
[-0.522581,0,0]
[-0.512903,0,0]
[-0.503226,0,0]
[-0.493548,0,0]
[-0.483871,0,0]
[-0.474194,0,0]
[-0.464516,0,0]
[-0.454839,0,0]
[-0.445161,0,0]
[-0.435484,0,0]
[-0.425806,0,0]
[-0.416129,0,0]
[-0.406452,0,0]
[-0.396774,0,0]
[-0.387097,0,0]
[-0.377419,0,0]
[-0.367742,0,0]
[-0.358065,0,0]
[-0.348387,0,0]
[-0.33871,0,0]
[-0.329032,0,0]
[-0.319355,0,0]
[-0.309677,0,0]
[-0.3,0,0]
[-0.290323,0,0]
[-0.280645,0,0]
[-0.270968,0,0]
[-0.26129,0,0]
[-0.251613,0,0]
[-0.241935,0,0]
[-0.232258,0,0]
[-0.222581,0,0]
[-0.212903,0,0]
[-0.203226,0,0]
[-0.193548,0,0]
[-0.183871,0,0]
[-0.174194,0,0]
[-0.164516,0,0]
[-0.154839,0,0]
[-0.145161,0,0]
[-0.135484,0,0]
[-0.125806,0,0]
[-0.116129,0,0]
[-0.106452,0,0]
[-0.0967742,0,0]
[-0.0870968,0,0]
[-0.0774194,0,0]
[-0.0677419,0,0]
[-0.0580645,0,0]
[-0.0483871,0,0]
[-0.0387097,0,0]
[-0.0290323,0,0]
[-0.0193548,0,0]
[-0.00967742,0,0]
[0,0,0]
[1,0,0,0]
[1,0,0,0]
[1,0,0,0]
[1,0,0,0]
[1,0,0,0]
[1,0,0,0]
[1,0,0,0]
[1,0,0,0]
[1,0,0,0]
[1,0,0,0]
[1,0,0,0]
[1,0,0,0]
[1,0,0,0]
[1,0,0,0]
[1,0,0,0]
[1,0,0,0]
[1,0,0,0]
[1,0,0,0]
[1,0,0,0]
[1,0,0,0]
[1,0,0,0]
[1,0,0,0]
[1,0,0,0]
[1,0,0,0]
[1,0,0,0]
[1,0,0,0]
[1,0,0,0]
[1,0,0,0]
[1,0,0,0]
[1,0,0,0]
[1,0,0,0]
[1,0,0,0]
[1,0,0,0]
[1,0,0,0]
[1,0,0,0]
[1,0,0,0]
[1,0,0,0]
[1,0,0,0]
[1,0,0,0]
[1,0,0,0]
[1,0,0,0]
[1,0,0,0]
[1,0,0,0]
[1,0,0,0]
[1,0,0,0]
[1,0,0,0]
[1,0,0,0]
[1,0,0,0]
[1,0,0,0]
[1,0,0,0]
[1,0,0,0]
[1,0,0,0]
[1,0,0,0]
[1,0,0,0]
[1,0,0,0]
[1,0,0,0]
[1,0,0,0]
[1,0,0,0]
[1,0,0,0]
[1,0,0,0]
[1,0,0,0]
[1,0,0,0]
[1,0,0,0]
[1,0,0,0]
[1,0,0,0]
[1,0,0,0]
[1,0,0,0]
[1,0,0,0]
[1,0,0,0]
[1,0,0,0]
[1,0,0,0]
[1,0,0,0]
[1,0,0,0]
[1,0,0,0]
[1,0,0,0]
[1,0,0,0]
[1,0,0,0]
[1,0,0,0]
[1,0,0,0]
[1,0,0,0]
[1,0,0,0]
[1,0,0,0]
[1,0,0,0]
[1,0,0,0]
[1,0,0,0]
[1,0,0,0]
[1,0,0,0]
[1,0,0,0]
[1,0,0,0]
[1,0,0,0]
[1,0,0,0]
[1,0,0,0]
[1,0,0,0]
[1,0,0,0]
[1,0,0,0]
[1,0,0,0]
[1,0,0,0]
[1,0,0,0]
[1,0,0,0]
[1,0,0,0]
[1,0,0,0]
[1,0,0,0]
[1,0,0,0]
[1,0,0,0]
[1,0,0,0]
[1,0,0,0]
[1,0,0,0]
[1,0,0,0]
[1,0,0,0]
[1,0,0,0]
[1,0,0,0]
[1,0,0,0]
[1,0,0,0]
[1,0,0,0]
[1,0,0,0]
[1,0,0,0]
[1,0,0,0]
[1,0,0,0]
[1,0,0,0]
[1,0,0,0]
[1,0,0,0]
[1,0,0,0]
[1,0,0,0]
[1,0,0,0]
[1,0,0,0]
[1,0,0,0]
[1,0,0,0]
[1,0,0,0]
[1,0,0,0]
[1,0,0,0]
[1,0,0,0]
[1,0,0,0]
[1,0,0,0]
[1,0,0,0]
[1,0,0,0]
[1,0,0,0]
[1,0,0,0]
[1,0,0,0]
[1,0,0,0]
[1,0,0,0]
[1,0,0,0]
[1,0,0,0]
[1,0,0,0]
[1,0,0,0]
[1,0,0,0]
[1,0,0,0]
[1,0,0,0]
[1,0,0,0]
[1,0,0,0]
[1,0,0,0]
[1,0,0,0]
[1,0,0,0]
[1,0,0,0]
[1,0,0,0]
[1,0,0,0]
[1,0,0,0]
[1,0,0,0]
[1,0,0,0]
[1,0,0,0]
[1,0,0,0]
[1,0,0,0]
[1,0,0,0]
[1,0,0,0]
[1,0,0,0]
[1,0,0,0]
[1,0,0,0]
[1,0,0,0]
[1,0,0,0]
[1,0,0,0]
[1,0,0,0]
[1,0,0,0]
[1,0,0,0]
[1,0,0,0]
[1,0,0,0]
[1,0,0,0]
[1,0,0,0]
[1,0,0,0]
[1,0,0,0]
[1,0,0,0]
[1,0,0,0]
[1,0,0,0]
[1,0,0,0]
[1,0,0,0]
[1,0,0,0]
[1,0,0,0]
[1,0,0,0]
[1,0,0,0]
[1,0,0,0]
[1,0,0,0]
[1,0,0,0]
[1,0,0,0]
[1,0,0,0]
[1,0,0,0]
[1,0,0,0]
[1,0,0,0]
[1,0,0,0]
[1,0,0,0]
[1,0,0,0]
[1,0,0,0]
[1,0,0,0]
[1,0,0,0]
[1,0,0,0]
[1,0,0,0]
[1,0,0,0]
[1,0,0,0]
[1,0,0,0]
[1,0,0,0]
[1,0,0,0]
[1,0,0,0]
[1,0,0,0]
[1,0,0,0]
[1,0,0,0]
[1,0,0,0]
[1,0,0,0]
[1,0,0,0]
[1,0,0,0]
[1,0,0,0]
[1,0,0,0]
[1,0,0,0]
[1,0,0,0]
[1,0,0,0]
[1,0,0,0]
[1,0,0,0]
[1,0,0,0]
[1,0,0,0]
[1,0,0,0]
[1,0,0,0]
[1,0,0,0]
[1,0,0,0]
[1,0,0,0]
[1,0,0,0]
[1,0,0,0]
[1,0,0,0]
[1,0,0,0]
[1,0,0,0]
[1,0,0,0]
[1,0,0,0]
[1,0,0,0]
[1,0,0,0]
[1,0,0,0]
[1,0,0,0]
[1,0,0,0]
[1,0,0,0]
[1,0,0,0]
[1,0,0,0]
[1,0,0,0]
[1,0,0,0]
[1,0,0,0]
[1,0,0,0]
[1,0,0,0]
[1,0,0,0]
[1,0,0,0]
[1,0,0,0]
[1,0,0,0]
[1,0,0,0]
[1,0,0,0]
[1,0,0,0]
[1,0,0,0]
[1,0,0,0]
[1,0,0,0]
[1,0,0,0]
[1,0,0,0]
[1,0,0,0]
[1,0,0,0]
[1,0,0,0]
[1,0,0,0]
[1,0,0,0]
[1,0,0,0]
[1,0,0,0]
[1,0,0,0]
[1,0,0,0]
[1,0,0,0]
[1,0,0,0]
[1,0,0,0]
[1,0,0,0]
[1,0,0,0]
[1,0,0,0]
[1,0,0,0]
[1,0,0,0]
[1,0,0,0]
[1,0,0,0]
[1,0,0,0]
[1,0,0,0]
[1,0,0,0]
[1,0,0,0]
[1,0,0,0]
[1,0,0,0]
[1,0,0,0]
[1,0,0,0]
[1,0,0,0]
[1,0,0,0]
[1,0,0,0]
[1,0,0,0]
[1,0,0,0]
[1,0,0,0]
[1,0,0,0]
[1,0,0,0]
[1,0,0,0]
[1,0,0,0]
[1,0,0,0]
[1,0,0,0]
[1,0,0,0]
[1,0,0,0]
[1,0,0,0]
[1,0,0,0]
[1,0,0,0]
[1,0,0,0]
[1,0,0,0]
[1,0,0,0]
[1,0,0,0]
[1,0,0,0]
[1,0,0,0]
[1,0,0,0]
[1,0,0,0]
[1,0,0,0]
[1,0,0,0]
[1,0,0,0]
[1,0,0,0]
[1,0,0,0]
[1,0,0,0]
[1,0,0,0]
[1,0,0,0]
[1,0,0,0]
[1,0,0,0]
[1,0,0,0]
[1,0,0,0]
[1,0,0,0]
[1,0,0,0]
[1,0,0,0]
[1,0,0,0]
[1,0,0,0]
[1,0,0,0]
[1,0,0,0]
[1,0,0,0]
[1,0,0,0]
[1,0,0,0]
[1,0,0,0]
[1,0,0,0]
[1,0,0,0]
[1,0,0,0]
[1,0,0,0]
[1,0,0,0]
[1,0,0,0]
[1,0,0,0]
[1,0,0,0]
[1,0,0,0]
[1,0,0,0]
[1,0,0,0]
[1,0,0,0]
[1,0,0,0]
[1,0,0,0]
[1,0,0,0]
[1,0,0,0]
[1,0,0,0]
[1,0,0,0]
[1,0,0,0]
[1,0,0,0]
[1,0,0,0]
[1,0,0,0]
[1,0,0,0]
[1,0,0,0]
[1,0,0,0]
[1,0,0,0]
[1,0,0,0]
[1,0,0,0]
[1,0,0,0]
[1,0,0,0]
[1,0,0,0]
[1,0,0,0]
[1,0,0,0]
[1,0,0,0]
[1,0,0,0]
[1,0,0,0]
[1,0,0,0]
[1,0,0,0]
[1,0,0,0]
[1,0,0,0]
[1,0,0,0]
[1,0,0,0]
[1,0,0,0]
[1,0,0,0]
[1,0,0,0]
[1,0,0,0]
[1,0,0,0]
[1,0,0,0]
[1,0,0,0]
[1,0,0,0]
[1,0,0,0]
[1,0,0,0]
[1,0,0,0]
[1,0,0,0]
[1,0,0,0]
[1,0,0,0]
[1,0,0,0]
[1,0,0,0]
[1,0,0,0]
[1,0,0,0]
[1,0,0,0]
[1,0,0,0]
[1,0,0,0]
[1,0,0,0]
[1,0,0,0]
[1,0,0,0]
[1,0,0,0]
[1,0,0,0]
[1,0,0,0]
[1,0,0,0]
[1,0,0,0]
[1,0,0,0]
[1,0,0,0]
[1,0,0,0]
[1,0,0,0]
[1,0,0,0]
[1,0,0,0]
[1,0,0,0]
[1,0,0,0]
[1,0,0,0]
[1,0,0,0]
[1,0,0,0]
[1,0,0,0]
[1,0,0,0]
[1,0,0,0]
[1,0,0,0]
[1,0,0,0]
[1,0,0,0]
[1,0,0,0]
[1,0,0,0]
[1,0,0,0]
[1,0,0,0]
[1,0,0,0]
[1,0,0,0]
[1,0,0,0]
[1,0,0,0]
[1,0,0,0]
[1,0,0,0]
[1,0,0,0]
[1,0,0,0]
[1,0,0,0]
[1,0,0,0]
[1,0,0,0]
[1,0,0,0]
[1,0,0,0]
[1,0,0,0]
[1,0,0,0]
[1,0,0,0]
[1,0,0,0]
[1,0,0,0]
[1,0,0,0]
[1,0,0,0]
[1,0,0,0]
[1,0,0,0]
[1,0,0,0]
[1,0,0,0]
[1,0,0,0]
[1,0,0,0]
[1,0,0,0]
[1,0,0,0]
[1,0,0,0]
[1,0,0,0]
[1,0,0,0]
[1,0,0,0]
[1,0,0,0]
[1,0,0,0]
[1,0,0,0]
[1,0,0,0]
[1,0,0,0]
[1,0,0,0]
[1,0,0,0]
[1,0,0,0]
[1,0,0,0]
[1,0,0,0]
[1,0,0,0]
[1,0,0,0]
[1,0,0,0]
[1,0,0,0]
[1,0,0,0]
[1,0,0,0]
[1,0,0,0]
[1,0,0,0]
[1,0,0,0]
[1,0,0,0]
[1,0,0,0]
[1,0,0,0]
[1,0,0,0]
[1,0,0,0]
[1,0,0,0]
[1,0,0,0]
[1,0,0,0]
[1,0,0,0]
[1,0,0,0]
[1,0,0,0]
[1,0,0,0]
[1,0,0,0]
[1,0,0,0]
[1,0,0,0]
[1,0,0,0]
[1,0,0,0]
[1,0,0,0]
[1,0,0,0]
[1,0,0,0]
[1,0,0,0]
[1,0,0,0]
[1,0,0,0]
[1,0,0,0]
[1,0,0,0]
[1,0,0,0]
[1,0,0,0]
[1,0,0,0]
[1,0,0,0]
[1,0,0,0]
[1,0,0,0]
[1,0,0,0]
[1,0,0,0]
[1,0,0,0]
[1,0,0,0]
[1,0,0,0]
[1,0,0,0]
[1,0,0,0]
[1,0,0,0]
[1,0,0,0]
[1,0,0,0]
[1,0,0,0]
[1,0,0,0]
[1,0,0,0]
[1,0,0,0]
[1,0,0,0]
[1,0,0,0]
[1,0,0,0]
[1,0,0,0]
[1,0,0,0]
[1,0,0,0]
[1,0,0,0]
[1,0,0,0]
[1,0,0,0]
[1,0,0,0]
[1,0,0,0]
[1,0,0,0]
[1,0,0,0]
[1,0,0,0]
[1,0,0,0]
[1,0,0,0]
[1,0,0,0]
[1,0,0,0]
[1,0,0,0]
[1,0,0,0]
[1,0,0,0]
[1,0,0,0]
[1,0,0,0]
[1,0,0,0]
[1,0,0,0]
[1,0,0,0]
[1,0,0,0]
[1,0,0,0]
[1,0,0,0]
[1,0,0,0]
[1,0,0,0]
[1,0,0,0]
[1,0,0,0]
[1,0,0,0]
[1,0,0,0]
[1,0,0,0]
[1,0,0,0]
[1,0,0,0]
[1,0,0,0]
[1,0,0,0]
[1,0,0,0]
[1,0,0,0]
[1,0,0,0]
[1,0,0,0]
[1,0,0,0]
[1,0,0,0]
[1,0,0,0]
[1,0,0,0]
[1,0,0,0]
[1,0,0,0]
[1,0,0,0]
[1,0,0,0]
[1,0,0,0]
[1,0,0,0]
[1,0,0,0]
[1,0,0,0]
[1,0,0,0]
[1,0,0,0]
[1,0,0,0]
[1,0,0,0]
[1,0,0,0]
[1,0,0,0]
[1,0,0,0]
[1,0,0,0]
[1,0,0,0]
[1,0,0,0]
[1,0,0,0]
[1,0,0,0]
[1,0,0,0]
[1,0,0,0]
[1,0,0,0]
[1,0,0,0]
[1,0,0,0]
[1,0,0,0]
[1,0,0,0]
[1,0,0,0]
[1,0,0,0]
[1,0,0,0]
[1,0,0,0]
[1,0,0,0]
[1,0,0,0]
[1,0,0,0]
[1,0,0,0]
[1,0,0,0]
[1,0,0,0]
[1,0,0,0]
[1,0,0,0]
[1,0,0,0]
[1,0,0,0]
[1,0,0,0]
[1,0,0,0]
[1,0,0,0]
[1,0,0,0]
[1,0,0,0]
[1,0,0,0]
