950
10
[-5.99368,0,0]
[-5.98737,0,0]
[-5.98105,0,0]
[-5.97474,0,0]
[-5.96842,0,0]
[-5.96211,0,0]
[-5.95579,0,0]
[-5.94947,0,0]
[-5.94316,0,0]
[-5.93684,0,0]
[-5.93053,0,0]
[-5.92421,0,0]
[-5.91789,0,0]
[-5.91158,0,0]
[-5.90526,0,0]
[-5.89895,0,0]
[-5.89263,0,0]
[-5.88632,0,0]
[-5.88,0,0]
[-5.87368,0,0]
[-5.86737,0,0]
[-5.86105,0,0]
[-5.85474,0,0]
[-5.84842,0,0]
[-5.84211,0,0]
[-5.83579,0,0]
[-5.82947,0,0]
[-5.82316,0,0]
[-5.81684,0,0]
[-5.81053,0,0]
[-5.80421,0,0]
[-5.79789,0,0]
[-5.79158,0,0]
[-5.78526,0,0]
[-5.77895,0,0]
[-5.77263,0,0]
[-5.76632,0,0]
[-5.76,0,0]
[-5.75368,0,0]
[-5.74737,0,0]
[-5.74105,0,0]
[-5.73474,0,0]
[-5.72842,0,0]
[-5.72211,0,0]
[-5.71579,0,0]
[-5.70947,0,0]
[-5.70316,0,0]
[-5.69684,0,0]
[-5.69053,0,0]
[-5.68421,0,0]
[-5.67789,0,0]
[-5.67158,0,0]
[-5.66526,0,0]
[-5.65895,0,0]
[-5.65263,0,0]
[-5.64632,0,0]
[-5.64,0,0]
[-5.63368,0,0]
[-5.62737,0,0]
[-5.62105,0,0]
[-5.61474,0,0]
[-5.60842,0,0]
[-5.60211,0,0]
[-5.59579,0,0]
[-5.58947,0,0]
[-5.58316,0,0]
[-5.57684,0,0]
[-5.57053,0,0]
[-5.56421,0,0]
[-5.55789,0,0]
[-5.55158,0,0]
[-5.54526,0,0]
[-5.53895,0,0]
[-5.53263,0,0]
[-5.52632,0,0]
[-5.52,0,0]
[-5.51368,0,0]
[-5.50737,0,0]
[-5.50105,0,0]
[-5.49474,0,0]
[-5.48842,0,0]
[-5.48211,0,0]
[-5.47579,0,0]
[-5.46947,0,0]
[-5.46316,0,0]
[-5.45684,0,0]
[-5.45053,0,0]
[-5.44421,0,0]
[-5.43789,0,0]
[-5.43158,0,0]
[-5.42526,0,0]
[-5.41895,0,0]
[-5.41263,0,0]
[-5.40632,0,0]
[-5.4,0,0]
[-5.39368,0,0]
[-5.38737,0,0]
[-5.38105,0,0]
[-5.37474,0,0]
[-5.36842,0,0]
[-5.36211,0,0]
[-5.35579,0,0]
[-5.34947,0,0]
[-5.34316,0,0]
[-5.33684,0,0]
[-5.33053,0,0]
[-5.32421,0,0]
[-5.31789,0,0]
[-5.31158,0,0]
[-5.30526,0,0]
[-5.29895,0,0]
[-5.29263,0,0]
[-5.28632,0,0]
[-5.28,0,0]
[-5.27368,0,0]
[-5.26737,0,0]
[-5.26105,0,0]
[-5.25474,0,0]
[-5.24842,0,0]
[-5.24211,0,0]
[-5.23579,0,0]
[-5.22947,0,0]
[-5.22316,0,0]
[-5.21684,0,0]
[-5.21053,0,0]
[-5.20421,0,0]
[-5.19789,0,0]
[-5.19158,0,0]
[-5.18526,0,0]
[-5.17895,0,0]
[-5.17263,0,0]
[-5.16632,0,0]
[-5.16,0,0]
[-5.15368,0,0]
[-5.14737,0,0]
[-5.14105,0,0]
[-5.13474,0,0]
[-5.12842,0,0]
[-5.12211,0,0]
[-5.11579,0,0]
[-5.10947,0,0]
[-5.10316,0,0]
[-5.09684,0,0]
[-5.09053,0,0]
[-5.08421,0,0]
[-5.07789,0,0]
[-5.07158,0,0]
[-5.06526,0,0]
[-5.05895,0,0]
[-5.05263,0,0]
[-5.04632,0,0]
[-5.04,0,0]
[-5.03368,0,0]
[-5.02737,0,0]
[-5.02105,0,0]
[-5.01474,0,0]
[-5.00842,0,0]
[-5.00211,0,0]
[-4.99579,0,0]
[-4.98947,0,0]
[-4.98316,0,0]
[-4.97684,0,0]
[-4.97053,0,0]
[-4.96421,0,0]
[-4.95789,0,0]
[-4.95158,0,0]
[-4.94526,0,0]
[-4.93895,0,0]
[-4.93263,0,0]
[-4.92632,0,0]
[-4.92,0,0]
[-4.91368,0,0]
[-4.90737,0,0]
[-4.90105,0,0]
[-4.89474,0,0]
[-4.88842,0,0]
[-4.88211,0,0]
[-4.87579,0,0]
[-4.86947,0,0]
[-4.86316,0,0]
[-4.85684,0,0]
[-4.85053,0,0]
[-4.84421,0,0]
[-4.83789,0,0]
[-4.83158,0,0]
[-4.82526,0,0]
[-4.81895,0,0]
[-4.81263,0,0]
[-4.80632,0,0]
[-4.8,0,0]
[-4.79368,0,0]
[-4.78737,0,0]
[-4.78105,0,0]
[-4.77474,0,0]
[-4.76842,0,0]
[-4.76211,0,0]
[-4.75579,0,0]
[-4.74947,0,0]
[-4.74316,0,0]
[-4.73684,0,0]
[-4.73053,0,0]
[-4.72421,0,0]
[-4.71789,0,0]
[-4.71158,0,0]
[-4.70526,0,0]
[-4.69895,0,0]
[-4.69263,0,0]
[-4.68632,0,0]
[-4.68,0,0]
[-4.67368,0,0]
[-4.66737,0,0]
[-4.66105,0,0]
[-4.65474,0,0]
[-4.64842,0,0]
[-4.64211,0,0]
[-4.63579,0,0]
[-4.62947,0,0]
[-4.62316,0,0]
[-4.61684,0,0]
[-4.61053,0,0]
[-4.60421,0,0]
[-4.59789,0,0]
[-4.59158,0,0]
[-4.58526,0,0]
[-4.57895,0,0]
[-4.57263,0,0]
[-4.56632,0,0]
[-4.56,0,0]
[-4.55368,0,0]
[-4.54737,0,0]
[-4.54105,0,0]
[-4.53474,0,0]
[-4.52842,0,0]
[-4.52211,0,0]
[-4.51579,0,0]
[-4.50947,0,0]
[-4.50316,0,0]
[-4.49684,0,0]
[-4.49053,0,0]
[-4.48421,0,0]
[-4.47789,0,0]
[-4.47158,0,0]
[-4.46526,0,0]
[-4.45895,0,0]
[-4.45263,0,0]
[-4.44632,0,0]
[-4.44,0,0]
[-4.43368,0,0]
[-4.42737,0,0]
[-4.42105,0,0]
[-4.41474,0,0]
[-4.40842,0,0]
[-4.40211,0,0]
[-4.39579,0,0]
[-4.38947,0,0]
[-4.38316,0,0]
[-4.37684,0,0]
[-4.37053,0,0]
[-4.36421,0,0]
[-4.35789,0,0]
[-4.35158,0,0]
[-4.34526,0,0]
[-4.33895,0,0]
[-4.33263,0,0]
[-4.32632,0,0]
[-4.32,0,0]
[-4.31368,0,0]
[-4.30737,0,0]
[-4.30105,0,0]
[-4.29474,0,0]
[-4.28842,0,0]
[-4.28211,0,0]
[-4.27579,0,0]
[-4.26947,0,0]
[-4.26316,0,0]
[-4.25684,0,0]
[-4.25053,0,0]
[-4.24421,0,0]
[-4.23789,0,0]
[-4.23158,0,0]
[-4.22526,0,0]
[-4.21895,0,0]
[-4.21263,0,0]
[-4.20632,0,0]
[-4.2,0,0]
[-4.19368,0,0]
[-4.18737,0,0]
[-4.18105,0,0]
[-4.17474,0,0]
[-4.16842,0,0]
[-4.16211,0,0]
[-4.15579,0,0]
[-4.14947,0,0]
[-4.14316,0,0]
[-4.13684,0,0]
[-4.13053,0,0]
[-4.12421,0,0]
[-4.11789,0,0]
[-4.11158,0,0]
[-4.10526,0,0]
[-4.09895,0,0]
[-4.09263,0,0]
[-4.08632,0,0]
[-4.08,0,0]
[-4.07368,0,0]
[-4.06737,0,0]
[-4.06105,0,0]
[-4.05474,0,0]
[-4.04842,0,0]
[-4.04211,0,0]
[-4.03579,0,0]
[-4.02947,0,0]
[-4.02316,0,0]
[-4.01684,0,0]
[-4.01053,0,0]
[-4.00421,0,0]
[-3.99789,0,0]
[-3.99158,0,0]
[-3.98526,0,0]
[-3.97895,0,0]
[-3.97263,0,0]
[-3.96632,0,0]
[-3.96,0,0]
[-3.95368,0,0]
[-3.94737,0,0]
[-3.94105,0,0]
[-3.93474,0,0]
[-3.92842,0,0]
[-3.92211,0,0]
[-3.91579,0,0]
[-3.90947,0,0]
[-3.90316,0,0]
[-3.89684,0,0]
[-3.89053,0,0]
[-3.88421,0,0]
[-3.87789,0,0]
[-3.87158,0,0]
[-3.86526,0,0]
[-3.85895,0,0]
[-3.85263,0,0]
[-3.84632,0,0]
[-3.84,0,0]
[-3.83368,0,0]
[-3.82737,0,0]
[-3.82105,0,0]
[-3.81474,0,0]
[-3.80842,0,0]
[-3.80211,0,0]
[-3.79579,0,0]
[-3.78947,0,0]
[-3.78316,0,0]
[-3.77684,0,0]
[-3.77053,0,0]
[-3.76421,0,0]
[-3.75789,0,0]
[-3.75158,0,0]
[-3.74526,0,0]
[-3.73895,0,0]
[-3.73263,0,0]
[-3.72632,0,0]
[-3.72,0,0]
[-3.71368,0,0]
[-3.70737,0,0]
[-3.70105,0,0]
[-3.69474,0,0]
[-3.68842,0,0]
[-3.68211,0,0]
[-3.67579,0,0]
[-3.66947,0,0]
[-3.66316,0,0]
[-3.65684,0,0]
[-3.65053,0,0]
[-3.64421,0,0]
[-3.63789,0,0]
[-3.63158,0,0]
[-3.62526,0,0]
[-3.61895,0,0]
[-3.61263,0,0]
[-3.60632,0,0]
[-3.6,0,0]
[-3.59368,0,0]
[-3.58737,0,0]
[-3.58105,0,0]
[-3.57474,0,0]
[-3.56842,0,0]
[-3.56211,0,0]
[-3.55579,0,0]
[-3.54947,0,0]
[-3.54316,0,0]
[-3.53684,0,0]
[-3.53053,0,0]
[-3.52421,0,0]
[-3.51789,0,0]
[-3.51158,0,0]
[-3.50526,0,0]
[-3.49895,0,0]
[-3.49263,0,0]
[-3.48632,0,0]
[-3.48,0,0]
[-3.47368,0,0]
[-3.46737,0,0]
[-3.46105,0,0]
[-3.45474,0,0]
[-3.44842,0,0]
[-3.44211,0,0]
[-3.43579,0,0]
[-3.42947,0,0]
[-3.42316,0,0]
[-3.41684,0,0]
[-3.41053,0,0]
[-3.40421,0,0]
[-3.39789,0,0]
[-3.39158,0,0]
[-3.38526,0,0]
[-3.37895,0,0]
[-3.37263,0,0]
[-3.36632,0,0]
[-3.36,0,0]
[-3.35368,0,0]
[-3.34737,0,0]
[-3.34105,0,0]
[-3.33474,0,0]
[-3.32842,0,0]
[-3.32211,0,0]
[-3.31579,0,0]
[-3.30947,0,0]
[-3.30316,0,0]
[-3.29684,0,0]
[-3.29053,0,0]
[-3.28421,0,0]
[-3.27789,0,0]
[-3.27158,0,0]
[-3.26526,0,0]
[-3.25895,0,0]
[-3.25263,0,0]
[-3.24632,0,0]
[-3.24,0,0]
[-3.23368,0,0]
[-3.22737,0,0]
[-3.22105,0,0]
[-3.21474,0,0]
[-3.20842,0,0]
[-3.20211,0,0]
[-3.19579,0,0]
[-3.18947,0,0]
[-3.18316,0,0]
[-3.17684,0,0]
[-3.17053,0,0]
[-3.16421,0,0]
[-3.15789,0,0]
[-3.15158,0,0]
[-3.14526,0,0]
[-3.13895,0,0]
[-3.13263,0,0]
[-3.12632,0,0]
[-3.12,0,0]
[-3.11368,0,0]
[-3.10737,0,0]
[-3.10105,0,0]
[-3.09474,0,0]
[-3.08842,0,0]
[-3.08211,0,0]
[-3.07579,0,0]
[-3.06947,0,0]
[-3.06316,0,0]
[-3.05684,0,0]
[-3.05053,0,0]
[-3.04421,0,0]
[-3.03789,0,0]
[-3.03158,0,0]
[-3.02526,0,0]
[-3.01895,0,0]
[-3.01263,0,0]
[-3.00632,0,0]
[-3,0,0]
[-2.99368,0,0]
[-2.98737,0,0]
[-2.98105,0,0]
[-2.97474,0,0]
[-2.96842,0,0]
[-2.96211,0,0]
[-2.95579,0,0]
[-2.94947,0,0]
[-2.94316,0,0]
[-2.93684,0,0]
[-2.93053,0,0]
[-2.92421,0,0]
[-2.91789,0,0]
[-2.91158,0,0]
[-2.90526,0,0]
[-2.89895,0,0]
[-2.89263,0,0]
[-2.88632,0,0]
[-2.88,0,0]
[-2.87368,0,0]
[-2.86737,0,0]
[-2.86105,0,0]
[-2.85474,0,0]
[-2.84842,0,0]
[-2.84211,0,0]
[-2.83579,0,0]
[-2.82947,0,0]
[-2.82316,0,0]
[-2.81684,0,0]
[-2.81053,0,0]
[-2.80421,0,0]
[-2.79789,0,0]
[-2.79158,0,0]
[-2.78526,0,0]
[-2.77895,0,0]
[-2.77263,0,0]
[-2.76632,0,0]
[-2.76,0,0]
[-2.75368,0,0]
[-2.74737,0,0]
[-2.74105,0,0]
[-2.73474,0,0]
[-2.72842,0,0]
[-2.72211,0,0]
[-2.71579,0,0]
[-2.70947,0,0]
[-2.70316,0,0]
[-2.69684,0,0]
[-2.69053,0,0]
[-2.68421,0,0]
[-2.67789,0,0]
[-2.67158,0,0]
[-2.66526,0,0]
[-2.65895,0,0]
[-2.65263,0,0]
[-2.64632,0,0]
[-2.64,0,0]
[-2.63368,0,0]
[-2.62737,0,0]
[-2.62105,0,0]
[-2.61474,0,0]
[-2.60842,0,0]
[-2.60211,0,0]
[-2.59579,0,0]
[-2.58947,0,0]
[-2.58316,0,0]
[-2.57684,0,0]
[-2.57053,0,0]
[-2.56421,0,0]
[-2.55789,0,0]
[-2.55158,0,0]
[-2.54526,0,0]
[-2.53895,0,0]
[-2.53263,0,0]
[-2.52632,0,0]
[-2.52,0,0]
[-2.51368,0,0]
[-2.50737,0,0]
[-2.50105,0,0]
[-2.49474,0,0]
[-2.48842,0,0]
[-2.48211,0,0]
[-2.47579,0,0]
[-2.46947,0,0]
[-2.46316,0,0]
[-2.45684,0,0]
[-2.45053,0,0]
[-2.44421,0,0]
[-2.43789,0,0]
[-2.43158,0,0]
[-2.42526,0,0]
[-2.41895,0,0]
[-2.41263,0,0]
[-2.40632,0,0]
[-2.4,0,0]
[-2.39368,0,0]
[-2.38737,0,0]
[-2.38105,0,0]
[-2.37474,0,0]
[-2.36842,0,0]
[-2.36211,0,0]
[-2.35579,0,0]
[-2.34947,0,0]
[-2.34316,0,0]
[-2.33684,0,0]
[-2.33053,0,0]
[-2.32421,0,0]
[-2.31789,0,0]
[-2.31158,0,0]
[-2.30526,0,0]
[-2.29895,0,0]
[-2.29263,0,0]
[-2.28632,0,0]
[-2.28,0,0]
[-2.27368,0,0]
[-2.26737,0,0]
[-2.26105,0,0]
[-2.25474,0,0]
[-2.24842,0,0]
[-2.24211,0,0]
[-2.23579,0,0]
[-2.22947,0,0]
[-2.22316,0,0]
[-2.21684,0,0]
[-2.21053,0,0]
[-2.20421,0,0]
[-2.19789,0,0]
[-2.19158,0,0]
[-2.18526,0,0]
[-2.17895,0,0]
[-2.17263,0,0]
[-2.16632,0,0]
[-2.16,0,0]
[-2.15368,0,0]
[-2.14737,0,0]
[-2.14105,0,0]
[-2.13474,0,0]
[-2.12842,0,0]
[-2.12211,0,0]
[-2.11579,0,0]
[-2.10947,0,0]
[-2.10316,0,0]
[-2.09684,0,0]
[-2.09053,0,0]
[-2.08421,0,0]
[-2.07789,0,0]
[-2.07158,0,0]
[-2.06526,0,0]
[-2.05895,0,0]
[-2.05263,0,0]
[-2.04632,0,0]
[-2.04,0,0]
[-2.03368,0,0]
[-2.02737,0,0]
[-2.02105,0,0]
[-2.01474,0,0]
[-2.00842,0,0]
[-2.00211,0,0]
[-1.99579,0,0]
[-1.98947,0,0]
[-1.98316,0,0]
[-1.97684,0,0]
[-1.97053,0,0]
[-1.96421,0,0]
[-1.95789,0,0]
[-1.95158,0,0]
[-1.94526,0,0]
[-1.93895,0,0]
[-1.93263,0,0]
[-1.92632,0,0]
[-1.92,0,0]
[-1.91368,0,0]
[-1.90737,0,0]
[-1.90105,0,0]
[-1.89474,0,0]
[-1.88842,0,0]
[-1.88211,0,0]
[-1.87579,0,0]
[-1.86947,0,0]
[-1.86316,0,0]
[-1.85684,0,0]
[-1.85053,0,0]
[-1.84421,0,0]
[-1.83789,0,0]
[-1.83158,0,0]
[-1.82526,0,0]
[-1.81895,0,0]
[-1.81263,0,0]
[-1.80632,0,0]
[-1.8,0,0]
[-1.79368,0,0]
[-1.78737,0,0]
[-1.78105,0,0]
[-1.77474,0,0]
[-1.76842,0,0]
[-1.76211,0,0]
[-1.75579,0,0]
[-1.74947,0,0]
[-1.74316,0,0]
[-1.73684,0,0]
[-1.73053,0,0]
[-1.72421,0,0]
[-1.71789,0,0]
[-1.71158,0,0]
[-1.70526,0,0]
[-1.69895,0,0]
[-1.69263,0,0]
[-1.68632,0,0]
[-1.68,0,0]
[-1.67368,0,0]
[-1.66737,0,0]
[-1.66105,0,0]
[-1.65474,0,0]
[-1.64842,0,0]
[-1.64211,0,0]
[-1.63579,0,0]
[-1.62947,0,0]
[-1.62316,0,0]
[-1.61684,0,0]
[-1.61053,0,0]
[-1.60421,0,0]
[-1.59789,0,0]
[-1.59158,0,0]
[-1.58526,0,0]
[-1.57895,0,0]
[-1.57263,0,0]
[-1.56632,0,0]
[-1.56,0,0]
[-1.55368,0,0]
[-1.54737,0,0]
[-1.54105,0,0]
[-1.53474,0,0]
[-1.52842,0,0]
[-1.52211,0,0]
[-1.51579,0,0]
[-1.50947,0,0]
[-1.50316,0,0]
[-1.49684,0,0]
[-1.49053,0,0]
[-1.48421,0,0]
[-1.47789,0,0]
[-1.47158,0,0]
[-1.46526,0,0]
[-1.45895,0,0]
[-1.45263,0,0]
[-1.44632,0,0]
[-1.44,0,0]
[-1.43368,0,0]
[-1.42737,0,0]
[-1.42105,0,0]
[-1.41474,0,0]
[-1.40842,0,0]
[-1.40211,0,0]
[-1.39579,0,0]
[-1.38947,0,0]
[-1.38316,0,0]
[-1.37684,0,0]
[-1.37053,0,0]
[-1.36421,0,0]
[-1.35789,0,0]
[-1.35158,0,0]
[-1.34526,0,0]
[-1.33895,0,0]
[-1.33263,0,0]
[-1.32632,0,0]
[-1.32,0,0]
[-1.31368,0,0]
[-1.30737,0,0]
[-1.30105,0,0]
[-1.29474,0,0]
[-1.28842,0,0]
[-1.28211,0,0]
[-1.27579,0,0]
[-1.26947,0,0]
[-1.26316,0,0]
[-1.25684,0,0]
[-1.25053,0,0]
[-1.24421,0,0]
[-1.23789,0,0]
[-1.23158,0,0]
[-1.22526,0,0]
[-1.21895,0,0]
[-1.21263,0,0]
[-1.20632,0,0]
[-1.2,0,0]
[-1.19368,0,0]
[-1.18737,0,0]
[-1.18105,0,0]
[-1.17474,0,0]
[-1.16842,0,0]
[-1.16211,0,0]
[-1.15579,0,0]
[-1.14947,0,0]
[-1.14316,0,0]
[-1.13684,0,0]
[-1.13053,0,0]
[-1.12421,0,0]
[-1.11789,0,0]
[-1.11158,0,0]
[-1.10526,0,0]
[-1.09895,0,0]
[-1.09263,0,0]
[-1.08632,0,0]
[-1.08,0,0]
[-1.07368,0,0]
[-1.06737,0,0]
[-1.06105,0,0]
[-1.05474,0,0]
[-1.04842,0,0]
[-1.04211,0,0]
[-1.03579,0,0]
[-1.02947,0,0]
[-1.02316,0,0]
[-1.01684,0,0]
[-1.01053,0,0]
[-1.00421,0,0]
[-0.997895,0,0]
[-0.991579,0,0]
[-0.985263,0,0]
[-0.978947,0,0]
[-0.972632,0,0]
[-0.966316,0,0]
[-0.96,0,0]
[-0.953684,0,0]
[-0.947368,0,0]
[-0.941053,0,0]
[-0.934737,0,0]
[-0.928421,0,0]
[-0.922105,0,0]
[-0.915789,0,0]
[-0.909474,0,0]
[-0.903158,0,0]
[-0.896842,0,0]
[-0.890526,0,0]
[-0.884211,0,0]
[-0.877895,0,0]
[-0.871579,0,0]
[-0.865263,0,0]
[-0.858947,0,0]
[-0.852632,0,0]
[-0.846316,0,0]
[-0.84,0,0]
[-0.833684,0,0]
[-0.827368,0,0]
[-0.821053,0,0]
[-0.814737,0,0]
[-0.808421,0,0]
[-0.802105,0,0]
[-0.795789,0,0]
[-0.789474,0,0]
[-0.783158,0,0]
[-0.776842,0,0]
[-0.770526,0,0]
[-0.764211,0,0]
[-0.757895,0,0]
[-0.751579,0,0]
[-0.745263,0,0]
[-0.738947,0,0]
[-0.732632,0,0]
[-0.726316,0,0]
[-0.72,0,0]
[-0.713684,0,0]
[-0.707368,0,0]
[-0.701053,0,0]
[-0.694737,0,0]
[-0.688421,0,0]
[-0.682105,0,0]
[-0.675789,0,0]
[-0.669474,0,0]
[-0.663158,0,0]
[-0.656842,0,0]
[-0.650526,0,0]
[-0.644211,0,0]
[-0.637895,0,0]
[-0.631579,0,0]
[-0.625263,0,0]
[-0.618947,0,0]
[-0.612632,0,0]
[-0.606316,0,0]
[-0.6,0,0]
[-0.593684,0,0]
[-0.587368,0,0]
[-0.581053,0,0]
[-0.574737,0,0]
[-0.568421,0,0]
[-0.562105,0,0]
[-0.555789,0,0]
[-0.549474,0,0]
[-0.543158,0,0]
[-0.536842,0,0]
[-0.530526,0,0]
[-0.524211,0,0]
[-0.517895,0,0]
[-0.511579,0,0]
[-0.505263,0,0]
[-0.498947,0,0]
[-0.492632,0,0]
[-0.486316,0,0]
[-0.48,0,0]
[-0.473684,0,0]
[-0.467368,0,0]
[-0.461053,0,0]
[-0.454737,0,0]
[-0.448421,0,0]
[-0.442105,0,0]
[-0.435789,0,0]
[-0.429474,0,0]
[-0.423158,0,0]
[-0.416842,0,0]
[-0.410526,0,0]
[-0.404211,0,0]
[-0.397895,0,0]
[-0.391579,0,0]
[-0.385263,0,0]
[-0.378947,0,0]
[-0.372632,0,0]
[-0.366316,0,0]
[-0.36,0,0]
[-0.353684,0,0]
[-0.347368,0,0]
[-0.341053,0,0]
[-0.334737,0,0]
[-0.328421,0,0]
[-0.322105,0,0]
[-0.315789,0,0]
[-0.309474,0,0]
[-0.303158,0,0]
[-0.296842,0,0]
[-0.290526,0,0]
[-0.284211,0,0]
[-0.277895,0,0]
[-0.271579,0,0]
[-0.265263,0,0]
[-0.258947,0,0]
[-0.252632,0,0]
[-0.246316,0,0]
[-0.24,0,0]
[-0.233684,0,0]
[-0.227368,0,0]
[-0.221053,0,0]
[-0.214737,0,0]
[-0.208421,0,0]
[-0.202105,0,0]
[-0.195789,0,0]
[-0.189474,0,0]
[-0.183158,0,0]
[-0.176842,0,0]
[-0.170526,0,0]
[-0.164211,0,0]
[-0.157895,0,0]
[-0.151579,0,0]
[-0.145263,0,0]
[-0.138947,0,0]
[-0.132632,0,0]
[-0.126316,0,0]
[-0.12,0,0]
[-0.113684,0,0]
[-0.107368,0,0]
[-0.101053,0,0]
[-0.0947368,0,0]
[-0.0884211,0,0]
[-0.0821053,0,0]
[-0.0757895,0,0]
[-0.0694737,0,0]
[-0.0631579,0,0]
[-0.0568421,0,0]
[-0.0505263,0,0]
[-0.0442105,0,0]
[-0.0378947,0,0]
[-0.0315789,0,0]
[-0.0252632,0,0]
[-0.0189474,0,0]
[-0.0126316,0,0]
[-0.00631579,0,0]
[0,0,0]
[1,0,0,0]
[1,0,0,0]
[1,0,0,0]
[1,0,0,0]
[1,0,0,0]
[1,0,0,0]
[1,0,0,0]
[1,0,0,0]
[1,0,0,0]
[1,0,0,0]
[1,0,0,0]
[1,0,0,0]
[1,0,0,0]
[1,0,0,0]
[1,0,0,0]
[1,0,0,0]
[1,0,0,0]
[1,0,0,0]
[1,0,0,0]
[1,0,0,0]
[1,0,0,0]
[1,0,0,0]
[1,0,0,0]
[1,0,0,0]
[1,0,0,0]
[1,0,0,0]
[1,0,0,0]
[1,0,0,0]
[1,0,0,0]
[1,0,0,0]
[1,0,0,0]
[1,0,0,0]
[1,0,0,0]
[1,0,0,0]
[1,0,0,0]
[1,0,0,0]
[1,0,0,0]
[1,0,0,0]
[1,0,0,0]
[1,0,0,0]
[1,0,0,0]
[1,0,0,0]
[1,0,0,0]
[1,0,0,0]
[1,0,0,0]
[1,0,0,0]
[1,0,0,0]
[1,0,0,0]
[1,0,0,0]
[1,0,0,0]
[1,0,0,0]
[1,0,0,0]
[1,0,0,0]
[1,0,0,0]
[1,0,0,0]
[1,0,0,0]
[1,0,0,0]
[1,0,0,0]
[1,0,0,0]
[1,0,0,0]
[1,0,0,0]
[1,0,0,0]
[1,0,0,0]
[1,0,0,0]
[1,0,0,0]
[1,0,0,0]
[1,0,0,0]
[1,0,0,0]
[1,0,0,0]
[1,0,0,0]
[1,0,0,0]
[1,0,0,0]
[1,0,0,0]
[1,0,0,0]
[1,0,0,0]
[1,0,0,0]
[1,0,0,0]
[1,0,0,0]
[1,0,0,0]
[1,0,0,0]
[1,0,0,0]
[1,0,0,0]
[1,0,0,0]
[1,0,0,0]
[1,0,0,0]
[1,0,0,0]
[1,0,0,0]
[1,0,0,0]
[1,0,0,0]
[1,0,0,0]
[1,0,0,0]
[1,0,0,0]
[1,0,0,0]
[1,0,0,0]
[1,0,0,0]
[1,0,0,0]
[1,0,0,0]
[1,0,0,0]
[1,0,0,0]
[1,0,0,0]
[1,0,0,0]
[1,0,0,0]
[1,0,0,0]
[1,0,0,0]
[1,0,0,0]
[1,0,0,0]
[1,0,0,0]
[1,0,0,0]
[1,0,0,0]
[1,0,0,0]
[1,0,0,0]
[1,0,0,0]
[1,0,0,0]
[1,0,0,0]
[1,0,0,0]
[1,0,0,0]
[1,0,0,0]
[1,0,0,0]
[1,0,0,0]
[1,0,0,0]
[1,0,0,0]
[1,0,0,0]
[1,0,0,0]
[1,0,0,0]
[1,0,0,0]
[1,0,0,0]
[1,0,0,0]
[1,0,0,0]
[1,0,0,0]
[1,0,0,0]
[1,0,0,0]
[1,0,0,0]
[1,0,0,0]
[1,0,0,0]
[1,0,0,0]
[1,0,0,0]
[1,0,0,0]
[1,0,0,0]
[1,0,0,0]
[1,0,0,0]
[1,0,0,0]
[1,0,0,0]
[1,0,0,0]
[1,0,0,0]
[1,0,0,0]
[1,0,0,0]
[1,0,0,0]
[1,0,0,0]
[1,0,0,0]
[1,0,0,0]
[1,0,0,0]
[1,0,0,0]
[1,0,0,0]
[1,0,0,0]
[1,0,0,0]
[1,0,0,0]
[1,0,0,0]
[1,0,0,0]
[1,0,0,0]
[1,0,0,0]
[1,0,0,0]
[1,0,0,0]
[1,0,0,0]
[1,0,0,0]
[1,0,0,0]
[1,0,0,0]
[1,0,0,0]
[1,0,0,0]
[1,0,0,0]
[1,0,0,0]
[1,0,0,0]
[1,0,0,0]
[1,0,0,0]
[1,0,0,0]
[1,0,0,0]
[1,0,0,0]
[1,0,0,0]
[1,0,0,0]
[1,0,0,0]
[1,0,0,0]
[1,0,0,0]
[1,0,0,0]
[1,0,0,0]
[1,0,0,0]
[1,0,0,0]
[1,0,0,0]
[1,0,0,0]
[1,0,0,0]
[1,0,0,0]
[1,0,0,0]
[1,0,0,0]
[1,0,0,0]
[1,0,0,0]
[1,0,0,0]
[1,0,0,0]
[1,0,0,0]
[1,0,0,0]
[1,0,0,0]
[1,0,0,0]
[1,0,0,0]
[1,0,0,0]
[1,0,0,0]
[1,0,0,0]
[1,0,0,0]
[1,0,0,0]
[1,0,0,0]
[1,0,0,0]
[1,0,0,0]
[1,0,0,0]
[1,0,0,0]
[1,0,0,0]
[1,0,0,0]
[1,0,0,0]
[1,0,0,0]
[1,0,0,0]
[1,0,0,0]
[1,0,0,0]
[1,0,0,0]
[1,0,0,0]
[1,0,0,0]
[1,0,0,0]
[1,0,0,0]
[1,0,0,0]
[1,0,0,0]
[1,0,0,0]
[1,0,0,0]
[1,0,0,0]
[1,0,0,0]
[1,0,0,0]
[1,0,0,0]
[1,0,0,0]
[1,0,0,0]
[1,0,0,0]
[1,0,0,0]
[1,0,0,0]
[1,0,0,0]
[1,0,0,0]
[1,0,0,0]
[1,0,0,0]
[1,0,0,0]
[1,0,0,0]
[1,0,0,0]
[1,0,0,0]
[1,0,0,0]
[1,0,0,0]
[1,0,0,0]
[1,0,0,0]
[1,0,0,0]
[1,0,0,0]
[1,0,0,0]
[1,0,0,0]
[1,0,0,0]
[1,0,0,0]
[1,0,0,0]
[1,0,0,0]
[1,0,0,0]
[1,0,0,0]
[1,0,0,0]
[1,0,0,0]
[1,0,0,0]
[1,0,0,0]
[1,0,0,0]
[1,0,0,0]
[1,0,0,0]
[1,0,0,0]
[1,0,0,0]
[1,0,0,0]
[1,0,0,0]
[1,0,0,0]
[1,0,0,0]
[1,0,0,0]
[1,0,0,0]
[1,0,0,0]
[1,0,0,0]
[1,0,0,0]
[1,0,0,0]
[1,0,0,0]
[1,0,0,0]
[1,0,0,0]
[1,0,0,0]
[1,0,0,0]
[1,0,0,0]
[1,0,0,0]
[1,0,0,0]
[1,0,0,0]
[1,0,0,0]
[1,0,0,0]
[1,0,0,0]
[1,0,0,0]
[1,0,0,0]
[1,0,0,0]
[1,0,0,0]
[1,0,0,0]
[1,0,0,0]
[1,0,0,0]
[1,0,0,0]
[1,0,0,0]
[1,0,0,0]
[1,0,0,0]
[1,0,0,0]
[1,0,0,0]
[1,0,0,0]
[1,0,0,0]
[1,0,0,0]
[1,0,0,0]
[1,0,0,0]
[1,0,0,0]
[1,0,0,0]
[1,0,0,0]
[1,0,0,0]
[1,0,0,0]
[1,0,0,0]
[1,0,0,0]
[1,0,0,0]
[1,0,0,0]
[1,0,0,0]
[1,0,0,0]
[1,0,0,0]
[1,0,0,0]
[1,0,0,0]
[1,0,0,0]
[1,0,0,0]
[1,0,0,0]
[1,0,0,0]
[1,0,0,0]
[1,0,0,0]
[1,0,0,0]
[1,0,0,0]
[1,0,0,0]
[1,0,0,0]
[1,0,0,0]
[1,0,0,0]
[1,0,0,0]
[1,0,0,0]
[1,0,0,0]
[1,0,0,0]
[1,0,0,0]
[1,0,0,0]
[1,0,0,0]
[1,0,0,0]
[1,0,0,0]
[1,0,0,0]
[1,0,0,0]
[1,0,0,0]
[1,0,0,0]
[1,0,0,0]
[1,0,0,0]
[1,0,0,0]
[1,0,0,0]
[1,0,0,0]
[1,0,0,0]
[1,0,0,0]
[1,0,0,0]
[1,0,0,0]
[1,0,0,0]
[1,0,0,0]
[1,0,0,0]
[1,0,0,0]
[1,0,0,0]
[1,0,0,0]
[1,0,0,0]
[1,0,0,0]
[1,0,0,0]
[1,0,0,0]
[1,0,0,0]
[1,0,0,0]
[1,0,0,0]
[1,0,0,0]
[1,0,0,0]
[1,0,0,0]
[1,0,0,0]
[1,0,0,0]
[1,0,0,0]
[1,0,0,0]
[1,0,0,0]
[1,0,0,0]
[1,0,0,0]
[1,0,0,0]
[1,0,0,0]
[1,0,0,0]
[1,0,0,0]
[1,0,0,0]
[1,0,0,0]
[1,0,0,0]
[1,0,0,0]
[1,0,0,0]
[1,0,0,0]
[1,0,0,0]
[1,0,0,0]
[1,0,0,0]
[1,0,0,0]
[1,0,0,0]
[1,0,0,0]
[1,0,0,0]
[1,0,0,0]
[1,0,0,0]
[1,0,0,0]
[1,0,0,0]
[1,0,0,0]
[1,0,0,0]
[1,0,0,0]
[1,0,0,0]
[1,0,0,0]
[1,0,0,0]
[1,0,0,0]
[1,0,0,0]
[1,0,0,0]
[1,0,0,0]
[1,0,0,0]
[1,0,0,0]
[1,0,0,0]
[1,0,0,0]
[1,0,0,0]
[1,0,0,0]
[1,0,0,0]
[1,0,0,0]
[1,0,0,0]
[1,0,0,0]
[1,0,0,0]
[1,0,0,0]
[1,0,0,0]
[1,0,0,0]
[1,0,0,0]
[1,0,0,0]
[1,0,0,0]
[1,0,0,0]
[1,0,0,0]
[1,0,0,0]
[1,0,0,0]
[1,0,0,0]
[1,0,0,0]
[1,0,0,0]
[1,0,0,0]
[1,0,0,0]
[1,0,0,0]
[1,0,0,0]
[1,0,0,0]
[1,0,0,0]
[1,0,0,0]
[1,0,0,0]
[1,0,0,0]
[1,0,0,0]
[1,0,0,0]
[1,0,0,0]
[1,0,0,0]
[1,0,0,0]
[1,0,0,0]
[1,0,0,0]
[1,0,0,0]
[1,0,0,0]
[1,0,0,0]
[1,0,0,0]
[1,0,0,0]
[1,0,0,0]
[1,0,0,0]
[1,0,0,0]
[1,0,0,0]
[1,0,0,0]
[1,0,0,0]
[1,0,0,0]
[1,0,0,0]
[1,0,0,0]
[1,0,0,0]
[1,0,0,0]
[1,0,0,0]
[1,0,0,0]
[1,0,0,0]
[1,0,0,0]
[1,0,0,0]
[1,0,0,0]
[1,0,0,0]
[1,0,0,0]
[1,0,0,0]
[1,0,0,0]
[1,0,0,0]
[1,0,0,0]
[1,0,0,0]
[1,0,0,0]
[1,0,0,0]
[1,0,0,0]
[1,0,0,0]
[1,0,0,0]
[1,0,0,0]
[1,0,0,0]
[1,0,0,0]
[1,0,0,0]
[1,0,0,0]
[1,0,0,0]
[1,0,0,0]
[1,0,0,0]
[1,0,0,0]
[1,0,0,0]
[1,0,0,0]
[1,0,0,0]
[1,0,0,0]
[1,0,0,0]
[1,0,0,0]
[1,0,0,0]
[1,0,0,0]
[1,0,0,0]
[1,0,0,0]
[1,0,0,0]
[1,0,0,0]
[1,0,0,0]
[1,0,0,0]
[1,0,0,0]
[1,0,0,0]
[1,0,0,0]
[1,0,0,0]
[1,0,0,0]
[1,0,0,0]
[1,0,0,0]
[1,0,0,0]
[1,0,0,0]
[1,0,0,0]
[1,0,0,0]
[1,0,0,0]
[1,0,0,0]
[1,0,0,0]
[1,0,0,0]
[1,0,0,0]
[1,0,0,0]
[1,0,0,0]
[1,0,0,0]
[1,0,0,0]
[1,0,0,0]
[1,0,0,0]
[1,0,0,0]
[1,0,0,0]
[1,0,0,0]
[1,0,0,0]
[1,0,0,0]
[1,0,0,0]
[1,0,0,0]
[1,0,0,0]
[1,0,0,0]
[1,0,0,0]
[1,0,0,0]
[1,0,0,0]
[1,0,0,0]
[1,0,0,0]
[1,0,0,0]
[1,0,0,0]
[1,0,0,0]
[1,0,0,0]
[1,0,0,0]
[1,0,0,0]
[1,0,0,0]
[1,0,0,0]
[1,0,0,0]
[1,0,0,0]
[1,0,0,0]
[1,0,0,0]
[1,0,0,0]
[1,0,0,0]
[1,0,0,0]
[1,0,0,0]
[1,0,0,0]
[1,0,0,0]
[1,0,0,0]
[1,0,0,0]
[1,0,0,0]
[1,0,0,0]
[1,0,0,0]
[1,0,0,0]
[1,0,0,0]
[1,0,0,0]
[1,0,0,0]
[1,0,0,0]
[1,0,0,0]
[1,0,0,0]
[1,0,0,0]
[1,0,0,0]
[1,0,0,0]
[1,0,0,0]
[1,0,0,0]
[1,0,0,0]
[1,0,0,0]
[1,0,0,0]
[1,0,0,0]
[1,0,0,0]
[1,0,0,0]
[1,0,0,0]
[1,0,0,0]
[1,0,0,0]
[1,0,0,0]
[1,0,0,0]
[1,0,0,0]
[1,0,0,0]
[1,0,0,0]
[1,0,0,0]
[1,0,0,0]
[1,0,0,0]
[1,0,0,0]
[1,0,0,0]
[1,0,0,0]
[1,0,0,0]
[1,0,0,0]
[1,0,0,0]
[1,0,0,0]
[1,0,0,0]
[1,0,0,0]
[1,0,0,0]
[1,0,0,0]
[1,0,0,0]
[1,0,0,0]
[1,0,0,0]
[1,0,0,0]
[1,0,0,0]
[1,0,0,0]
[1,0,0,0]
[1,0,0,0]
[1,0,0,0]
[1,0,0,0]
[1,0,0,0]
[1,0,0,0]
[1,0,0,0]
[1,0,0,0]
[1,0,0,0]
[1,0,0,0]
[1,0,0,0]
[1,0,0,0]
[1,0,0,0]
[1,0,0,0]
[1,0,0,0]
[1,0,0,0]
[1,0,0,0]
[1,0,0,0]
[1,0,0,0]
[1,0,0,0]
[1,0,0,0]
[1,0,0,0]
[1,0,0,0]
[1,0,0,0]
[1,0,0,0]
[1,0,0,0]
[1,0,0,0]
[1,0,0,0]
[1,0,0,0]
[1,0,0,0]
[1,0,0,0]
[1,0,0,0]
[1,0,0,0]
[1,0,0,0]
[1,0,0,0]
[1,0,0,0]
[1,0,0,0]
[1,0,0,0]
[1,0,0,0]
[1,0,0,0]
[1,0,0,0]
[1,0,0,0]
[1,0,0,0]
[1,0,0,0]
[1,0,0,0]
[1,0,0,0]
[1,0,0,0]
[1,0,0,0]
[1,0,0,0]
[1,0,0,0]
[1,0,0,0]
[1,0,0,0]
[1,0,0,0]
[1,0,0,0]
[1,0,0,0]
[1,0,0,0]
[1,0,0,0]
[1,0,0,0]
[1,0,0,0]
[1,0,0,0]
[1,0,0,0]
[1,0,0,0]
[1,0,0,0]
[1,0,0,0]
[1,0,0,0]
[1,0,0,0]
[1,0,0,0]
[1,0,0,0]
[1,0,0,0]
[1,0,0,0]
[1,0,0,0]
[1,0,0,0]
[1,0,0,0]
[1,0,0,0]
[1,0,0,0]
[1,0,0,0]
[1,0,0,0]
[1,0,0,0]
[1,0,0,0]
[1,0,0,0]
[1,0,0,0]
[1,0,0,0]
[1,0,0,0]
[1,0,0,0]
[1,0,0,0]
[1,0,0,0]
[1,0,0,0]
[1,0,0,0]
[1,0,0,0]
[1,0,0,0]
[1,0,0,0]
[1,0,0,0]
[1,0,0,0]
[1,0,0,0]
[1,0,0,0]
[1,0,0,0]
[1,0,0,0]
[1,0,0,0]
[1,0,0,0]
[1,0,0,0]
[1,0,0,0]
[1,0,0,0]
[1,0,0,0]
[1,0,0,0]
[1,0,0,0]
[1,0,0,0]
[1,0,0,0]
[1,0,0,0]
[1,0,0,0]
[1,0,0,0]
[1,0,0,0]
[1,0,0,0]
[1,0,0,0]
[1,0,0,0]
[1,0,0,0]
[1,0,0,0]
[1,0,0,0]
[1,0,0,0]
[1,0,0,0]
[1,0,0,0]
[1,0,0,0]
[1,0,0,0]
[1,0,0,0]
[1,0,0,0]
[1,0,0,0]
[1,0,0,0]
[1,0,0,0]
[1,0,0,0]
[1,0,0,0]
[1,0,0,0]
[1,0,0,0]
[1,0,0,0]
[1,0,0,0]
[1,0,0,0]
[1,0,0,0]
[1,0,0,0]
[1,0,0,0]
[1,0,0,0]
[1,0,0,0]
[1,0,0,0]
[1,0,0,0]
[1,0,0,0]
[1,0,0,0]
[1,0,0,0]
[1,0,0,0]
[1,0,0,0]
[1,0,0,0]
[1,0,0,0]
[1,0,0,0]
[1,0,0,0]
[1,0,0,0]
[1,0,0,0]
[1,0,0,0]
[1,0,0,0]
[1,0,0,0]
[1,0,0,0]
[1,0,0,0]
[1,0,0,0]
[1,0,0,0]
[1,0,0,0]
[1,0,0,0]
[1,0,0,0]
[1,0,0,0]
[1,0,0,0]
[1,0,0,0]
[1,0,0,0]
[1,0,0,0]
[1,0,0,0]
[1,0,0,0]
[1,0,0,0]
[1,0,0,0]
[1,0,0,0]
[1,0,0,0]
[1,0,0,0]
[1,0,0,0]
[1,0,0,0]
[1,0,0,0]
[1,0,0,0]
[1,0,0,0]
[1,0,0,0]
[1,0,0,0]
[1,0,0,0]
[1,0,0,0]
[1,0,0,0]
[1,0,0,0]
[1,0,0,0]
[1,0,0,0]
[1,0,0,0]
[1,0,0,0]
[1,0,0,0]
[1,0,0,0]
[1,0,0,0]
[1,0,0,0]
[1,0,0,0]
[1,0,0,0]
[1,0,0,0]
[1,0,0,0]
[1,0,0,0]
[1,0,0,0]
[1,0,0,0]
[1,0,0,0]
[1,0,0,0]
[1,0,0,0]
[1,0,0,0]
[1,0,0,0]
[1,0,0,0]
[1,0,0,0]
[1,0,0,0]
[1,0,0,0]
[1,0,0,0]
[1,0,0,0]
[1,0,0,0]
[1,0,0,0]
[1,0,0,0]
[1,0,0,0]
[1,0,0,0]
[1,0,0,0]
[1,0,0,0]
[1,0,0,0]
[1,0,0,0]
[1,0,0,0]
[1,0,0,0]
[1,0,0,0]
[1,0,0,0]
[1,0,0,0]
[1,0,0,0]
[1,0,0,0]
[1,0,0,0]
[1,0,0,0]
[1,0,0,0]
[1,0,0,0]
[1,0,0,0]
[1,0,0,0]
[1,0,0,0]
[1,0,0,0]
[1,0,0,0]
[1,0,0,0]
[1,0,0,0]
[1,0,0,0]
[1,0,0,0]
[1,0,0,0]
[1,0,0,0]
[1,0,0,0]
[1,0,0,0]
[1,0,0,0]
[1,0,0,0]
[1,0,0,0]
[1,0,0,0]
[1,0,0,0]
[1,0,0,0]
[1,0,0,0]
[1,0,0,0]
[1,0,0,0]
[1,0,0,0]
[1,0,0,0]
[1,0,0,0]
[1,0,0,0]
[1,0,0,0]
[1,0,0,0]
[1,0,0,0]
[1,0,0,0]
[1,0,0,0]
[1,0,0,0]
[1,0,0,0]
[1,0,0,0]
[1,0,0,0]
[1,0,0,0]
[1,0,0,0]
[1,0,0,0]
[1,0,0,0]
[1,0,0,0]
[1,0,0,0]
[1,0,0,0]
[1,0,0,0]
[1,0,0,0]
[1,0,0,0]
[1,0,0,0]
[1,0,0,0]
[1,0,0,0]
[1,0,0,0]
[1,0,0,0]
[1,0,0,0]
[1,0,0,0]
[1,0,0,0]
[1,0,0,0]
[1,0,0,0]
[1,0,0,0]
[1,0,0,0]
[1,0,0,0]
[1,0,0,0]
[1,0,0,0]
[1,0,0,0]
[1,0,0,0]
[1,0,0,0]
[1,0,0,0]
[1,0,0,0]
[1,0,0,0]
[1,0,0,0]
[1,0,0,0]
[1,0,0,0]
[1,0,0,0]
[1,0,0,0]
[1,0,0,0]
[1,0,0,0]
[1,0,0,0]
[1,0,0,0]
[1,0,0,0]
[1,0,0,0]
[1,0,0,0]
[1,0,0,0]
[1,0,0,0]
[1,0,0,0]
[1,0,0,0]
[1,0,0,0]
[1,0,0,0]
[1,0,0,0]
[1,0,0,0]
[1,0,0,0]
[1,0,0,0]
[1,0,0,0]
[1,0,0,0]
[1,0,0,0]
[1,0,0,0]
[1,0,0,0]
[1,0,0,0]
[1,0,0,0]
[1,0,0,0]
[1,0,0,0]
[1,0,0,0]
[1,0,0,0]
[1,0,0,0]
[1,0,0,0]
[1,0,0,0]
[1,0,0,0]
[1,0,0,0]
[1,0,0,0]
[1,0,0,0]
[1,0,0,0]
[1,0,0,0]
[1,0,0,0]
