770
10
[-5.99221,0,0]
[-5.98442,0,0]
[-5.97662,0,0]
[-5.96883,0,0]
[-5.96104,0,0]
[-5.95325,0,0]
[-5.94545,0,0]
[-5.93766,0,0]
[-5.92987,0,0]
[-5.92208,0,0]
[-5.91429,0,0]
[-5.90649,0,0]
[-5.8987,0,0]
[-5.89091,0,0]
[-5.88312,0,0]
[-5.87532,0,0]
[-5.86753,0,0]
[-5.85974,0,0]
[-5.85195,0,0]
[-5.84416,0,0]
[-5.83636,0,0]
[-5.82857,0,0]
[-5.82078,0,0]
[-5.81299,0,0]
[-5.80519,0,0]
[-5.7974,0,0]
[-5.78961,0,0]
[-5.78182,0,0]
[-5.77403,0,0]
[-5.76623,0,0]
[-5.75844,0,0]
[-5.75065,0,0]
[-5.74286,0,0]
[-5.73506,0,0]
[-5.72727,0,0]
[-5.71948,0,0]
[-5.71169,0,0]
[-5.7039,0,0]
[-5.6961,0,0]
[-5.68831,0,0]
[-5.68052,0,0]
[-5.67273,0,0]
[-5.66494,0,0]
[-5.65714,0,0]
[-5.64935,0,0]
[-5.64156,0,0]
[-5.63377,0,0]
[-5.62597,0,0]
[-5.61818,0,0]
[-5.61039,0,0]
[-5.6026,0,0]
[-5.59481,0,0]
[-5.58701,0,0]
[-5.57922,0,0]
[-5.57143,0,0]
[-5.56364,0,0]
[-5.55584,0,0]
[-5.54805,0,0]
[-5.54026,0,0]
[-5.53247,0,0]
[-5.52468,0,0]
[-5.51688,0,0]
[-5.50909,0,0]
[-5.5013,0,0]
[-5.49351,0,0]
[-5.48571,0,0]
[-5.47792,0,0]
[-5.47013,0,0]
[-5.46234,0,0]
[-5.45455,0,0]
[-5.44675,0,0]
[-5.43896,0,0]
[-5.43117,0,0]
[-5.42338,0,0]
[-5.41558,0,0]
[-5.40779,0,0]
[-5.4,0,0]
[-5.39221,0,0]
[-5.38442,0,0]
[-5.37662,0,0]
[-5.36883,0,0]
[-5.36104,0,0]
[-5.35325,0,0]
[-5.34545,0,0]
[-5.33766,0,0]
[-5.32987,0,0]
[-5.32208,0,0]
[-5.31429,0,0]
[-5.30649,0,0]
[-5.2987,0,0]
[-5.29091,0,0]
[-5.28312,0,0]
[-5.27532,0,0]
[-5.26753,0,0]
[-5.25974,0,0]
[-5.25195,0,0]
[-5.24416,0,0]
[-5.23636,0,0]
[-5.22857,0,0]
[-5.22078,0,0]
[-5.21299,0,0]
[-5.20519,0,0]
[-5.1974,0,0]
[-5.18961,0,0]
[-5.18182,0,0]
[-5.17403,0,0]
[-5.16623,0,0]
[-5.15844,0,0]
[-5.15065,0,0]
[-5.14286,0,0]
[-5.13506,0,0]
[-5.12727,0,0]
[-5.11948,0,0]
[-5.11169,0,0]
[-5.1039,0,0]
[-5.0961,0,0]
[-5.08831,0,0]
[-5.08052,0,0]
[-5.07273,0,0]
[-5.06494,0,0]
[-5.05714,0,0]
[-5.04935,0,0]
[-5.04156,0,0]
[-5.03377,0,0]
[-5.02597,0,0]
[-5.01818,0,0]
[-5.01039,0,0]
[-5.0026,0,0]
[-4.99481,0,0]
[-4.98701,0,0]
[-4.97922,0,0]
[-4.97143,0,0]
[-4.96364,0,0]
[-4.95584,0,0]
[-4.94805,0,0]
[-4.94026,0,0]
[-4.93247,0,0]
[-4.92468,0,0]
[-4.91688,0,0]
[-4.90909,0,0]
[-4.9013,0,0]
[-4.89351,0,0]
[-4.88571,0,0]
[-4.87792,0,0]
[-4.87013,0,0]
[-4.86234,0,0]
[-4.85455,0,0]
[-4.84675,0,0]
[-4.83896,0,0]
[-4.83117,0,0]
[-4.82338,0,0]
[-4.81558,0,0]
[-4.80779,0,0]
[-4.8,0,0]
[-4.79221,0,0]
[-4.78442,0,0]
[-4.77662,0,0]
[-4.76883,0,0]
[-4.76104,0,0]
[-4.75325,0,0]
[-4.74545,0,0]
[-4.73766,0,0]
[-4.72987,0,0]
[-4.72208,0,0]
[-4.71429,0,0]
[-4.70649,0,0]
[-4.6987,0,0]
[-4.69091,0,0]
[-4.68312,0,0]
[-4.67532,0,0]
[-4.66753,0,0]
[-4.65974,0,0]
[-4.65195,0,0]
[-4.64416,0,0]
[-4.63636,0,0]
[-4.62857,0,0]
[-4.62078,0,0]
[-4.61299,0,0]
[-4.60519,0,0]
[-4.5974,0,0]
[-4.58961,0,0]
[-4.58182,0,0]
[-4.57403,0,0]
[-4.56623,0,0]
[-4.55844,0,0]
[-4.55065,0,0]
[-4.54286,0,0]
[-4.53506,0,0]
[-4.52727,0,0]
[-4.51948,0,0]
[-4.51169,0,0]
[-4.5039,0,0]
[-4.4961,0,0]
[-4.48831,0,0]
[-4.48052,0,0]
[-4.47273,0,0]
[-4.46494,0,0]
[-4.45714,0,0]
[-4.44935,0,0]
[-4.44156,0,0]
[-4.43377,0,0]
[-4.42597,0,0]
[-4.41818,0,0]
[-4.41039,0,0]
[-4.4026,0,0]
[-4.39481,0,0]
[-4.38701,0,0]
[-4.37922,0,0]
[-4.37143,0,0]
[-4.36364,0,0]
[-4.35584,0,0]
[-4.34805,0,0]
[-4.34026,0,0]
[-4.33247,0,0]
[-4.32468,0,0]
[-4.31688,0,0]
[-4.30909,0,0]
[-4.3013,0,0]
[-4.29351,0,0]
[-4.28571,0,0]
[-4.27792,0,0]
[-4.27013,0,0]
[-4.26234,0,0]
[-4.25455,0,0]
[-4.24675,0,0]
[-4.23896,0,0]
[-4.23117,0,0]
[-4.22338,0,0]
[-4.21558,0,0]
[-4.20779,0,0]
[-4.2,0,0]
[-4.19221,0,0]
[-4.18442,0,0]
[-4.17662,0,0]
[-4.16883,0,0]
[-4.16104,0,0]
[-4.15325,0,0]
[-4.14545,0,0]
[-4.13766,0,0]
[-4.12987,0,0]
[-4.12208,0,0]
[-4.11429,0,0]
[-4.10649,0,0]
[-4.0987,0,0]
[-4.09091,0,0]
[-4.08312,0,0]
[-4.07532,0,0]
[-4.06753,0,0]
[-4.05974,0,0]
[-4.05195,0,0]
[-4.04416,0,0]
[-4.03636,0,0]
[-4.02857,0,0]
[-4.02078,0,0]
[-4.01299,0,0]
[-4.00519,0,0]
[-3.9974,0,0]
[-3.98961,0,0]
[-3.98182,0,0]
[-3.97403,0,0]
[-3.96623,0,0]
[-3.95844,0,0]
[-3.95065,0,0]
[-3.94286,0,0]
[-3.93506,0,0]
[-3.92727,0,0]
[-3.91948,0,0]
[-3.91169,0,0]
[-3.9039,0,0]
[-3.8961,0,0]
[-3.88831,0,0]
[-3.88052,0,0]
[-3.87273,0,0]
[-3.86494,0,0]
[-3.85714,0,0]
[-3.84935,0,0]
[-3.84156,0,0]
[-3.83377,0,0]
[-3.82597,0,0]
[-3.81818,0,0]
[-3.81039,0,0]
[-3.8026,0,0]
[-3.79481,0,0]
[-3.78701,0,0]
[-3.77922,0,0]
[-3.77143,0,0]
[-3.76364,0,0]
[-3.75584,0,0]
[-3.74805,0,0]
[-3.74026,0,0]
[-3.73247,0,0]
[-3.72468,0,0]
[-3.71688,0,0]
[-3.70909,0,0]
[-3.7013,0,0]
[-3.69351,0,0]
[-3.68571,0,0]
[-3.67792,0,0]
[-3.67013,0,0]
[-3.66234,0,0]
[-3.65455,0,0]
[-3.64675,0,0]
[-3.63896,0,0]
[-3.63117,0,0]
[-3.62338,0,0]
[-3.61558,0,0]
[-3.60779,0,0]
[-3.6,0,0]
[-3.59221,0,0]
[-3.58442,0,0]
[-3.57662,0,0]
[-3.56883,0,0]
[-3.56104,0,0]
[-3.55325,0,0]
[-3.54545,0,0]
[-3.53766,0,0]
[-3.52987,0,0]
[-3.52208,0,0]
[-3.51429,0,0]
[-3.50649,0,0]
[-3.4987,0,0]
[-3.49091,0,0]
[-3.48312,0,0]
[-3.47532,0,0]
[-3.46753,0,0]
[-3.45974,0,0]
[-3.45195,0,0]
[-3.44416,0,0]
[-3.43636,0,0]
[-3.42857,0,0]
[-3.42078,0,0]
[-3.41299,0,0]
[-3.40519,0,0]
[-3.3974,0,0]
[-3.38961,0,0]
[-3.38182,0,0]
[-3.37403,0,0]
[-3.36623,0,0]
[-3.35844,0,0]
[-3.35065,0,0]
[-3.34286,0,0]
[-3.33506,0,0]
[-3.32727,0,0]
[-3.31948,0,0]
[-3.31169,0,0]
[-3.3039,0,0]
[-3.2961,0,0]
[-3.28831,0,0]
[-3.28052,0,0]
[-3.27273,0,0]
[-3.26494,0,0]
[-3.25714,0,0]
[-3.24935,0,0]
[-3.24156,0,0]
[-3.23377,0,0]
[-3.22597,0,0]
[-3.21818,0,0]
[-3.21039,0,0]
[-3.2026,0,0]
[-3.19481,0,0]
[-3.18701,0,0]
[-3.17922,0,0]
[-3.17143,0,0]
[-3.16364,0,0]
[-3.15584,0,0]
[-3.14805,0,0]
[-3.14026,0,0]
[-3.13247,0,0]
[-3.12468,0,0]
[-3.11688,0,0]
[-3.10909,0,0]
[-3.1013,0,0]
[-3.09351,0,0]
[-3.08571,0,0]
[-3.07792,0,0]
[-3.07013,0,0]
[-3.06234,0,0]
[-3.05455,0,0]
[-3.04675,0,0]
[-3.03896,0,0]
[-3.03117,0,0]
[-3.02338,0,0]
[-3.01558,0,0]
[-3.00779,0,0]
[-3,0,0]
[-2.99221,0,0]
[-2.98442,0,0]
[-2.97662,0,0]
[-2.96883,0,0]
[-2.96104,0,0]
[-2.95325,0,0]
[-2.94545,0,0]
[-2.93766,0,0]
[-2.92987,0,0]
[-2.92208,0,0]
[-2.91429,0,0]
[-2.90649,0,0]
[-2.8987,0,0]
[-2.89091,0,0]
[-2.88312,0,0]
[-2.87532,0,0]
[-2.86753,0,0]
[-2.85974,0,0]
[-2.85195,0,0]
[-2.84416,0,0]
[-2.83636,0,0]
[-2.82857,0,0]
[-2.82078,0,0]
[-2.81299,0,0]
[-2.80519,0,0]
[-2.7974,0,0]
[-2.78961,0,0]
[-2.78182,0,0]
[-2.77403,0,0]
[-2.76623,0,0]
[-2.75844,0,0]
[-2.75065,0,0]
[-2.74286,0,0]
[-2.73506,0,0]
[-2.72727,0,0]
[-2.71948,0,0]
[-2.71169,0,0]
[-2.7039,0,0]
[-2.6961,0,0]
[-2.68831,0,0]
[-2.68052,0,0]
[-2.67273,0,0]
[-2.66494,0,0]
[-2.65714,0,0]
[-2.64935,0,0]
[-2.64156,0,0]
[-2.63377,0,0]
[-2.62597,0,0]
[-2.61818,0,0]
[-2.61039,0,0]
[-2.6026,0,0]
[-2.59481,0,0]
[-2.58701,0,0]
[-2.57922,0,0]
[-2.57143,0,0]
[-2.56364,0,0]
[-2.55584,0,0]
[-2.54805,0,0]
[-2.54026,0,0]
[-2.53247,0,0]
[-2.52468,0,0]
[-2.51688,0,0]
[-2.50909,0,0]
[-2.5013,0,0]
[-2.49351,0,0]
[-2.48571,0,0]
[-2.47792,0,0]
[-2.47013,0,0]
[-2.46234,0,0]
[-2.45455,0,0]
[-2.44675,0,0]
[-2.43896,0,0]
[-2.43117,0,0]
[-2.42338,0,0]
[-2.41558,0,0]
[-2.40779,0,0]
[-2.4,0,0]
[-2.39221,0,0]
[-2.38442,0,0]
[-2.37662,0,0]
[-2.36883,0,0]
[-2.36104,0,0]
[-2.35325,0,0]
[-2.34545,0,0]
[-2.33766,0,0]
[-2.32987,0,0]
[-2.32208,0,0]
[-2.31429,0,0]
[-2.30649,0,0]
[-2.2987,0,0]
[-2.29091,0,0]
[-2.28312,0,0]
[-2.27532,0,0]
[-2.26753,0,0]
[-2.25974,0,0]
[-2.25195,0,0]
[-2.24416,0,0]
[-2.23636,0,0]
[-2.22857,0,0]
[-2.22078,0,0]
[-2.21299,0,0]
[-2.20519,0,0]
[-2.1974,0,0]
[-2.18961,0,0]
[-2.18182,0,0]
[-2.17403,0,0]
[-2.16623,0,0]
[-2.15844,0,0]
[-2.15065,0,0]
[-2.14286,0,0]
[-2.13506,0,0]
[-2.12727,0,0]
[-2.11948,0,0]
[-2.11169,0,0]
[-2.1039,0,0]
[-2.0961,0,0]
[-2.08831,0,0]
[-2.08052,0,0]
[-2.07273,0,0]
[-2.06494,0,0]
[-2.05714,0,0]
[-2.04935,0,0]
[-2.04156,0,0]
[-2.03377,0,0]
[-2.02597,0,0]
[-2.01818,0,0]
[-2.01039,0,0]
[-2.0026,0,0]
[-1.99481,0,0]
[-1.98701,0,0]
[-1.97922,0,0]
[-1.97143,0,0]
[-1.96364,0,0]
[-1.95584,0,0]
[-1.94805,0,0]
[-1.94026,0,0]
[-1.93247,0,0]
[-1.92468,0,0]
[-1.91688,0,0]
[-1.90909,0,0]
[-1.9013,0,0]
[-1.89351,0,0]
[-1.88571,0,0]
[-1.87792,0,0]
[-1.87013,0,0]
[-1.86234,0,0]
[-1.85455,0,0]
[-1.84675,0,0]
[-1.83896,0,0]
[-1.83117,0,0]
[-1.82338,0,0]
[-1.81558,0,0]
[-1.80779,0,0]
[-1.8,0,0]
[-1.79221,0,0]
[-1.78442,0,0]
[-1.77662,0,0]
[-1.76883,0,0]
[-1.76104,0,0]
[-1.75325,0,0]
[-1.74545,0,0]
[-1.73766,0,0]
[-1.72987,0,0]
[-1.72208,0,0]
[-1.71429,0,0]
[-1.70649,0,0]
[-1.6987,0,0]
[-1.69091,0,0]
[-1.68312,0,0]
[-1.67532,0,0]
[-1.66753,0,0]
[-1.65974,0,0]
[-1.65195,0,0]
[-1.64416,0,0]
[-1.63636,0,0]
[-1.62857,0,0]
[-1.62078,0,0]
[-1.61299,0,0]
[-1.60519,0,0]
[-1.5974,0,0]
[-1.58961,0,0]
[-1.58182,0,0]
[-1.57403,0,0]
[-1.56623,0,0]
[-1.55844,0,0]
[-1.55065,0,0]
[-1.54286,0,0]
[-1.53506,0,0]
[-1.52727,0,0]
[-1.51948,0,0]
[-1.51169,0,0]
[-1.5039,0,0]
[-1.4961,0,0]
[-1.48831,0,0]
[-1.48052,0,0]
[-1.47273,0,0]
[-1.46494,0,0]
[-1.45714,0,0]
[-1.44935,0,0]
[-1.44156,0,0]
[-1.43377,0,0]
[-1.42597,0,0]
[-1.41818,0,0]
[-1.41039,0,0]
[-1.4026,0,0]
[-1.39481,0,0]
[-1.38701,0,0]
[-1.37922,0,0]
[-1.37143,0,0]
[-1.36364,0,0]
[-1.35584,0,0]
[-1.34805,0,0]
[-1.34026,0,0]
[-1.33247,0,0]
[-1.32468,0,0]
[-1.31688,0,0]
[-1.30909,0,0]
[-1.3013,0,0]
[-1.29351,0,0]
[-1.28571,0,0]
[-1.27792,0,0]
[-1.27013,0,0]
[-1.26234,0,0]
[-1.25455,0,0]
[-1.24675,0,0]
[-1.23896,0,0]
[-1.23117,0,0]
[-1.22338,0,0]
[-1.21558,0,0]
[-1.20779,0,0]
[-1.2,0,0]
[-1.19221,0,0]
[-1.18442,0,0]
[-1.17662,0,0]
[-1.16883,0,0]
[-1.16104,0,0]
[-1.15325,0,0]
[-1.14545,0,0]
[-1.13766,0,0]
[-1.12987,0,0]
[-1.12208,0,0]
[-1.11429,0,0]
[-1.10649,0,0]
[-1.0987,0,0]
[-1.09091,0,0]
[-1.08312,0,0]
[-1.07532,0,0]
[-1.06753,0,0]
[-1.05974,0,0]
[-1.05195,0,0]
[-1.04416,0,0]
[-1.03636,0,0]
[-1.02857,0,0]
[-1.02078,0,0]
[-1.01299,0,0]
[-1.00519,0,0]
[-0.997403,0,0]
[-0.98961,0,0]
[-0.981818,0,0]
[-0.974026,0,0]
[-0.966234,0,0]
[-0.958442,0,0]
[-0.950649,0,0]
[-0.942857,0,0]
[-0.935065,0,0]
[-0.927273,0,0]
[-0.919481,0,0]
[-0.911688,0,0]
[-0.903896,0,0]
[-0.896104,0,0]
[-0.888312,0,0]
[-0.880519,0,0]
[-0.872727,0,0]
[-0.864935,0,0]
[-0.857143,0,0]
[-0.849351,0,0]
[-0.841558,0,0]
[-0.833766,0,0]
[-0.825974,0,0]
[-0.818182,0,0]
[-0.81039,0,0]
[-0.802597,0,0]
[-0.794805,0,0]
[-0.787013,0,0]
[-0.779221,0,0]
[-0.771429,0,0]
[-0.763636,0,0]
[-0.755844,0,0]
[-0.748052,0,0]
[-0.74026,0,0]
[-0.732468,0,0]
[-0.724675,0,0]
[-0.716883,0,0]
[-0.709091,0,0]
[-0.701299,0,0]
[-0.693506,0,0]
[-0.685714,0,0]
[-0.677922,0,0]
[-0.67013,0,0]
[-0.662338,0,0]
[-0.654545,0,0]
[-0.646753,0,0]
[-0.638961,0,0]
[-0.631169,0,0]
[-0.623377,0,0]
[-0.615584,0,0]
[-0.607792,0,0]
[-0.6,0,0]
[-0.592208,0,0]
[-0.584416,0,0]
[-0.576623,0,0]
[-0.568831,0,0]
[-0.561039,0,0]
[-0.553247,0,0]
[-0.545455,0,0]
[-0.537662,0,0]
[-0.52987,0,0]
[-0.522078,0,0]
[-0.514286,0,0]
[-0.506494,0,0]
[-0.498701,0,0]
[-0.490909,0,0]
[-0.483117,0,0]
[-0.475325,0,0]
[-0.467532,0,0]
[-0.45974,0,0]
[-0.451948,0,0]
[-0.444156,0,0]
[-0.436364,0,0]
[-0.428571,0,0]
[-0.420779,0,0]
[-0.412987,0,0]
[-0.405195,0,0]
[-0.397403,0,0]
[-0.38961,0,0]
[-0.381818,0,0]
[-0.374026,0,0]
[-0.366234,0,0]
[-0.358442,0,0]
[-0.350649,0,0]
[-0.342857,0,0]
[-0.335065,0,0]
[-0.327273,0,0]
[-0.319481,0,0]
[-0.311688,0,0]
[-0.303896,0,0]
[-0.296104,0,0]
[-0.288312,0,0]
[-0.280519,0,0]
[-0.272727,0,0]
[-0.264935,0,0]
[-0.257143,0,0]
[-0.249351,0,0]
[-0.241558,0,0]
[-0.233766,0,0]
[-0.225974,0,0]
[-0.218182,0,0]
[-0.21039,0,0]
[-0.202597,0,0]
[-0.194805,0,0]
[-0.187013,0,0]
[-0.179221,0,0]
[-0.171429,0,0]
[-0.163636,0,0]
[-0.155844,0,0]
[-0.148052,0,0]
[-0.14026,0,0]
[-0.132468,0,0]
[-0.124675,0,0]
[-0.116883,0,0]
[-0.109091,0,0]
[-0.101299,0,0]
[-0.0935065,0,0]
[-0.0857143,0,0]
[-0.0779221,0,0]
[-0.0701299,0,0]
[-0.0623377,0,0]
[-0.0545455,0,0]
[-0.0467532,0,0]
[-0.038961,0,0]
[-0.0311688,0,0]
[-0.0233766,0,0]
[-0.0155844,0,0]
[-0.00779221,0,0]
[0,0,0]
[1,0,0,0]
[1,0,0,0]
[1,0,0,0]
[1,0,0,0]
[1,0,0,0]
[1,0,0,0]
[1,0,0,0]
[1,0,0,0]
[1,0,0,0]
[1,0,0,0]
[1,0,0,0]
[1,0,0,0]
[1,0,0,0]
[1,0,0,0]
[1,0,0,0]
[1,0,0,0]
[1,0,0,0]
[1,0,0,0]
[1,0,0,0]
[1,0,0,0]
[1,0,0,0]
[1,0,0,0]
[1,0,0,0]
[1,0,0,0]
[1,0,0,0]
[1,0,0,0]
[1,0,0,0]
[1,0,0,0]
[1,0,0,0]
[1,0,0,0]
[1,0,0,0]
[1,0,0,0]
[1,0,0,0]
[1,0,0,0]
[1,0,0,0]
[1,0,0,0]
[1,0,0,0]
[1,0,0,0]
[1,0,0,0]
[1,0,0,0]
[1,0,0,0]
[1,0,0,0]
[1,0,0,0]
[1,0,0,0]
[1,0,0,0]
[1,0,0,0]
[1,0,0,0]
[1,0,0,0]
[1,0,0,0]
[1,0,0,0]
[1,0,0,0]
[1,0,0,0]
[1,0,0,0]
[1,0,0,0]
[1,0,0,0]
[1,0,0,0]
[1,0,0,0]
[1,0,0,0]
[1,0,0,0]
[1,0,0,0]
[1,0,0,0]
[1,0,0,0]
[1,0,0,0]
[1,0,0,0]
[1,0,0,0]
[1,0,0,0]
[1,0,0,0]
[1,0,0,0]
[1,0,0,0]
[1,0,0,0]
[1,0,0,0]
[1,0,0,0]
[1,0,0,0]
[1,0,0,0]
[1,0,0,0]
[1,0,0,0]
[1,0,0,0]
[1,0,0,0]
[1,0,0,0]
[1,0,0,0]
[1,0,0,0]
[1,0,0,0]
[1,0,0,0]
[1,0,0,0]
[1,0,0,0]
[1,0,0,0]
[1,0,0,0]
[1,0,0,0]
[1,0,0,0]
[1,0,0,0]
[1,0,0,0]
[1,0,0,0]
[1,0,0,0]
[1,0,0,0]
[1,0,0,0]
[1,0,0,0]
[1,0,0,0]
[1,0,0,0]
[1,0,0,0]
[1,0,0,0]
[1,0,0,0]
[1,0,0,0]
[1,0,0,0]
[1,0,0,0]
[1,0,0,0]
[1,0,0,0]
[1,0,0,0]
[1,0,0,0]
[1,0,0,0]
[1,0,0,0]
[1,0,0,0]
[1,0,0,0]
[1,0,0,0]
[1,0,0,0]
[1,0,0,0]
[1,0,0,0]
[1,0,0,0]
[1,0,0,0]
[1,0,0,0]
[1,0,0,0]
[1,0,0,0]
[1,0,0,0]
[1,0,0,0]
[1,0,0,0]
[1,0,0,0]
[1,0,0,0]
[1,0,0,0]
[1,0,0,0]
[1,0,0,0]
[1,0,0,0]
[1,0,0,0]
[1,0,0,0]
[1,0,0,0]
[1,0,0,0]
[1,0,0,0]
[1,0,0,0]
[1,0,0,0]
[1,0,0,0]
[1,0,0,0]
[1,0,0,0]
[1,0,0,0]
[1,0,0,0]
[1,0,0,0]
[1,0,0,0]
[1,0,0,0]
[1,0,0,0]
[1,0,0,0]
[1,0,0,0]
[1,0,0,0]
[1,0,0,0]
[1,0,0,0]
[1,0,0,0]
[1,0,0,0]
[1,0,0,0]
[1,0,0,0]
[1,0,0,0]
[1,0,0,0]
[1,0,0,0]
[1,0,0,0]
[1,0,0,0]
[1,0,0,0]
[1,0,0,0]
[1,0,0,0]
[1,0,0,0]
[1,0,0,0]
[1,0,0,0]
[1,0,0,0]
[1,0,0,0]
[1,0,0,0]
[1,0,0,0]
[1,0,0,0]
[1,0,0,0]
[1,0,0,0]
[1,0,0,0]
[1,0,0,0]
[1,0,0,0]
[1,0,0,0]
[1,0,0,0]
[1,0,0,0]
[1,0,0,0]
[1,0,0,0]
[1,0,0,0]
[1,0,0,0]
[1,0,0,0]
[1,0,0,0]
[1,0,0,0]
[1,0,0,0]
[1,0,0,0]
[1,0,0,0]
[1,0,0,0]
[1,0,0,0]
[1,0,0,0]
[1,0,0,0]
[1,0,0,0]
[1,0,0,0]
[1,0,0,0]
[1,0,0,0]
[1,0,0,0]
[1,0,0,0]
[1,0,0,0]
[1,0,0,0]
[1,0,0,0]
[1,0,0,0]
[1,0,0,0]
[1,0,0,0]
[1,0,0,0]
[1,0,0,0]
[1,0,0,0]
[1,0,0,0]
[1,0,0,0]
[1,0,0,0]
[1,0,0,0]
[1,0,0,0]
[1,0,0,0]
[1,0,0,0]
[1,0,0,0]
[1,0,0,0]
[1,0,0,0]
[1,0,0,0]
[1,0,0,0]
[1,0,0,0]
[1,0,0,0]
[1,0,0,0]
[1,0,0,0]
[1,0,0,0]
[1,0,0,0]
[1,0,0,0]
[1,0,0,0]
[1,0,0,0]
[1,0,0,0]
[1,0,0,0]
[1,0,0,0]
[1,0,0,0]
[1,0,0,0]
[1,0,0,0]
[1,0,0,0]
[1,0,0,0]
[1,0,0,0]
[1,0,0,0]
[1,0,0,0]
[1,0,0,0]
[1,0,0,0]
[1,0,0,0]
[1,0,0,0]
[1,0,0,0]
[1,0,0,0]
[1,0,0,0]
[1,0,0,0]
[1,0,0,0]
[1,0,0,0]
[1,0,0,0]
[1,0,0,0]
[1,0,0,0]
[1,0,0,0]
[1,0,0,0]
[1,0,0,0]
[1,0,0,0]
[1,0,0,0]
[1,0,0,0]
[1,0,0,0]
[1,0,0,0]
[1,0,0,0]
[1,0,0,0]
[1,0,0,0]
[1,0,0,0]
[1,0,0,0]
[1,0,0,0]
[1,0,0,0]
[1,0,0,0]
[1,0,0,0]
[1,0,0,0]
[1,0,0,0]
[1,0,0,0]
[1,0,0,0]
[1,0,0,0]
[1,0,0,0]
[1,0,0,0]
[1,0,0,0]
[1,0,0,0]
[1,0,0,0]
[1,0,0,0]
[1,0,0,0]
[1,0,0,0]
[1,0,0,0]
[1,0,0,0]
[1,0,0,0]
[1,0,0,0]
[1,0,0,0]
[1,0,0,0]
[1,0,0,0]
[1,0,0,0]
[1,0,0,0]
[1,0,0,0]
[1,0,0,0]
[1,0,0,0]
[1,0,0,0]
[1,0,0,0]
[1,0,0,0]
[1,0,0,0]
[1,0,0,0]
[1,0,0,0]
[1,0,0,0]
[1,0,0,0]
[1,0,0,0]
[1,0,0,0]
[1,0,0,0]
[1,0,0,0]
[1,0,0,0]
[1,0,0,0]
[1,0,0,0]
[1,0,0,0]
[1,0,0,0]
[1,0,0,0]
[1,0,0,0]
[1,0,0,0]
[1,0,0,0]
[1,0,0,0]
[1,0,0,0]
[1,0,0,0]
[1,0,0,0]
[1,0,0,0]
[1,0,0,0]
[1,0,0,0]
[1,0,0,0]
[1,0,0,0]
[1,0,0,0]
[1,0,0,0]
[1,0,0,0]
[1,0,0,0]
[1,0,0,0]
[1,0,0,0]
[1,0,0,0]
[1,0,0,0]
[1,0,0,0]
[1,0,0,0]
[1,0,0,0]
[1,0,0,0]
[1,0,0,0]
[1,0,0,0]
[1,0,0,0]
[1,0,0,0]
[1,0,0,0]
[1,0,0,0]
[1,0,0,0]
[1,0,0,0]
[1,0,0,0]
[1,0,0,0]
[1,0,0,0]
[1,0,0,0]
[1,0,0,0]
[1,0,0,0]
[1,0,0,0]
[1,0,0,0]
[1,0,0,0]
[1,0,0,0]
[1,0,0,0]
[1,0,0,0]
[1,0,0,0]
[1,0,0,0]
[1,0,0,0]
[1,0,0,0]
[1,0,0,0]
[1,0,0,0]
[1,0,0,0]
[1,0,0,0]
[1,0,0,0]
[1,0,0,0]
[1,0,0,0]
[1,0,0,0]
[1,0,0,0]
[1,0,0,0]
[1,0,0,0]
[1,0,0,0]
[1,0,0,0]
[1,0,0,0]
[1,0,0,0]
[1,0,0,0]
[1,0,0,0]
[1,0,0,0]
[1,0,0,0]
[1,0,0,0]
[1,0,0,0]
[1,0,0,0]
[1,0,0,0]
[1,0,0,0]
[1,0,0,0]
[1,0,0,0]
[1,0,0,0]
[1,0,0,0]
[1,0,0,0]
[1,0,0,0]
[1,0,0,0]
[1,0,0,0]
[1,0,0,0]
[1,0,0,0]
[1,0,0,0]
[1,0,0,0]
[1,0,0,0]
[1,0,0,0]
[1,0,0,0]
[1,0,0,0]
[1,0,0,0]
[1,0,0,0]
[1,0,0,0]
[1,0,0,0]
[1,0,0,0]
[1,0,0,0]
[1,0,0,0]
[1,0,0,0]
[1,0,0,0]
[1,0,0,0]
[1,0,0,0]
[1,0,0,0]
[1,0,0,0]
[1,0,0,0]
[1,0,0,0]
[1,0,0,0]
[1,0,0,0]
[1,0,0,0]
[1,0,0,0]
[1,0,0,0]
[1,0,0,0]
[1,0,0,0]
[1,0,0,0]
[1,0,0,0]
[1,0,0,0]
[1,0,0,0]
[1,0,0,0]
[1,0,0,0]
[1,0,0,0]
[1,0,0,0]
[1,0,0,0]
[1,0,0,0]
[1,0,0,0]
[1,0,0,0]
[1,0,0,0]
[1,0,0,0]
[1,0,0,0]
[1,0,0,0]
[1,0,0,0]
[1,0,0,0]
[1,0,0,0]
[1,0,0,0]
[1,0,0,0]
[1,0,0,0]
[1,0,0,0]
[1,0,0,0]
[1,0,0,0]
[1,0,0,0]
[1,0,0,0]
[1,0,0,0]
[1,0,0,0]
[1,0,0,0]
[1,0,0,0]
[1,0,0,0]
[1,0,0,0]
[1,0,0,0]
[1,0,0,0]
[1,0,0,0]
[1,0,0,0]
[1,0,0,0]
[1,0,0,0]
[1,0,0,0]
[1,0,0,0]
[1,0,0,0]
[1,0,0,0]
[1,0,0,0]
[1,0,0,0]
[1,0,0,0]
[1,0,0,0]
[1,0,0,0]
[1,0,0,0]
[1,0,0,0]
[1,0,0,0]
[1,0,0,0]
[1,0,0,0]
[1,0,0,0]
[1,0,0,0]
[1,0,0,0]
[1,0,0,0]
[1,0,0,0]
[1,0,0,0]
[1,0,0,0]
[1,0,0,0]
[1,0,0,0]
[1,0,0,0]
[1,0,0,0]
[1,0,0,0]
[1,0,0,0]
[1,0,0,0]
[1,0,0,0]
[1,0,0,0]
[1,0,0,0]
[1,0,0,0]
[1,0,0,0]
[1,0,0,0]
[1,0,0,0]
[1,0,0,0]
[1,0,0,0]
[1,0,0,0]
[1,0,0,0]
[1,0,0,0]
[1,0,0,0]
[1,0,0,0]
[1,0,0,0]
[1,0,0,0]
[1,0,0,0]
[1,0,0,0]
[1,0,0,0]
[1,0,0,0]
[1,0,0,0]
[1,0,0,0]
[1,0,0,0]
[1,0,0,0]
[1,0,0,0]
[1,0,0,0]
[1,0,0,0]
[1,0,0,0]
[1,0,0,0]
[1,0,0,0]
[1,0,0,0]
[1,0,0,0]
[1,0,0,0]
[1,0,0,0]
[1,0,0,0]
[1,0,0,0]
[1,0,0,0]
[1,0,0,0]
[1,0,0,0]
[1,0,0,0]
[1,0,0,0]
[1,0,0,0]
[1,0,0,0]
[1,0,0,0]
[1,0,0,0]
[1,0,0,0]
[1,0,0,0]
[1,0,0,0]
[1,0,0,0]
[1,0,0,0]
[1,0,0,0]
[1,0,0,0]
[1,0,0,0]
[1,0,0,0]
[1,0,0,0]
[1,0,0,0]
[1,0,0,0]
[1,0,0,0]
[1,0,0,0]
[1,0,0,0]
[1,0,0,0]
[1,0,0,0]
[1,0,0,0]
[1,0,0,0]
[1,0,0,0]
[1,0,0,0]
[1,0,0,0]
[1,0,0,0]
[1,0,0,0]
[1,0,0,0]
[1,0,0,0]
[1,0,0,0]
[1,0,0,0]
[1,0,0,0]
[1,0,0,0]
[1,0,0,0]
[1,0,0,0]
[1,0,0,0]
[1,0,0,0]
[1,0,0,0]
[1,0,0,0]
[1,0,0,0]
[1,0,0,0]
[1,0,0,0]
[1,0,0,0]
[1,0,0,0]
[1,0,0,0]
[1,0,0,0]
[1,0,0,0]
[1,0,0,0]
[1,0,0,0]
[1,0,0,0]
[1,0,0,0]
[1,0,0,0]
[1,0,0,0]
[1,0,0,0]
[1,0,0,0]
[1,0,0,0]
[1,0,0,0]
[1,0,0,0]
[1,0,0,0]
[1,0,0,0]
[1,0,0,0]
[1,0,0,0]
[1,0,0,0]
[1,0,0,0]
[1,0,0,0]
[1,0,0,0]
[1,0,0,0]
[1,0,0,0]
[1,0,0,0]
[1,0,0,0]
[1,0,0,0]
[1,0,0,0]
[1,0,0,0]
[1,0,0,0]
[1,0,0,0]
[1,0,0,0]
[1,0,0,0]
[1,0,0,0]
[1,0,0,0]
[1,0,0,0]
[1,0,0,0]
[1,0,0,0]
[1,0,0,0]
[1,0,0,0]
[1,0,0,0]
[1,0,0,0]
[1,0,0,0]
[1,0,0,0]
[1,0,0,0]
[1,0,0,0]
[1,0,0,0]
[1,0,0,0]
[1,0,0,0]
[1,0,0,0]
[1,0,0,0]
[1,0,0,0]
[1,0,0,0]
[1,0,0,0]
[1,0,0,0]
[1,0,0,0]
[1,0,0,0]
[1,0,0,0]
[1,0,0,0]
[1,0,0,0]
[1,0,0,0]
[1,0,0,0]
[1,0,0,0]
[1,0,0,0]
[1,0,0,0]
[1,0,0,0]
[1,0,0,0]
[1,0,0,0]
[1,0,0,0]
[1,0,0,0]
[1,0,0,0]
[1,0,0,0]
[1,0,0,0]
[1,0,0,0]
[1,0,0,0]
[1,0,0,0]
[1,0,0,0]
[1,0,0,0]
[1,0,0,0]
[1,0,0,0]
[1,0,0,0]
[1,0,0,0]
[1,0,0,0]
[1,0,0,0]
[1,0,0,0]
[1,0,0,0]
[1,0,0,0]
[1,0,0,0]
[1,0,0,0]
[1,0,0,0]
[1,0,0,0]
[1,0,0,0]
[1,0,0,0]
[1,0,0,0]
[1,0,0,0]
[1,0,0,0]
[1,0,0,0]
[1,0,0,0]
[1,0,0,0]
[1,0,0,0]
[1,0,0,0]
[1,0,0,0]
[1,0,0,0]
[1,0,0,0]
[1,0,0,0]
[1,0,0,0]
[1,0,0,0]
[1,0,0,0]
[1,0,0,0]
[1,0,0,0]
[1,0,0,0]
[1,0,0,0]
[1,0,0,0]
[1,0,0,0]
[1,0,0,0]
[1,0,0,0]
[1,0,0,0]
[1,0,0,0]
[1,0,0,0]
[1,0,0,0]
[1,0,0,0]
[1,0,0,0]
[1,0,0,0]
[1,0,0,0]
[1,0,0,0]
[1,0,0,0]
[1,0,0,0]
[1,0,0,0]
[1,0,0,0]
[1,0,0,0]
[1,0,0,0]
[1,0,0,0]
[1,0,0,0]
[1,0,0,0]
[1,0,0,0]
[1,0,0,0]
[1,0,0,0]
[1,0,0,0]
[1,0,0,0]
[1,0,0,0]
[1,0,0,0]
[1,0,0,0]
[1,0,0,0]
[1,0,0,0]
[1,0,0,0]
[1,0,0,0]
[1,0,0,0]
[1,0,0,0]
[1,0,0,0]
[1,0,0,0]
[1,0,0,0]
[1,0,0,0]
[1,0,0,0]
[1,0,0,0]
[1,0,0,0]
[1,0,0,0]
[1,0,0,0]
[1,0,0,0]
[1,0,0,0]
[1,0,0,0]
[1,0,0,0]
[1,0,0,0]
[1,0,0,0]
[1,0,0,0]
[1,0,0,0]
[1,0,0,0]
[1,0,0,0]
[1,0,0,0]
[1,0,0,0]
[1,0,0,0]
[1,0,0,0]
[1,0,0,0]
[1,0,0,0]
[1,0,0,0]
[1,0,0,0]
[1,0,0,0]
[1,0,0,0]
[1,0,0,0]
[1,0,0,0]
[1,0,0,0]
[1,0,0,0]
[1,0,0,0]
[1,0,0,0]
[1,0,0,0]
[1,0,0,0]
[1,0,0,0]
[1,0,0,0]
[1,0,0,0]
[1,0,0,0]
[1,0,0,0]
[1,0,0,0]
[1,0,0,0]
[1,0,0,0]
[1,0,0,0]
