710
10
[-5.99155,0,0]
[-5.9831,0,0]
[-5.97465,0,0]
[-5.9662,0,0]
[-5.95775,0,0]
[-5.9493,0,0]
[-5.94085,0,0]
[-5.93239,0,0]
[-5.92394,0,0]
[-5.91549,0,0]
[-5.90704,0,0]
[-5.89859,0,0]
[-5.89014,0,0]
[-5.88169,0,0]
[-5.87324,0,0]
[-5.86479,0,0]
[-5.85634,0,0]
[-5.84789,0,0]
[-5.83944,0,0]
[-5.83099,0,0]
[-5.82254,0,0]
[-5.81408,0,0]
[-5.80563,0,0]
[-5.79718,0,0]
[-5.78873,0,0]
[-5.78028,0,0]
[-5.77183,0,0]
[-5.76338,0,0]
[-5.75493,0,0]
[-5.74648,0,0]
[-5.73803,0,0]
[-5.72958,0,0]
[-5.72113,0,0]
[-5.71268,0,0]
[-5.70423,0,0]
[-5.69577,0,0]
[-5.68732,0,0]
[-5.67887,0,0]
[-5.67042,0,0]
[-5.66197,0,0]
[-5.65352,0,0]
[-5.64507,0,0]
[-5.63662,0,0]
[-5.62817,0,0]
[-5.61972,0,0]
[-5.61127,0,0]
[-5.60282,0,0]
[-5.59437,0,0]
[-5.58592,0,0]
[-5.57746,0,0]
[-5.56901,0,0]
[-5.56056,0,0]
[-5.55211,0,0]
[-5.54366,0,0]
[-5.53521,0,0]
[-5.52676,0,0]
[-5.51831,0,0]
[-5.50986,0,0]
[-5.50141,0,0]
[-5.49296,0,0]
[-5.48451,0,0]
[-5.47606,0,0]
[-5.46761,0,0]
[-5.45915,0,0]
[-5.4507,0,0]
[-5.44225,0,0]
[-5.4338,0,0]
[-5.42535,0,0]
[-5.4169,0,0]
[-5.40845,0,0]
[-5.4,0,0]
[-5.39155,0,0]
[-5.3831,0,0]
[-5.37465,0,0]
[-5.3662,0,0]
[-5.35775,0,0]
[-5.3493,0,0]
[-5.34085,0,0]
[-5.33239,0,0]
[-5.32394,0,0]
[-5.31549,0,0]
[-5.30704,0,0]
[-5.29859,0,0]
[-5.29014,0,0]
[-5.28169,0,0]
[-5.27324,0,0]
[-5.26479,0,0]
[-5.25634,0,0]
[-5.24789,0,0]
[-5.23944,0,0]
[-5.23099,0,0]
[-5.22254,0,0]
[-5.21408,0,0]
[-5.20563,0,0]
[-5.19718,0,0]
[-5.18873,0,0]
[-5.18028,0,0]
[-5.17183,0,0]
[-5.16338,0,0]
[-5.15493,0,0]
[-5.14648,0,0]
[-5.13803,0,0]
[-5.12958,0,0]
[-5.12113,0,0]
[-5.11268,0,0]
[-5.10423,0,0]
[-5.09577,0,0]
[-5.08732,0,0]
[-5.07887,0,0]
[-5.07042,0,0]
[-5.06197,0,0]
[-5.05352,0,0]
[-5.04507,0,0]
[-5.03662,0,0]
[-5.02817,0,0]
[-5.01972,0,0]
[-5.01127,0,0]
[-5.00282,0,0]
[-4.99437,0,0]
[-4.98592,0,0]
[-4.97746,0,0]
[-4.96901,0,0]
[-4.96056,0,0]
[-4.95211,0,0]
[-4.94366,0,0]
[-4.93521,0,0]
[-4.92676,0,0]
[-4.91831,0,0]
[-4.90986,0,0]
[-4.90141,0,0]
[-4.89296,0,0]
[-4.88451,0,0]
[-4.87606,0,0]
[-4.86761,0,0]
[-4.85915,0,0]
[-4.8507,0,0]
[-4.84225,0,0]
[-4.8338,0,0]
[-4.82535,0,0]
[-4.8169,0,0]
[-4.80845,0,0]
[-4.8,0,0]
[-4.79155,0,0]
[-4.7831,0,0]
[-4.77465,0,0]
[-4.7662,0,0]
[-4.75775,0,0]
[-4.7493,0,0]
[-4.74085,0,0]
[-4.73239,0,0]
[-4.72394,0,0]
[-4.71549,0,0]
[-4.70704,0,0]
[-4.69859,0,0]
[-4.69014,0,0]
[-4.68169,0,0]
[-4.67324,0,0]
[-4.66479,0,0]
[-4.65634,0,0]
[-4.64789,0,0]
[-4.63944,0,0]
[-4.63099,0,0]
[-4.62254,0,0]
[-4.61408,0,0]
[-4.60563,0,0]
[-4.59718,0,0]
[-4.58873,0,0]
[-4.58028,0,0]
[-4.57183,0,0]
[-4.56338,0,0]
[-4.55493,0,0]
[-4.54648,0,0]
[-4.53803,0,0]
[-4.52958,0,0]
[-4.52113,0,0]
[-4.51268,0,0]
[-4.50423,0,0]
[-4.49577,0,0]
[-4.48732,0,0]
[-4.47887,0,0]
[-4.47042,0,0]
[-4.46197,0,0]
[-4.45352,0,0]
[-4.44507,0,0]
[-4.43662,0,0]
[-4.42817,0,0]
[-4.41972,0,0]
[-4.41127,0,0]
[-4.40282,0,0]
[-4.39437,0,0]
[-4.38592,0,0]
[-4.37746,0,0]
[-4.36901,0,0]
[-4.36056,0,0]
[-4.35211,0,0]
[-4.34366,0,0]
[-4.33521,0,0]
[-4.32676,0,0]
[-4.31831,0,0]
[-4.30986,0,0]
[-4.30141,0,0]
[-4.29296,0,0]
[-4.28451,0,0]
[-4.27606,0,0]
[-4.26761,0,0]
[-4.25915,0,0]
[-4.2507,0,0]
[-4.24225,0,0]
[-4.2338,0,0]
[-4.22535,0,0]
[-4.2169,0,0]
[-4.20845,0,0]
[-4.2,0,0]
[-4.19155,0,0]
[-4.1831,0,0]
[-4.17465,0,0]
[-4.1662,0,0]
[-4.15775,0,0]
[-4.1493,0,0]
[-4.14085,0,0]
[-4.13239,0,0]
[-4.12394,0,0]
[-4.11549,0,0]
[-4.10704,0,0]
[-4.09859,0,0]
[-4.09014,0,0]
[-4.08169,0,0]
[-4.07324,0,0]
[-4.06479,0,0]
[-4.05634,0,0]
[-4.04789,0,0]
[-4.03944,0,0]
[-4.03099,0,0]
[-4.02254,0,0]
[-4.01408,0,0]
[-4.00563,0,0]
[-3.99718,0,0]
[-3.98873,0,0]
[-3.98028,0,0]
[-3.97183,0,0]
[-3.96338,0,0]
[-3.95493,0,0]
[-3.94648,0,0]
[-3.93803,0,0]
[-3.92958,0,0]
[-3.92113,0,0]
[-3.91268,0,0]
[-3.90423,0,0]
[-3.89577,0,0]
[-3.88732,0,0]
[-3.87887,0,0]
[-3.87042,0,0]
[-3.86197,0,0]
[-3.85352,0,0]
[-3.84507,0,0]
[-3.83662,0,0]
[-3.82817,0,0]
[-3.81972,0,0]
[-3.81127,0,0]
[-3.80282,0,0]
[-3.79437,0,0]
[-3.78592,0,0]
[-3.77746,0,0]
[-3.76901,0,0]
[-3.76056,0,0]
[-3.75211,0,0]
[-3.74366,0,0]
[-3.73521,0,0]
[-3.72676,0,0]
[-3.71831,0,0]
[-3.70986,0,0]
[-3.70141,0,0]
[-3.69296,0,0]
[-3.68451,0,0]
[-3.67606,0,0]
[-3.66761,0,0]
[-3.65915,0,0]
[-3.6507,0,0]
[-3.64225,0,0]
[-3.6338,0,0]
[-3.62535,0,0]
[-3.6169,0,0]
[-3.60845,0,0]
[-3.6,0,0]
[-3.59155,0,0]
[-3.5831,0,0]
[-3.57465,0,0]
[-3.5662,0,0]
[-3.55775,0,0]
[-3.5493,0,0]
[-3.54085,0,0]
[-3.53239,0,0]
[-3.52394,0,0]
[-3.51549,0,0]
[-3.50704,0,0]
[-3.49859,0,0]
[-3.49014,0,0]
[-3.48169,0,0]
[-3.47324,0,0]
[-3.46479,0,0]
[-3.45634,0,0]
[-3.44789,0,0]
[-3.43944,0,0]
[-3.43099,0,0]
[-3.42254,0,0]
[-3.41408,0,0]
[-3.40563,0,0]
[-3.39718,0,0]
[-3.38873,0,0]
[-3.38028,0,0]
[-3.37183,0,0]
[-3.36338,0,0]
[-3.35493,0,0]
[-3.34648,0,0]
[-3.33803,0,0]
[-3.32958,0,0]
[-3.32113,0,0]
[-3.31268,0,0]
[-3.30423,0,0]
[-3.29577,0,0]
[-3.28732,0,0]
[-3.27887,0,0]
[-3.27042,0,0]
[-3.26197,0,0]
[-3.25352,0,0]
[-3.24507,0,0]
[-3.23662,0,0]
[-3.22817,0,0]
[-3.21972,0,0]
[-3.21127,0,0]
[-3.20282,0,0]
[-3.19437,0,0]
[-3.18592,0,0]
[-3.17746,0,0]
[-3.16901,0,0]
[-3.16056,0,0]
[-3.15211,0,0]
[-3.14366,0,0]
[-3.13521,0,0]
[-3.12676,0,0]
[-3.11831,0,0]
[-3.10986,0,0]
[-3.10141,0,0]
[-3.09296,0,0]
[-3.08451,0,0]
[-3.07606,0,0]
[-3.06761,0,0]
[-3.05915,0,0]
[-3.0507,0,0]
[-3.04225,0,0]
[-3.0338,0,0]
[-3.02535,0,0]
[-3.0169,0,0]
[-3.00845,0,0]
[-3,0,0]
[-2.99155,0,0]
[-2.9831,0,0]
[-2.97465,0,0]
[-2.9662,0,0]
[-2.95775,0,0]
[-2.9493,0,0]
[-2.94085,0,0]
[-2.93239,0,0]
[-2.92394,0,0]
[-2.91549,0,0]
[-2.90704,0,0]
[-2.89859,0,0]
[-2.89014,0,0]
[-2.88169,0,0]
[-2.87324,0,0]
[-2.86479,0,0]
[-2.85634,0,0]
[-2.84789,0,0]
[-2.83944,0,0]
[-2.83099,0,0]
[-2.82254,0,0]
[-2.81408,0,0]
[-2.80563,0,0]
[-2.79718,0,0]
[-2.78873,0,0]
[-2.78028,0,0]
[-2.77183,0,0]
[-2.76338,0,0]
[-2.75493,0,0]
[-2.74648,0,0]
[-2.73803,0,0]
[-2.72958,0,0]
[-2.72113,0,0]
[-2.71268,0,0]
[-2.70423,0,0]
[-2.69577,0,0]
[-2.68732,0,0]
[-2.67887,0,0]
[-2.67042,0,0]
[-2.66197,0,0]
[-2.65352,0,0]
[-2.64507,0,0]
[-2.63662,0,0]
[-2.62817,0,0]
[-2.61972,0,0]
[-2.61127,0,0]
[-2.60282,0,0]
[-2.59437,0,0]
[-2.58592,0,0]
[-2.57746,0,0]
[-2.56901,0,0]
[-2.56056,0,0]
[-2.55211,0,0]
[-2.54366,0,0]
[-2.53521,0,0]
[-2.52676,0,0]
[-2.51831,0,0]
[-2.50986,0,0]
[-2.50141,0,0]
[-2.49296,0,0]
[-2.48451,0,0]
[-2.47606,0,0]
[-2.46761,0,0]
[-2.45915,0,0]
[-2.4507,0,0]
[-2.44225,0,0]
[-2.4338,0,0]
[-2.42535,0,0]
[-2.4169,0,0]
[-2.40845,0,0]
[-2.4,0,0]
[-2.39155,0,0]
[-2.3831,0,0]
[-2.37465,0,0]
[-2.3662,0,0]
[-2.35775,0,0]
[-2.3493,0,0]
[-2.34085,0,0]
[-2.33239,0,0]
[-2.32394,0,0]
[-2.31549,0,0]
[-2.30704,0,0]
[-2.29859,0,0]
[-2.29014,0,0]
[-2.28169,0,0]
[-2.27324,0,0]
[-2.26479,0,0]
[-2.25634,0,0]
[-2.24789,0,0]
[-2.23944,0,0]
[-2.23099,0,0]
[-2.22254,0,0]
[-2.21408,0,0]
[-2.20563,0,0]
[-2.19718,0,0]
[-2.18873,0,0]
[-2.18028,0,0]
[-2.17183,0,0]
[-2.16338,0,0]
[-2.15493,0,0]
[-2.14648,0,0]
[-2.13803,0,0]
[-2.12958,0,0]
[-2.12113,0,0]
[-2.11268,0,0]
[-2.10423,0,0]
[-2.09577,0,0]
[-2.08732,0,0]
[-2.07887,0,0]
[-2.07042,0,0]
[-2.06197,0,0]
[-2.05352,0,0]
[-2.04507,0,0]
[-2.03662,0,0]
[-2.02817,0,0]
[-2.01972,0,0]
[-2.01127,0,0]
[-2.00282,0,0]
[-1.99437,0,0]
[-1.98592,0,0]
[-1.97746,0,0]
[-1.96901,0,0]
[-1.96056,0,0]
[-1.95211,0,0]
[-1.94366,0,0]
[-1.93521,0,0]
[-1.92676,0,0]
[-1.91831,0,0]
[-1.90986,0,0]
[-1.90141,0,0]
[-1.89296,0,0]
[-1.88451,0,0]
[-1.87606,0,0]
[-1.86761,0,0]
[-1.85915,0,0]
[-1.8507,0,0]
[-1.84225,0,0]
[-1.8338,0,0]
[-1.82535,0,0]
[-1.8169,0,0]
[-1.80845,0,0]
[-1.8,0,0]
[-1.79155,0,0]
[-1.7831,0,0]
[-1.77465,0,0]
[-1.7662,0,0]
[-1.75775,0,0]
[-1.7493,0,0]
[-1.74085,0,0]
[-1.73239,0,0]
[-1.72394,0,0]
[-1.71549,0,0]
[-1.70704,0,0]
[-1.69859,0,0]
[-1.69014,0,0]
[-1.68169,0,0]
[-1.67324,0,0]
[-1.66479,0,0]
[-1.65634,0,0]
[-1.64789,0,0]
[-1.63944,0,0]
[-1.63099,0,0]
[-1.62254,0,0]
[-1.61408,0,0]
[-1.60563,0,0]
[-1.59718,0,0]
[-1.58873,0,0]
[-1.58028,0,0]
[-1.57183,0,0]
[-1.56338,0,0]
[-1.55493,0,0]
[-1.54648,0,0]
[-1.53803,0,0]
[-1.52958,0,0]
[-1.52113,0,0]
[-1.51268,0,0]
[-1.50423,0,0]
[-1.49577,0,0]
[-1.48732,0,0]
[-1.47887,0,0]
[-1.47042,0,0]
[-1.46197,0,0]
[-1.45352,0,0]
[-1.44507,0,0]
[-1.43662,0,0]
[-1.42817,0,0]
[-1.41972,0,0]
[-1.41127,0,0]
[-1.40282,0,0]
[-1.39437,0,0]
[-1.38592,0,0]
[-1.37746,0,0]
[-1.36901,0,0]
[-1.36056,0,0]
[-1.35211,0,0]
[-1.34366,0,0]
[-1.33521,0,0]
[-1.32676,0,0]
[-1.31831,0,0]
[-1.30986,0,0]
[-1.30141,0,0]
[-1.29296,0,0]
[-1.28451,0,0]
[-1.27606,0,0]
[-1.26761,0,0]
[-1.25915,0,0]
[-1.2507,0,0]
[-1.24225,0,0]
[-1.2338,0,0]
[-1.22535,0,0]
[-1.2169,0,0]
[-1.20845,0,0]
[-1.2,0,0]
[-1.19155,0,0]
[-1.1831,0,0]
[-1.17465,0,0]
[-1.1662,0,0]
[-1.15775,0,0]
[-1.1493,0,0]
[-1.14085,0,0]
[-1.13239,0,0]
[-1.12394,0,0]
[-1.11549,0,0]
[-1.10704,0,0]
[-1.09859,0,0]
[-1.09014,0,0]
[-1.08169,0,0]
[-1.07324,0,0]
[-1.06479,0,0]
[-1.05634,0,0]
[-1.04789,0,0]
[-1.03944,0,0]
[-1.03099,0,0]
[-1.02254,0,0]
[-1.01408,0,0]
[-1.00563,0,0]
[-0.997183,0,0]
[-0.988732,0,0]
[-0.980282,0,0]
[-0.971831,0,0]
[-0.96338,0,0]
[-0.95493,0,0]
[-0.946479,0,0]
[-0.938028,0,0]
[-0.929577,0,0]
[-0.921127,0,0]
[-0.912676,0,0]
[-0.904225,0,0]
[-0.895775,0,0]
[-0.887324,0,0]
[-0.878873,0,0]
[-0.870423,0,0]
[-0.861972,0,0]
[-0.853521,0,0]
[-0.84507,0,0]
[-0.83662,0,0]
[-0.828169,0,0]
[-0.819718,0,0]
[-0.811268,0,0]
[-0.802817,0,0]
[-0.794366,0,0]
[-0.785915,0,0]
[-0.777465,0,0]
[-0.769014,0,0]
[-0.760563,0,0]
[-0.752113,0,0]
[-0.743662,0,0]
[-0.735211,0,0]
[-0.726761,0,0]
[-0.71831,0,0]
[-0.709859,0,0]
[-0.701408,0,0]
[-0.692958,0,0]
[-0.684507,0,0]
[-0.676056,0,0]
[-0.667606,0,0]
[-0.659155,0,0]
[-0.650704,0,0]
[-0.642254,0,0]
[-0.633803,0,0]
[-0.625352,0,0]
[-0.616901,0,0]
[-0.608451,0,0]
[-0.6,0,0]
[-0.591549,0,0]
[-0.583099,0,0]
[-0.574648,0,0]
[-0.566197,0,0]
[-0.557746,0,0]
[-0.549296,0,0]
[-0.540845,0,0]
[-0.532394,0,0]
[-0.523944,0,0]
[-0.515493,0,0]
[-0.507042,0,0]
[-0.498592,0,0]
[-0.490141,0,0]
[-0.48169,0,0]
[-0.473239,0,0]
[-0.464789,0,0]
[-0.456338,0,0]
[-0.447887,0,0]
[-0.439437,0,0]
[-0.430986,0,0]
[-0.422535,0,0]
[-0.414085,0,0]
[-0.405634,0,0]
[-0.397183,0,0]
[-0.388732,0,0]
[-0.380282,0,0]
[-0.371831,0,0]
[-0.36338,0,0]
[-0.35493,0,0]
[-0.346479,0,0]
[-0.338028,0,0]
[-0.329577,0,0]
[-0.321127,0,0]
[-0.312676,0,0]
[-0.304225,0,0]
[-0.295775,0,0]
[-0.287324,0,0]
[-0.278873,0,0]
[-0.270423,0,0]
[-0.261972,0,0]
[-0.253521,0,0]
[-0.24507,0,0]
[-0.23662,0,0]
[-0.228169,0,0]
[-0.219718,0,0]
[-0.211268,0,0]
[-0.202817,0,0]
[-0.194366,0,0]
[-0.185915,0,0]
[-0.177465,0,0]
[-0.169014,0,0]
[-0.160563,0,0]
[-0.152113,0,0]
[-0.143662,0,0]
[-0.135211,0,0]
[-0.126761,0,0]
[-0.11831,0,0]
[-0.109859,0,0]
[-0.101408,0,0]
[-0.0929577,0,0]
[-0.084507,0,0]
[-0.0760563,0,0]
[-0.0676056,0,0]
[-0.0591549,0,0]
[-0.0507042,0,0]
[-0.0422535,0,0]
[-0.0338028,0,0]
[-0.0253521,0,0]
[-0.0169014,0,0]
[-0.0084507,0,0]
[0,0,0]
[1,0,0,0]
[1,0,0,0]
[1,0,0,0]
[1,0,0,0]
[1,0,0,0]
[1,0,0,0]
[1,0,0,0]
[1,0,0,0]
[1,0,0,0]
[1,0,0,0]
[1,0,0,0]
[1,0,0,0]
[1,0,0,0]
[1,0,0,0]
[1,0,0,0]
[1,0,0,0]
[1,0,0,0]
[1,0,0,0]
[1,0,0,0]
[1,0,0,0]
[1,0,0,0]
[1,0,0,0]
[1,0,0,0]
[1,0,0,0]
[1,0,0,0]
[1,0,0,0]
[1,0,0,0]
[1,0,0,0]
[1,0,0,0]
[1,0,0,0]
[1,0,0,0]
[1,0,0,0]
[1,0,0,0]
[1,0,0,0]
[1,0,0,0]
[1,0,0,0]
[1,0,0,0]
[1,0,0,0]
[1,0,0,0]
[1,0,0,0]
[1,0,0,0]
[1,0,0,0]
[1,0,0,0]
[1,0,0,0]
[1,0,0,0]
[1,0,0,0]
[1,0,0,0]
[1,0,0,0]
[1,0,0,0]
[1,0,0,0]
[1,0,0,0]
[1,0,0,0]
[1,0,0,0]
[1,0,0,0]
[1,0,0,0]
[1,0,0,0]
[1,0,0,0]
[1,0,0,0]
[1,0,0,0]
[1,0,0,0]
[1,0,0,0]
[1,0,0,0]
[1,0,0,0]
[1,0,0,0]
[1,0,0,0]
[1,0,0,0]
[1,0,0,0]
[1,0,0,0]
[1,0,0,0]
[1,0,0,0]
[1,0,0,0]
[1,0,0,0]
[1,0,0,0]
[1,0,0,0]
[1,0,0,0]
[1,0,0,0]
[1,0,0,0]
[1,0,0,0]
[1,0,0,0]
[1,0,0,0]
[1,0,0,0]
[1,0,0,0]
[1,0,0,0]
[1,0,0,0]
[1,0,0,0]
[1,0,0,0]
[1,0,0,0]
[1,0,0,0]
[1,0,0,0]
[1,0,0,0]
[1,0,0,0]
[1,0,0,0]
[1,0,0,0]
[1,0,0,0]
[1,0,0,0]
[1,0,0,0]
[1,0,0,0]
[1,0,0,0]
[1,0,0,0]
[1,0,0,0]
[1,0,0,0]
[1,0,0,0]
[1,0,0,0]
[1,0,0,0]
[1,0,0,0]
[1,0,0,0]
[1,0,0,0]
[1,0,0,0]
[1,0,0,0]
[1,0,0,0]
[1,0,0,0]
[1,0,0,0]
[1,0,0,0]
[1,0,0,0]
[1,0,0,0]
[1,0,0,0]
[1,0,0,0]
[1,0,0,0]
[1,0,0,0]
[1,0,0,0]
[1,0,0,0]
[1,0,0,0]
[1,0,0,0]
[1,0,0,0]
[1,0,0,0]
[1,0,0,0]
[1,0,0,0]
[1,0,0,0]
[1,0,0,0]
[1,0,0,0]
[1,0,0,0]
[1,0,0,0]
[1,0,0,0]
[1,0,0,0]
[1,0,0,0]
[1,0,0,0]
[1,0,0,0]
[1,0,0,0]
[1,0,0,0]
[1,0,0,0]
[1,0,0,0]
[1,0,0,0]
[1,0,0,0]
[1,0,0,0]
[1,0,0,0]
[1,0,0,0]
[1,0,0,0]
[1,0,0,0]
[1,0,0,0]
[1,0,0,0]
[1,0,0,0]
[1,0,0,0]
[1,0,0,0]
[1,0,0,0]
[1,0,0,0]
[1,0,0,0]
[1,0,0,0]
[1,0,0,0]
[1,0,0,0]
[1,0,0,0]
[1,0,0,0]
[1,0,0,0]
[1,0,0,0]
[1,0,0,0]
[1,0,0,0]
[1,0,0,0]
[1,0,0,0]
[1,0,0,0]
[1,0,0,0]
[1,0,0,0]
[1,0,0,0]
[1,0,0,0]
[1,0,0,0]
[1,0,0,0]
[1,0,0,0]
[1,0,0,0]
[1,0,0,0]
[1,0,0,0]
[1,0,0,0]
[1,0,0,0]
[1,0,0,0]
[1,0,0,0]
[1,0,0,0]
[1,0,0,0]
[1,0,0,0]
[1,0,0,0]
[1,0,0,0]
[1,0,0,0]
[1,0,0,0]
[1,0,0,0]
[1,0,0,0]
[1,0,0,0]
[1,0,0,0]
[1,0,0,0]
[1,0,0,0]
[1,0,0,0]
[1,0,0,0]
[1,0,0,0]
[1,0,0,0]
[1,0,0,0]
[1,0,0,0]
[1,0,0,0]
[1,0,0,0]
[1,0,0,0]
[1,0,0,0]
[1,0,0,0]
[1,0,0,0]
[1,0,0,0]
[1,0,0,0]
[1,0,0,0]
[1,0,0,0]
[1,0,0,0]
[1,0,0,0]
[1,0,0,0]
[1,0,0,0]
[1,0,0,0]
[1,0,0,0]
[1,0,0,0]
[1,0,0,0]
[1,0,0,0]
[1,0,0,0]
[1,0,0,0]
[1,0,0,0]
[1,0,0,0]
[1,0,0,0]
[1,0,0,0]
[1,0,0,0]
[1,0,0,0]
[1,0,0,0]
[1,0,0,0]
[1,0,0,0]
[1,0,0,0]
[1,0,0,0]
[1,0,0,0]
[1,0,0,0]
[1,0,0,0]
[1,0,0,0]
[1,0,0,0]
[1,0,0,0]
[1,0,0,0]
[1,0,0,0]
[1,0,0,0]
[1,0,0,0]
[1,0,0,0]
[1,0,0,0]
[1,0,0,0]
[1,0,0,0]
[1,0,0,0]
[1,0,0,0]
[1,0,0,0]
[1,0,0,0]
[1,0,0,0]
[1,0,0,0]
[1,0,0,0]
[1,0,0,0]
[1,0,0,0]
[1,0,0,0]
[1,0,0,0]
[1,0,0,0]
[1,0,0,0]
[1,0,0,0]
[1,0,0,0]
[1,0,0,0]
[1,0,0,0]
[1,0,0,0]
[1,0,0,0]
[1,0,0,0]
[1,0,0,0]
[1,0,0,0]
[1,0,0,0]
[1,0,0,0]
[1,0,0,0]
[1,0,0,0]
[1,0,0,0]
[1,0,0,0]
[1,0,0,0]
[1,0,0,0]
[1,0,0,0]
[1,0,0,0]
[1,0,0,0]
[1,0,0,0]
[1,0,0,0]
[1,0,0,0]
[1,0,0,0]
[1,0,0,0]
[1,0,0,0]
[1,0,0,0]
[1,0,0,0]
[1,0,0,0]
[1,0,0,0]
[1,0,0,0]
[1,0,0,0]
[1,0,0,0]
[1,0,0,0]
[1,0,0,0]
[1,0,0,0]
[1,0,0,0]
[1,0,0,0]
[1,0,0,0]
[1,0,0,0]
[1,0,0,0]
[1,0,0,0]
[1,0,0,0]
[1,0,0,0]
[1,0,0,0]
[1,0,0,0]
[1,0,0,0]
[1,0,0,0]
[1,0,0,0]
[1,0,0,0]
[1,0,0,0]
[1,0,0,0]
[1,0,0,0]
[1,0,0,0]
[1,0,0,0]
[1,0,0,0]
[1,0,0,0]
[1,0,0,0]
[1,0,0,0]
[1,0,0,0]
[1,0,0,0]
[1,0,0,0]
[1,0,0,0]
[1,0,0,0]
[1,0,0,0]
[1,0,0,0]
[1,0,0,0]
[1,0,0,0]
[1,0,0,0]
[1,0,0,0]
[1,0,0,0]
[1,0,0,0]
[1,0,0,0]
[1,0,0,0]
[1,0,0,0]
[1,0,0,0]
[1,0,0,0]
[1,0,0,0]
[1,0,0,0]
[1,0,0,0]
[1,0,0,0]
[1,0,0,0]
[1,0,0,0]
[1,0,0,0]
[1,0,0,0]
[1,0,0,0]
[1,0,0,0]
[1,0,0,0]
[1,0,0,0]
[1,0,0,0]
[1,0,0,0]
[1,0,0,0]
[1,0,0,0]
[1,0,0,0]
[1,0,0,0]
[1,0,0,0]
[1,0,0,0]
[1,0,0,0]
[1,0,0,0]
[1,0,0,0]
[1,0,0,0]
[1,0,0,0]
[1,0,0,0]
[1,0,0,0]
[1,0,0,0]
[1,0,0,0]
[1,0,0,0]
[1,0,0,0]
[1,0,0,0]
[1,0,0,0]
[1,0,0,0]
[1,0,0,0]
[1,0,0,0]
[1,0,0,0]
[1,0,0,0]
[1,0,0,0]
[1,0,0,0]
[1,0,0,0]
[1,0,0,0]
[1,0,0,0]
[1,0,0,0]
[1,0,0,0]
[1,0,0,0]
[1,0,0,0]
[1,0,0,0]
[1,0,0,0]
[1,0,0,0]
[1,0,0,0]
[1,0,0,0]
[1,0,0,0]
[1,0,0,0]
[1,0,0,0]
[1,0,0,0]
[1,0,0,0]
[1,0,0,0]
[1,0,0,0]
[1,0,0,0]
[1,0,0,0]
[1,0,0,0]
[1,0,0,0]
[1,0,0,0]
[1,0,0,0]
[1,0,0,0]
[1,0,0,0]
[1,0,0,0]
[1,0,0,0]
[1,0,0,0]
[1,0,0,0]
[1,0,0,0]
[1,0,0,0]
[1,0,0,0]
[1,0,0,0]
[1,0,0,0]
[1,0,0,0]
[1,0,0,0]
[1,0,0,0]
[1,0,0,0]
[1,0,0,0]
[1,0,0,0]
[1,0,0,0]
[1,0,0,0]
[1,0,0,0]
[1,0,0,0]
[1,0,0,0]
[1,0,0,0]
[1,0,0,0]
[1,0,0,0]
[1,0,0,0]
[1,0,0,0]
[1,0,0,0]
[1,0,0,0]
[1,0,0,0]
[1,0,0,0]
[1,0,0,0]
[1,0,0,0]
[1,0,0,0]
[1,0,0,0]
[1,0,0,0]
[1,0,0,0]
[1,0,0,0]
[1,0,0,0]
[1,0,0,0]
[1,0,0,0]
[1,0,0,0]
[1,0,0,0]
[1,0,0,0]
[1,0,0,0]
[1,0,0,0]
[1,0,0,0]
[1,0,0,0]
[1,0,0,0]
[1,0,0,0]
[1,0,0,0]
[1,0,0,0]
[1,0,0,0]
[1,0,0,0]
[1,0,0,0]
[1,0,0,0]
[1,0,0,0]
[1,0,0,0]
[1,0,0,0]
[1,0,0,0]
[1,0,0,0]
[1,0,0,0]
[1,0,0,0]
[1,0,0,0]
[1,0,0,0]
[1,0,0,0]
[1,0,0,0]
[1,0,0,0]
[1,0,0,0]
[1,0,0,0]
[1,0,0,0]
[1,0,0,0]
[1,0,0,0]
[1,0,0,0]
[1,0,0,0]
[1,0,0,0]
[1,0,0,0]
[1,0,0,0]
[1,0,0,0]
[1,0,0,0]
[1,0,0,0]
[1,0,0,0]
[1,0,0,0]
[1,0,0,0]
[1,0,0,0]
[1,0,0,0]
[1,0,0,0]
[1,0,0,0]
[1,0,0,0]
[1,0,0,0]
[1,0,0,0]
[1,0,0,0]
[1,0,0,0]
[1,0,0,0]
[1,0,0,0]
[1,0,0,0]
[1,0,0,0]
[1,0,0,0]
[1,0,0,0]
[1,0,0,0]
[1,0,0,0]
[1,0,0,0]
[1,0,0,0]
[1,0,0,0]
[1,0,0,0]
[1,0,0,0]
[1,0,0,0]
[1,0,0,0]
[1,0,0,0]
[1,0,0,0]
[1,0,0,0]
[1,0,0,0]
[1,0,0,0]
[1,0,0,0]
[1,0,0,0]
[1,0,0,0]
[1,0,0,0]
[1,0,0,0]
[1,0,0,0]
[1,0,0,0]
[1,0,0,0]
[1,0,0,0]
[1,0,0,0]
[1,0,0,0]
[1,0,0,0]
[1,0,0,0]
[1,0,0,0]
[1,0,0,0]
[1,0,0,0]
[1,0,0,0]
[1,0,0,0]
[1,0,0,0]
[1,0,0,0]
[1,0,0,0]
[1,0,0,0]
[1,0,0,0]
[1,0,0,0]
[1,0,0,0]
[1,0,0,0]
[1,0,0,0]
[1,0,0,0]
[1,0,0,0]
[1,0,0,0]
[1,0,0,0]
[1,0,0,0]
[1,0,0,0]
[1,0,0,0]
[1,0,0,0]
[1,0,0,0]
[1,0,0,0]
[1,0,0,0]
[1,0,0,0]
[1,0,0,0]
[1,0,0,0]
[1,0,0,0]
[1,0,0,0]
[1,0,0,0]
[1,0,0,0]
[1,0,0,0]
[1,0,0,0]
[1,0,0,0]
[1,0,0,0]
[1,0,0,0]
[1,0,0,0]
[1,0,0,0]
[1,0,0,0]
[1,0,0,0]
[1,0,0,0]
[1,0,0,0]
[1,0,0,0]
[1,0,0,0]
[1,0,0,0]
[1,0,0,0]
[1,0,0,0]
[1,0,0,0]
[1,0,0,0]
[1,0,0,0]
[1,0,0,0]
[1,0,0,0]
[1,0,0,0]
[1,0,0,0]
[1,0,0,0]
[1,0,0,0]
[1,0,0,0]
[1,0,0,0]
[1,0,0,0]
[1,0,0,0]
[1,0,0,0]
[1,0,0,0]
[1,0,0,0]
[1,0,0,0]
[1,0,0,0]
[1,0,0,0]
[1,0,0,0]
[1,0,0,0]
[1,0,0,0]
[1,0,0,0]
[1,0,0,0]
[1,0,0,0]
[1,0,0,0]
[1,0,0,0]
[1,0,0,0]
[1,0,0,0]
[1,0,0,0]
[1,0,0,0]
[1,0,0,0]
[1,0,0,0]
[1,0,0,0]
[1,0,0,0]
[1,0,0,0]
[1,0,0,0]
[1,0,0,0]
[1,0,0,0]
[1,0,0,0]
[1,0,0,0]
[1,0,0,0]
[1,0,0,0]
[1,0,0,0]
[1,0,0,0]
[1,0,0,0]
[1,0,0,0]
[1,0,0,0]
[1,0,0,0]
[1,0,0,0]
[1,0,0,0]
[1,0,0,0]
[1,0,0,0]
[1,0,0,0]
[1,0,0,0]
[1,0,0,0]
[1,0,0,0]
[1,0,0,0]
[1,0,0,0]
[1,0,0,0]
[1,0,0,0]
[1,0,0,0]
[1,0,0,0]
[1,0,0,0]
[1,0,0,0]
[1,0,0,0]
[1,0,0,0]
[1,0,0,0]
[1,0,0,0]
[1,0,0,0]
[1,0,0,0]
[1,0,0,0]
[1,0,0,0]
[1,0,0,0]
[1,0,0,0]
[1,0,0,0]
[1,0,0,0]
[1,0,0,0]
[1,0,0,0]
[1,0,0,0]
[1,0,0,0]
[1,0,0,0]
[1,0,0,0]
[1,0,0,0]
[1,0,0,0]
[1,0,0,0]
[1,0,0,0]
[1,0,0,0]
[1,0,0,0]
[1,0,0,0]
[1,0,0,0]
[1,0,0,0]
[1,0,0,0]
[1,0,0,0]
[1,0,0,0]
[1,0,0,0]
[1,0,0,0]
[1,0,0,0]
[1,0,0,0]
[1,0,0,0]
[1,0,0,0]
[1,0,0,0]
[1,0,0,0]
[1,0,0,0]
[1,0,0,0]
[1,0,0,0]
[1,0,0,0]
[1,0,0,0]
[1,0,0,0]
[1,0,0,0]
[1,0,0,0]
[1,0,0,0]
[1,0,0,0]
[1,0,0,0]
[1,0,0,0]
[1,0,0,0]
[1,0,0,0]
[1,0,0,0]
[1,0,0,0]
[1,0,0,0]
[1,0,0,0]
[1,0,0,0]
[1,0,0,0]
[1,0,0,0]
[1,0,0,0]
[1,0,0,0]
[1,0,0,0]
[1,0,0,0]
[1,0,0,0]
[1,0,0,0]
[1,0,0,0]
[1,0,0,0]
[1,0,0,0]
[1,0,0,0]
