1050
10
[0.00285714,0,0]
[0.00571429,0,0]
[0.00857143,0,0]
[0.0114286,0,0]
[0.0142857,0,0]
[0.0171429,0,0]
[0.02,0,0]
[0.0228571,0,0]
[0.0257143,0,0]
[0.0285714,0,0]
[0.0314286,0,0]
[0.0342857,0,0]
[0.0371429,0,0]
[0.04,0,0]
[0.0428571,0,0]
[0.0457143,0,0]
[0.0485714,0,0]
[0.0514286,0,0]
[0.0542857,0,0]
[0.0571429,0,0]
[0.06,0,0]
[0.0628571,0,0]
[0.0657143,0,0]
[0.0685714,0,0]
[0.0714286,0,0]
[0.0742857,0,0]
[0.0771429,0,0]
[0.08,0,0]
[0.0828571,0,0]
[0.0857143,0,0]
[0.0885714,0,0]
[0.0914286,0,0]
[0.0942857,0,0]
[0.0971429,0,0]
[0.1,0,0]
[0.102857,0,0]
[0.105714,0,0]
[0.108571,0,0]
[0.111429,0,0]
[0.114286,0,0]
[0.117143,0,0]
[0.12,0,0]
[0.122857,0,0]
[0.125714,0,0]
[0.128571,0,0]
[0.131429,0,0]
[0.134286,0,0]
[0.137143,0,0]
[0.14,0,0]
[0.142857,0,0]
[0.145714,0,0]
[0.148571,0,0]
[0.151429,0,0]
[0.154286,0,0]
[0.157143,0,0]
[0.16,0,0]
[0.162857,0,0]
[0.165714,0,0]
[0.168571,0,0]
[0.171429,0,0]
[0.174286,0,0]
[0.177143,0,0]
[0.18,0,0]
[0.182857,0,0]
[0.185714,0,0]
[0.188571,0,0]
[0.191429,0,0]
[0.194286,0,0]
[0.197143,0,0]
[0.2,0,0]
[0.202857,0,0]
[0.205714,0,0]
[0.208571,0,0]
[0.211429,0,0]
[0.214286,0,0]
[0.217143,0,0]
[0.22,0,0]
[0.222857,0,0]
[0.225714,0,0]
[0.228571,0,0]
[0.231429,0,0]
[0.234286,0,0]
[0.237143,0,0]
[0.24,0,0]
[0.242857,0,0]
[0.245714,0,0]
[0.248571,0,0]
[0.251429,0,0]
[0.254286,0,0]
[0.257143,0,0]
[0.26,0,0]
[0.262857,0,0]
[0.265714,0,0]
[0.268571,0,0]
[0.271429,0,0]
[0.274286,0,0]
[0.277143,0,0]
[0.28,0,0]
[0.282857,0,0]
[0.285714,0,0]
[0.288571,0,0]
[0.291429,0,0]
[0.294286,0,0]
[0.297143,0,0]
[0.3,0,0]
[0.302857,0,0]
[0.305714,0,0]
[0.308571,0,0]
[0.311429,0,0]
[0.314286,0,0]
[0.317143,0,0]
[0.32,0,0]
[0.322857,0,0]
[0.325714,0,0]
[0.328571,0,0]
[0.331429,0,0]
[0.334286,0,0]
[0.337143,0,0]
[0.34,0,0]
[0.342857,0,0]
[0.345714,0,0]
[0.348571,0,0]
[0.351429,0,0]
[0.354286,0,0]
[0.357143,0,0]
[0.36,0,0]
[0.362857,0,0]
[0.365714,0,0]
[0.368571,0,0]
[0.371429,0,0]
[0.374286,0,0]
[0.377143,0,0]
[0.38,0,0]
[0.382857,0,0]
[0.385714,0,0]
[0.388571,0,0]
[0.391429,0,0]
[0.394286,0,0]
[0.397143,0,0]
[0.4,0,0]
[0.402857,0,0]
[0.405714,0,0]
[0.408571,0,0]
[0.411429,0,0]
[0.414286,0,0]
[0.417143,0,0]
[0.42,0,0]
[0.422857,0,0]
[0.425714,0,0]
[0.428571,0,0]
[0.431429,0,0]
[0.434286,0,0]
[0.437143,0,0]
[0.44,0,0]
[0.442857,0,0]
[0.445714,0,0]
[0.448571,0,0]
[0.451429,0,0]
[0.454286,0,0]
[0.457143,0,0]
[0.46,0,0]
[0.462857,0,0]
[0.465714,0,0]
[0.468571,0,0]
[0.471429,0,0]
[0.474286,0,0]
[0.477143,0,0]
[0.48,0,0]
[0.482857,0,0]
[0.485714,0,0]
[0.488571,0,0]
[0.491429,0,0]
[0.494286,0,0]
[0.497143,0,0]
[0.5,0,0]
[0.502857,0,0]
[0.505714,0,0]
[0.508571,0,0]
[0.511429,0,0]
[0.514286,0,0]
[0.517143,0,0]
[0.52,0,0]
[0.522857,0,0]
[0.525714,0,0]
[0.528571,0,0]
[0.531429,0,0]
[0.534286,0,0]
[0.537143,0,0]
[0.54,0,0]
[0.542857,0,0]
[0.545714,0,0]
[0.548571,0,0]
[0.551429,0,0]
[0.554286,0,0]
[0.557143,0,0]
[0.56,0,0]
[0.562857,0,0]
[0.565714,0,0]
[0.568571,0,0]
[0.571429,0,0]
[0.574286,0,0]
[0.577143,0,0]
[0.58,0,0]
[0.582857,0,0]
[0.585714,0,0]
[0.588571,0,0]
[0.591429,0,0]
[0.594286,0,0]
[0.597143,0,0]
[0.6,0,0]
[0.602857,0,0]
[0.605714,0,0]
[0.608571,0,0]
[0.611429,0,0]
[0.614286,0,0]
[0.617143,0,0]
[0.62,0,0]
[0.622857,0,0]
[0.625714,0,0]
[0.628571,0,0]
[0.631429,0,0]
[0.634286,0,0]
[0.637143,0,0]
[0.64,0,0]
[0.642857,0,0]
[0.645714,0,0]
[0.648571,0,0]
[0.651429,0,0]
[0.654286,0,0]
[0.657143,0,0]
[0.66,0,0]
[0.662857,0,0]
[0.665714,0,0]
[0.668571,0,0]
[0.671429,0,0]
[0.674286,0,0]
[0.677143,0,0]
[0.68,0,0]
[0.682857,0,0]
[0.685714,0,0]
[0.688571,0,0]
[0.691429,0,0]
[0.694286,0,0]
[0.697143,0,0]
[0.7,0,0]
[0.702857,0,0]
[0.705714,0,0]
[0.708571,0,0]
[0.711429,0,0]
[0.714286,0,0]
[0.717143,0,0]
[0.72,0,0]
[0.722857,0,0]
[0.725714,0,0]
[0.728571,0,0]
[0.731429,0,0]
[0.734286,0,0]
[0.737143,0,0]
[0.74,0,0]
[0.742857,0,0]
[0.745714,0,0]
[0.748571,0,0]
[0.751429,0,0]
[0.754286,0,0]
[0.757143,0,0]
[0.76,0,0]
[0.762857,0,0]
[0.765714,0,0]
[0.768571,0,0]
[0.771429,0,0]
[0.774286,0,0]
[0.777143,0,0]
[0.78,0,0]
[0.782857,0,0]
[0.785714,0,0]
[0.788571,0,0]
[0.791429,0,0]
[0.794286,0,0]
[0.797143,0,0]
[0.8,0,0]
[0.802857,0,0]
[0.805714,0,0]
[0.808571,0,0]
[0.811429,0,0]
[0.814286,0,0]
[0.817143,0,0]
[0.82,0,0]
[0.822857,0,0]
[0.825714,0,0]
[0.828571,0,0]
[0.831429,0,0]
[0.834286,0,0]
[0.837143,0,0]
[0.84,0,0]
[0.842857,0,0]
[0.845714,0,0]
[0.848571,0,0]
[0.851429,0,0]
[0.854286,0,0]
[0.857143,0,0]
[0.86,0,0]
[0.862857,0,0]
[0.865714,0,0]
[0.868571,0,0]
[0.871429,0,0]
[0.874286,0,0]
[0.877143,0,0]
[0.88,0,0]
[0.882857,0,0]
[0.885714,0,0]
[0.888571,0,0]
[0.891429,0,0]
[0.894286,0,0]
[0.897143,0,0]
[0.9,0,0]
[0.902857,0,0]
[0.905714,0,0]
[0.908571,0,0]
[0.911429,0,0]
[0.914286,0,0]
[0.917143,0,0]
[0.92,0,0]
[0.922857,0,0]
[0.925714,0,0]
[0.928571,0,0]
[0.931429,0,0]
[0.934286,0,0]
[0.937143,0,0]
[0.94,0,0]
[0.942857,0,0]
[0.945714,0,0]
[0.948571,0,0]
[0.951429,0,0]
[0.954286,0,0]
[0.957143,0,0]
[0.96,0,0]
[0.962857,0,0]
[0.965714,0,0]
[0.968571,0,0]
[0.971429,0,0]
[0.974286,0,0]
[0.977143,0,0]
[0.98,0,0]
[0.982857,0,0]
[0.985714,0,0]
[0.988571,0,0]
[0.991429,0,0]
[0.994286,0,0]
[0.997143,0,0]
[1,0,0]
[1.00286,0,0]
[1.00571,0,0]
[1.00857,0,0]
[1.01143,0,0]
[1.01429,0,0]
[1.01714,0,0]
[1.02,0,0]
[1.02286,0,0]
[1.02571,0,0]
[1.02857,0,0]
[1.03143,0,0]
[1.03429,0,0]
[1.03714,0,0]
[1.04,0,0]
[1.04286,0,0]
[1.04571,0,0]
[1.04857,0,0]
[1.05143,0,0]
[1.05429,0,0]
[1.05714,0,0]
[1.06,0,0]
[1.06286,0,0]
[1.06571,0,0]
[1.06857,0,0]
[1.07143,0,0]
[1.07429,0,0]
[1.07714,0,0]
[1.08,0,0]
[1.08286,0,0]
[1.08571,0,0]
[1.08857,0,0]
[1.09143,0,0]
[1.09429,0,0]
[1.09714,0,0]
[1.1,0,0]
[1.10286,0,0]
[1.10571,0,0]
[1.10857,0,0]
[1.11143,0,0]
[1.11429,0,0]
[1.11714,0,0]
[1.12,0,0]
[1.12286,0,0]
[1.12571,0,0]
[1.12857,0,0]
[1.13143,0,0]
[1.13429,0,0]
[1.13714,0,0]
[1.14,0,0]
[1.14286,0,0]
[1.14571,0,0]
[1.14857,0,0]
[1.15143,0,0]
[1.15429,0,0]
[1.15714,0,0]
[1.16,0,0]
[1.16286,0,0]
[1.16571,0,0]
[1.16857,0,0]
[1.17143,0,0]
[1.17429,0,0]
[1.17714,0,0]
[1.18,0,0]
[1.18286,0,0]
[1.18571,0,0]
[1.18857,0,0]
[1.19143,0,0]
[1.19429,0,0]
[1.19714,0,0]
[1.2,0,0]
[1.20286,0,0]
[1.20571,0,0]
[1.20857,0,0]
[1.21143,0,0]
[1.21429,0,0]
[1.21714,0,0]
[1.22,0,0]
[1.22286,0,0]
[1.22571,0,0]
[1.22857,0,0]
[1.23143,0,0]
[1.23429,0,0]
[1.23714,0,0]
[1.24,0,0]
[1.24286,0,0]
[1.24571,0,0]
[1.24857,0,0]
[1.25143,0,0]
[1.25429,0,0]
[1.25714,0,0]
[1.26,0,0]
[1.26286,0,0]
[1.26571,0,0]
[1.26857,0,0]
[1.27143,0,0]
[1.27429,0,0]
[1.27714,0,0]
[1.28,0,0]
[1.28286,0,0]
[1.28571,0,0]
[1.28857,0,0]
[1.29143,0,0]
[1.29429,0,0]
[1.29714,0,0]
[1.3,0,0]
[1.30286,0,0]
[1.30571,0,0]
[1.30857,0,0]
[1.31143,0,0]
[1.31429,0,0]
[1.31714,0,0]
[1.32,0,0]
[1.32286,0,0]
[1.32571,0,0]
[1.32857,0,0]
[1.33143,0,0]
[1.33429,0,0]
[1.33714,0,0]
[1.34,0,0]
[1.34286,0,0]
[1.34571,0,0]
[1.34857,0,0]
[1.35143,0,0]
[1.35429,0,0]
[1.35714,0,0]
[1.36,0,0]
[1.36286,0,0]
[1.36571,0,0]
[1.36857,0,0]
[1.37143,0,0]
[1.37429,0,0]
[1.37714,0,0]
[1.38,0,0]
[1.38286,0,0]
[1.38571,0,0]
[1.38857,0,0]
[1.39143,0,0]
[1.39429,0,0]
[1.39714,0,0]
[1.4,0,0]
[1.40286,0,0]
[1.40571,0,0]
[1.40857,0,0]
[1.41143,0,0]
[1.41429,0,0]
[1.41714,0,0]
[1.42,0,0]
[1.42286,0,0]
[1.42571,0,0]
[1.42857,0,0]
[1.43143,0,0]
[1.43429,0,0]
[1.43714,0,0]
[1.44,0,0]
[1.44286,0,0]
[1.44571,0,0]
[1.44857,0,0]
[1.45143,0,0]
[1.45429,0,0]
[1.45714,0,0]
[1.46,0,0]
[1.46286,0,0]
[1.46571,0,0]
[1.46857,0,0]
[1.47143,0,0]
[1.47429,0,0]
[1.47714,0,0]
[1.48,0,0]
[1.48286,0,0]
[1.48571,0,0]
[1.48857,0,0]
[1.49143,0,0]
[1.49429,0,0]
[1.49714,0,0]
[1.5,0,0]
[1.50286,0,0]
[1.50571,0,0]
[1.50857,0,0]
[1.51143,0,0]
[1.51429,0,0]
[1.51714,0,0]
[1.52,0,0]
[1.52286,0,0]
[1.52571,0,0]
[1.52857,0,0]
[1.53143,0,0]
[1.53429,0,0]
[1.53714,0,0]
[1.54,0,0]
[1.54286,0,0]
[1.54571,0,0]
[1.54857,0,0]
[1.55143,0,0]
[1.55429,0,0]
[1.55714,0,0]
[1.56,0,0]
[1.56286,0,0]
[1.56571,0,0]
[1.56857,0,0]
[1.57143,0,0]
[1.57429,0,0]
[1.57714,0,0]
[1.58,0,0]
[1.58286,0,0]
[1.58571,0,0]
[1.58857,0,0]
[1.59143,0,0]
[1.59429,0,0]
[1.59714,0,0]
[1.6,0,0]
[1.60286,0,0]
[1.60571,0,0]
[1.60857,0,0]
[1.61143,0,0]
[1.61429,0,0]
[1.61714,0,0]
[1.62,0,0]
[1.62286,0,0]
[1.62571,0,0]
[1.62857,0,0]
[1.63143,0,0]
[1.63429,0,0]
[1.63714,0,0]
[1.64,0,0]
[1.64286,0,0]
[1.64571,0,0]
[1.64857,0,0]
[1.65143,0,0]
[1.65429,0,0]
[1.65714,0,0]
[1.66,0,0]
[1.66286,0,0]
[1.66571,0,0]
[1.66857,0,0]
[1.67143,0,0]
[1.67429,0,0]
[1.67714,0,0]
[1.68,0,0]
[1.68286,0,0]
[1.68571,0,0]
[1.68857,0,0]
[1.69143,0,0]
[1.69429,0,0]
[1.69714,0,0]
[1.7,0,0]
[1.70286,0,0]
[1.70571,0,0]
[1.70857,0,0]
[1.71143,0,0]
[1.71429,0,0]
[1.71714,0,0]
[1.72,0,0]
[1.72286,0,0]
[1.72571,0,0]
[1.72857,0,0]
[1.73143,0,0]
[1.73429,0,0]
[1.73714,0,0]
[1.74,0,0]
[1.74286,0,0]
[1.74571,0,0]
[1.74857,0,0]
[1.75143,0,0]
[1.75429,0,0]
[1.75714,0,0]
[1.76,0,0]
[1.76286,0,0]
[1.76571,0,0]
[1.76857,0,0]
[1.77143,0,0]
[1.77429,0,0]
[1.77714,0,0]
[1.78,0,0]
[1.78286,0,0]
[1.78571,0,0]
[1.78857,0,0]
[1.79143,0,0]
[1.79429,0,0]
[1.79714,0,0]
[1.8,0,0]
[1.80286,0,0]
[1.80571,0,0]
[1.80857,0,0]
[1.81143,0,0]
[1.81429,0,0]
[1.81714,0,0]
[1.82,0,0]
[1.82286,0,0]
[1.82571,0,0]
[1.82857,0,0]
[1.83143,0,0]
[1.83429,0,0]
[1.83714,0,0]
[1.84,0,0]
[1.84286,0,0]
[1.84571,0,0]
[1.84857,0,0]
[1.85143,0,0]
[1.85429,0,0]
[1.85714,0,0]
[1.86,0,0]
[1.86286,0,0]
[1.86571,0,0]
[1.86857,0,0]
[1.87143,0,0]
[1.87429,0,0]
[1.87714,0,0]
[1.88,0,0]
[1.88286,0,0]
[1.88571,0,0]
[1.88857,0,0]
[1.89143,0,0]
[1.89429,0,0]
[1.89714,0,0]
[1.9,0,0]
[1.90286,0,0]
[1.90571,0,0]
[1.90857,0,0]
[1.91143,0,0]
[1.91429,0,0]
[1.91714,0,0]
[1.92,0,0]
[1.92286,0,0]
[1.92571,0,0]
[1.92857,0,0]
[1.93143,0,0]
[1.93429,0,0]
[1.93714,0,0]
[1.94,0,0]
[1.94286,0,0]
[1.94571,0,0]
[1.94857,0,0]
[1.95143,0,0]
[1.95429,0,0]
[1.95714,0,0]
[1.96,0,0]
[1.96286,0,0]
[1.96571,0,0]
[1.96857,0,0]
[1.97143,0,0]
[1.97429,0,0]
[1.97714,0,0]
[1.98,0,0]
[1.98286,0,0]
[1.98571,0,0]
[1.98857,0,0]
[1.99143,0,0]
[1.99429,0,0]
[1.99714,0,0]
[2,0,0]
[2.00286,0,0]
[2.00571,0,0]
[2.00857,0,0]
[2.01143,0,0]
[2.01429,0,0]
[2.01714,0,0]
[2.02,0,0]
[2.02286,0,0]
[2.02571,0,0]
[2.02857,0,0]
[2.03143,0,0]
[2.03429,0,0]
[2.03714,0,0]
[2.04,0,0]
[2.04286,0,0]
[2.04571,0,0]
[2.04857,0,0]
[2.05143,0,0]
[2.05429,0,0]
[2.05714,0,0]
[2.06,0,0]
[2.06286,0,0]
[2.06571,0,0]
[2.06857,0,0]
[2.07143,0,0]
[2.07429,0,0]
[2.07714,0,0]
[2.08,0,0]
[2.08286,0,0]
[2.08571,0,0]
[2.08857,0,0]
[2.09143,0,0]
[2.09429,0,0]
[2.09714,0,0]
[2.1,0,0]
[2.10286,0,0]
[2.10571,0,0]
[2.10857,0,0]
[2.11143,0,0]
[2.11429,0,0]
[2.11714,0,0]
[2.12,0,0]
[2.12286,0,0]
[2.12571,0,0]
[2.12857,0,0]
[2.13143,0,0]
[2.13429,0,0]
[2.13714,0,0]
[2.14,0,0]
[2.14286,0,0]
[2.14571,0,0]
[2.14857,0,0]
[2.15143,0,0]
[2.15429,0,0]
[2.15714,0,0]
[2.16,0,0]
[2.16286,0,0]
[2.16571,0,0]
[2.16857,0,0]
[2.17143,0,0]
[2.17429,0,0]
[2.17714,0,0]
[2.18,0,0]
[2.18286,0,0]
[2.18571,0,0]
[2.18857,0,0]
[2.19143,0,0]
[2.19429,0,0]
[2.19714,0,0]
[2.2,0,0]
[2.20286,0,0]
[2.20571,0,0]
[2.20857,0,0]
[2.21143,0,0]
[2.21429,0,0]
[2.21714,0,0]
[2.22,0,0]
[2.22286,0,0]
[2.22571,0,0]
[2.22857,0,0]
[2.23143,0,0]
[2.23429,0,0]
[2.23714,0,0]
[2.24,0,0]
[2.24286,0,0]
[2.24571,0,0]
[2.24857,0,0]
[2.25143,0,0]
[2.25429,0,0]
[2.25714,0,0]
[2.26,0,0]
[2.26286,0,0]
[2.26571,0,0]
[2.26857,0,0]
[2.27143,0,0]
[2.27429,0,0]
[2.27714,0,0]
[2.28,0,0]
[2.28286,0,0]
[2.28571,0,0]
[2.28857,0,0]
[2.29143,0,0]
[2.29429,0,0]
[2.29714,0,0]
[2.3,0,0]
[2.30286,0,0]
[2.30571,0,0]
[2.30857,0,0]
[2.31143,0,0]
[2.31429,0,0]
[2.31714,0,0]
[2.32,0,0]
[2.32286,0,0]
[2.32571,0,0]
[2.32857,0,0]
[2.33143,0,0]
[2.33429,0,0]
[2.33714,0,0]
[2.34,0,0]
[2.34286,0,0]
[2.34571,0,0]
[2.34857,0,0]
[2.35143,0,0]
[2.35429,0,0]
[2.35714,0,0]
[2.36,0,0]
[2.36286,0,0]
[2.36571,0,0]
[2.36857,0,0]
[2.37143,0,0]
[2.37429,0,0]
[2.37714,0,0]
[2.38,0,0]
[2.38286,0,0]
[2.38571,0,0]
[2.38857,0,0]
[2.39143,0,0]
[2.39429,0,0]
[2.39714,0,0]
[2.4,0,0]
[2.40286,0,0]
[2.40571,0,0]
[2.40857,0,0]
[2.41143,0,0]
[2.41429,0,0]
[2.41714,0,0]
[2.42,0,0]
[2.42286,0,0]
[2.42571,0,0]
[2.42857,0,0]
[2.43143,0,0]
[2.43429,0,0]
[2.43714,0,0]
[2.44,0,0]
[2.44286,0,0]
[2.44571,0,0]
[2.44857,0,0]
[2.45143,0,0]
[2.45429,0,0]
[2.45714,0,0]
[2.46,0,0]
[2.46286,0,0]
[2.46571,0,0]
[2.46857,0,0]
[2.47143,0,0]
[2.47429,0,0]
[2.47714,0,0]
[2.48,0,0]
[2.48286,0,0]
[2.48571,0,0]
[2.48857,0,0]
[2.49143,0,0]
[2.49429,0,0]
[2.49714,0,0]
[2.5,0,0]
[2.50286,0,0]
[2.50571,0,0]
[2.50857,0,0]
[2.51143,0,0]
[2.51429,0,0]
[2.51714,0,0]
[2.52,0,0]
[2.52286,0,0]
[2.52571,0,0]
[2.52857,0,0]
[2.53143,0,0]
[2.53429,0,0]
[2.53714,0,0]
[2.54,0,0]
[2.54286,0,0]
[2.54571,0,0]
[2.54857,0,0]
[2.55143,0,0]
[2.55429,0,0]
[2.55714,0,0]
[2.56,0,0]
[2.56286,0,0]
[2.56571,0,0]
[2.56857,0,0]
[2.57143,0,0]
[2.57429,0,0]
[2.57714,0,0]
[2.58,0,0]
[2.58286,0,0]
[2.58571,0,0]
[2.58857,0,0]
[2.59143,0,0]
[2.59429,0,0]
[2.59714,0,0]
[2.6,0,0]
[2.60286,0,0]
[2.60571,0,0]
[2.60857,0,0]
[2.61143,0,0]
[2.61429,0,0]
[2.61714,0,0]
[2.62,0,0]
[2.62286,0,0]
[2.62571,0,0]
[2.62857,0,0]
[2.63143,0,0]
[2.63429,0,0]
[2.63714,0,0]
[2.64,0,0]
[2.64286,0,0]
[2.64571,0,0]
[2.64857,0,0]
[2.65143,0,0]
[2.65429,0,0]
[2.65714,0,0]
[2.66,0,0]
[2.66286,0,0]
[2.66571,0,0]
[2.66857,0,0]
[2.67143,0,0]
[2.67429,0,0]
[2.67714,0,0]
[2.68,0,0]
[2.68286,0,0]
[2.68571,0,0]
[2.68857,0,0]
[2.69143,0,0]
[2.69429,0,0]
[2.69714,0,0]
[2.7,0,0]
[2.70286,0,0]
[2.70571,0,0]
[2.70857,0,0]
[2.71143,0,0]
[2.71429,0,0]
[2.71714,0,0]
[2.72,0,0]
[2.72286,0,0]
[2.72571,0,0]
[2.72857,0,0]
[2.73143,0,0]
[2.73429,0,0]
[2.73714,0,0]
[2.74,0,0]
[2.74286,0,0]
[2.74571,0,0]
[2.74857,0,0]
[2.75143,0,0]
[2.75429,0,0]
[2.75714,0,0]
[2.76,0,0]
[2.76286,0,0]
[2.76571,0,0]
[2.76857,0,0]
[2.77143,0,0]
[2.77429,0,0]
[2.77714,0,0]
[2.78,0,0]
[2.78286,0,0]
[2.78571,0,0]
[2.78857,0,0]
[2.79143,0,0]
[2.79429,0,0]
[2.79714,0,0]
[2.8,0,0]
[2.80286,0,0]
[2.80571,0,0]
[2.80857,0,0]
[2.81143,0,0]
[2.81429,0,0]
[2.81714,0,0]
[2.82,0,0]
[2.82286,0,0]
[2.82571,0,0]
[2.82857,0,0]
[2.83143,0,0]
[2.83429,0,0]
[2.83714,0,0]
[2.84,0,0]
[2.84286,0,0]
[2.84571,0,0]
[2.84857,0,0]
[2.85143,0,0]
[2.85429,0,0]
[2.85714,0,0]
[2.86,0,0]
[2.86286,0,0]
[2.86571,0,0]
[2.86857,0,0]
[2.87143,0,0]
[2.87429,0,0]
[2.87714,0,0]
[2.88,0,0]
[2.88286,0,0]
[2.88571,0,0]
[2.88857,0,0]
[2.89143,0,0]
[2.89429,0,0]
[2.89714,0,0]
[2.9,0,0]
[2.90286,0,0]
[2.90571,0,0]
[2.90857,0,0]
[2.91143,0,0]
[2.91429,0,0]
[2.91714,0,0]
[2.92,0,0]
[2.92286,0,0]
[2.92571,0,0]
[2.92857,0,0]
[2.93143,0,0]
[2.93429,0,0]
[2.93714,0,0]
[2.94,0,0]
[2.94286,0,0]
[2.94571,0,0]
[2.94857,0,0]
[2.95143,0,0]
[2.95429,0,0]
[2.95714,0,0]
[2.96,0,0]
[2.96286,0,0]
[2.96571,0,0]
[2.96857,0,0]
[2.97143,0,0]
[2.97429,0,0]
[2.97714,0,0]
[2.98,0,0]
[2.98286,0,0]
[2.98571,0,0]
[2.98857,0,0]
[2.99143,0,0]
[2.99429,0,0]
[2.99714,0,0]
[3,0,0]
[1,0,0,0]
[1,0,0,0]
[1,0,0,0]
[1,0,0,0]
[1,0,0,0]
[1,0,0,0]
[1,0,0,0]
[1,0,0,0]
[1,0,0,0]
[1,0,0,0]
[1,0,0,0]
[1,0,0,0]
[1,0,0,0]
[1,0,0,0]
[1,0,0,0]
[1,0,0,0]
[1,0,0,0]
[1,0,0,0]
[1,0,0,0]
[1,0,0,0]
[1,0,0,0]
[1,0,0,0]
[1,0,0,0]
[1,0,0,0]
[1,0,0,0]
[1,0,0,0]
[1,0,0,0]
[1,0,0,0]
[1,0,0,0]
[1,0,0,0]
[1,0,0,0]
[1,0,0,0]
[1,0,0,0]
[1,0,0,0]
[1,0,0,0]
[1,0,0,0]
[1,0,0,0]
[1,0,0,0]
[1,0,0,0]
[1,0,0,0]
[1,0,0,0]
[1,0,0,0]
[1,0,0,0]
[1,0,0,0]
[1,0,0,0]
[1,0,0,0]
[1,0,0,0]
[1,0,0,0]
[1,0,0,0]
[1,0,0,0]
[1,0,0,0]
[1,0,0,0]
[1,0,0,0]
[1,0,0,0]
[1,0,0,0]
[1,0,0,0]
[1,0,0,0]
[1,0,0,0]
[1,0,0,0]
[1,0,0,0]
[1,0,0,0]
[1,0,0,0]
[1,0,0,0]
[1,0,0,0]
[1,0,0,0]
[1,0,0,0]
[1,0,0,0]
[1,0,0,0]
[1,0,0,0]
[1,0,0,0]
[1,0,0,0]
[1,0,0,0]
[1,0,0,0]
[1,0,0,0]
[1,0,0,0]
[1,0,0,0]
[1,0,0,0]
[1,0,0,0]
[1,0,0,0]
[1,0,0,0]
[1,0,0,0]
[1,0,0,0]
[1,0,0,0]
[1,0,0,0]
[1,0,0,0]
[1,0,0,0]
[1,0,0,0]
[1,0,0,0]
[1,0,0,0]
[1,0,0,0]
[1,0,0,0]
[1,0,0,0]
[1,0,0,0]
[1,0,0,0]
[1,0,0,0]
[1,0,0,0]
[1,0,0,0]
[1,0,0,0]
[1,0,0,0]
[1,0,0,0]
[1,0,0,0]
[1,0,0,0]
[1,0,0,0]
[1,0,0,0]
[1,0,0,0]
[1,0,0,0]
[1,0,0,0]
[1,0,0,0]
[1,0,0,0]
[1,0,0,0]
[1,0,0,0]
[1,0,0,0]
[1,0,0,0]
[1,0,0,0]
[1,0,0,0]
[1,0,0,0]
[1,0,0,0]
[1,0,0,0]
[1,0,0,0]
[1,0,0,0]
[1,0,0,0]
[1,0,0,0]
[1,0,0,0]
[1,0,0,0]
[1,0,0,0]
[1,0,0,0]
[1,0,0,0]
[1,0,0,0]
[1,0,0,0]
[1,0,0,0]
[1,0,0,0]
[1,0,0,0]
[1,0,0,0]
[1,0,0,0]
[1,0,0,0]
[1,0,0,0]
[1,0,0,0]
[1,0,0,0]
[1,0,0,0]
[1,0,0,0]
[1,0,0,0]
[1,0,0,0]
[1,0,0,0]
[1,0,0,0]
[1,0,0,0]
[1,0,0,0]
[1,0,0,0]
[1,0,0,0]
[1,0,0,0]
[1,0,0,0]
[1,0,0,0]
[1,0,0,0]
[1,0,0,0]
[1,0,0,0]
[1,0,0,0]
[1,0,0,0]
[1,0,0,0]
[1,0,0,0]
[1,0,0,0]
[1,0,0,0]
[1,0,0,0]
[1,0,0,0]
[1,0,0,0]
[1,0,0,0]
[1,0,0,0]
[1,0,0,0]
[1,0,0,0]
[1,0,0,0]
[1,0,0,0]
[1,0,0,0]
[1,0,0,0]
[1,0,0,0]
[1,0,0,0]
[1,0,0,0]
[1,0,0,0]
[1,0,0,0]
[1,0,0,0]
[1,0,0,0]
[1,0,0,0]
[1,0,0,0]
[1,0,0,0]
[1,0,0,0]
[1,0,0,0]
[1,0,0,0]
[1,0,0,0]
[1,0,0,0]
[1,0,0,0]
[1,0,0,0]
[1,0,0,0]
[1,0,0,0]
[1,0,0,0]
[1,0,0,0]
[1,0,0,0]
[1,0,0,0]
[1,0,0,0]
[1,0,0,0]
[1,0,0,0]
[1,0,0,0]
[1,0,0,0]
[1,0,0,0]
[1,0,0,0]
[1,0,0,0]
[1,0,0,0]
[1,0,0,0]
[1,0,0,0]
[1,0,0,0]
[1,0,0,0]
[1,0,0,0]
[1,0,0,0]
[1,0,0,0]
[1,0,0,0]
[1,0,0,0]
[1,0,0,0]
[1,0,0,0]
[1,0,0,0]
[1,0,0,0]
[1,0,0,0]
[1,0,0,0]
[1,0,0,0]
[1,0,0,0]
[1,0,0,0]
[1,0,0,0]
[1,0,0,0]
[1,0,0,0]
[1,0,0,0]
[1,0,0,0]
[1,0,0,0]
[1,0,0,0]
[1,0,0,0]
[1,0,0,0]
[1,0,0,0]
[1,0,0,0]
[1,0,0,0]
[1,0,0,0]
[1,0,0,0]
[1,0,0,0]
[1,0,0,0]
[1,0,0,0]
[1,0,0,0]
[1,0,0,0]
[1,0,0,0]
[1,0,0,0]
[1,0,0,0]
[1,0,0,0]
[1,0,0,0]
[1,0,0,0]
[1,0,0,0]
[1,0,0,0]
[1,0,0,0]
[1,0,0,0]
[1,0,0,0]
[1,0,0,0]
[1,0,0,0]
[1,0,0,0]
[1,0,0,0]
[1,0,0,0]
[1,0,0,0]
[1,0,0,0]
[1,0,0,0]
[1,0,0,0]
[1,0,0,0]
[1,0,0,0]
[1,0,0,0]
[1,0,0,0]
[1,0,0,0]
[1,0,0,0]
[1,0,0,0]
[1,0,0,0]
[1,0,0,0]
[1,0,0,0]
[1,0,0,0]
[1,0,0,0]
[1,0,0,0]
[1,0,0,0]
[1,0,0,0]
[1,0,0,0]
[1,0,0,0]
[1,0,0,0]
[1,0,0,0]
[1,0,0,0]
[1,0,0,0]
[1,0,0,0]
[1,0,0,0]
[1,0,0,0]
[1,0,0,0]
[1,0,0,0]
[1,0,0,0]
[1,0,0,0]
[1,0,0,0]
[1,0,0,0]
[1,0,0,0]
[1,0,0,0]
[1,0,0,0]
[1,0,0,0]
[1,0,0,0]
[1,0,0,0]
[1,0,0,0]
[1,0,0,0]
[1,0,0,0]
[1,0,0,0]
[1,0,0,0]
[1,0,0,0]
[1,0,0,0]
[1,0,0,0]
[1,0,0,0]
[1,0,0,0]
[1,0,0,0]
[1,0,0,0]
[1,0,0,0]
[1,0,0,0]
[1,0,0,0]
[1,0,0,0]
[1,0,0,0]
[1,0,0,0]
[1,0,0,0]
[1,0,0,0]
[1,0,0,0]
[1,0,0,0]
[1,0,0,0]
[1,0,0,0]
[1,0,0,0]
[1,0,0,0]
[1,0,0,0]
[1,0,0,0]
[1,0,0,0]
[1,0,0,0]
[1,0,0,0]
[1,0,0,0]
[1,0,0,0]
[1,0,0,0]
[1,0,0,0]
[1,0,0,0]
[1,0,0,0]
[1,0,0,0]
[1,0,0,0]
[1,0,0,0]
[1,0,0,0]
[1,0,0,0]
[1,0,0,0]
[1,0,0,0]
[1,0,0,0]
[1,0,0,0]
[1,0,0,0]
[1,0,0,0]
[1,0,0,0]
[1,0,0,0]
[1,0,0,0]
[1,0,0,0]
[1,0,0,0]
[1,0,0,0]
[1,0,0,0]
[1,0,0,0]
[1,0,0,0]
[1,0,0,0]
[1,0,0,0]
[1,0,0,0]
[1,0,0,0]
[1,0,0,0]
[1,0,0,0]
[1,0,0,0]
[1,0,0,0]
[1,0,0,0]
[1,0,0,0]
[1,0,0,0]
[1,0,0,0]
[1,0,0,0]
[1,0,0,0]
[1,0,0,0]
[1,0,0,0]
[1,0,0,0]
[1,0,0,0]
[1,0,0,0]
[1,0,0,0]
[1,0,0,0]
[1,0,0,0]
[1,0,0,0]
[1,0,0,0]
[1,0,0,0]
[1,0,0,0]
[1,0,0,0]
[1,0,0,0]
[1,0,0,0]
[1,0,0,0]
[1,0,0,0]
[1,0,0,0]
[1,0,0,0]
[1,0,0,0]
[1,0,0,0]
[1,0,0,0]
[1,0,0,0]
[1,0,0,0]
[1,0,0,0]
[1,0,0,0]
[1,0,0,0]
[1,0,0,0]
[1,0,0,0]
[1,0,0,0]
[1,0,0,0]
[1,0,0,0]
[1,0,0,0]
[1,0,0,0]
[1,0,0,0]
[1,0,0,0]
[1,0,0,0]
[1,0,0,0]
[1,0,0,0]
[1,0,0,0]
[1,0,0,0]
[1,0,0,0]
[1,0,0,0]
[1,0,0,0]
[1,0,0,0]
[1,0,0,0]
[1,0,0,0]
[1,0,0,0]
[1,0,0,0]
[1,0,0,0]
[1,0,0,0]
[1,0,0,0]
[1,0,0,0]
[1,0,0,0]
[1,0,0,0]
[1,0,0,0]
[1,0,0,0]
[1,0,0,0]
[1,0,0,0]
[1,0,0,0]
[1,0,0,0]
[1,0,0,0]
[1,0,0,0]
[1,0,0,0]
[1,0,0,0]
[1,0,0,0]
[1,0,0,0]
[1,0,0,0]
[1,0,0,0]
[1,0,0,0]
[1,0,0,0]
[1,0,0,0]
[1,0,0,0]
[1,0,0,0]
[1,0,0,0]
[1,0,0,0]
[1,0,0,0]
[1,0,0,0]
[1,0,0,0]
[1,0,0,0]
[1,0,0,0]
[1,0,0,0]
[1,0,0,0]
[1,0,0,0]
[1,0,0,0]
[1,0,0,0]
[1,0,0,0]
[1,0,0,0]
[1,0,0,0]
[1,0,0,0]
[1,0,0,0]
[1,0,0,0]
[1,0,0,0]
[1,0,0,0]
[1,0,0,0]
[1,0,0,0]
[1,0,0,0]
[1,0,0,0]
[1,0,0,0]
[1,0,0,0]
[1,0,0,0]
[1,0,0,0]
[1,0,0,0]
[1,0,0,0]
[1,0,0,0]
[1,0,0,0]
[1,0,0,0]
[1,0,0,0]
[1,0,0,0]
[1,0,0,0]
[1,0,0,0]
[1,0,0,0]
[1,0,0,0]
[1,0,0,0]
[1,0,0,0]
[1,0,0,0]
[1,0,0,0]
[1,0,0,0]
[1,0,0,0]
[1,0,0,0]
[1,0,0,0]
[1,0,0,0]
[1,0,0,0]
[1,0,0,0]
[1,0,0,0]
[1,0,0,0]
[1,0,0,0]
[1,0,0,0]
[1,0,0,0]
[1,0,0,0]
[1,0,0,0]
[1,0,0,0]
[1,0,0,0]
[1,0,0,0]
[1,0,0,0]
[1,0,0,0]
[1,0,0,0]
[1,0,0,0]
[1,0,0,0]
[1,0,0,0]
[1,0,0,0]
[1,0,0,0]
[1,0,0,0]
[1,0,0,0]
[1,0,0,0]
[1,0,0,0]
[1,0,0,0]
[1,0,0,0]
[1,0,0,0]
[1,0,0,0]
[1,0,0,0]
[1,0,0,0]
[1,0,0,0]
[1,0,0,0]
[1,0,0,0]
[1,0,0,0]
[1,0,0,0]
[1,0,0,0]
[1,0,0,0]
[1,0,0,0]
[1,0,0,0]
[1,0,0,0]
[1,0,0,0]
[1,0,0,0]
[1,0,0,0]
[1,0,0,0]
[1,0,0,0]
[1,0,0,0]
[1,0,0,0]
[1,0,0,0]
[1,0,0,0]
[1,0,0,0]
[1,0,0,0]
[1,0,0,0]
[1,0,0,0]
[1,0,0,0]
[1,0,0,0]
[1,0,0,0]
[1,0,0,0]
[1,0,0,0]
[1,0,0,0]
[1,0,0,0]
[1,0,0,0]
[1,0,0,0]
[1,0,0,0]
[1,0,0,0]
[1,0,0,0]
[1,0,0,0]
[1,0,0,0]
[1,0,0,0]
[1,0,0,0]
[1,0,0,0]
[1,0,0,0]
[1,0,0,0]
[1,0,0,0]
[1,0,0,0]
[1,0,0,0]
[1,0,0,0]
[1,0,0,0]
[1,0,0,0]
[1,0,0,0]
[1,0,0,0]
[1,0,0,0]
[1,0,0,0]
[1,0,0,0]
[1,0,0,0]
[1,0,0,0]
[1,0,0,0]
[1,0,0,0]
[1,0,0,0]
[1,0,0,0]
[1,0,0,0]
[1,0,0,0]
[1,0,0,0]
[1,0,0,0]
[1,0,0,0]
[1,0,0,0]
[1,0,0,0]
[1,0,0,0]
[1,0,0,0]
[1,0,0,0]
[1,0,0,0]
[1,0,0,0]
[1,0,0,0]
[1,0,0,0]
[1,0,0,0]
[1,0,0,0]
[1,0,0,0]
[1,0,0,0]
[1,0,0,0]
[1,0,0,0]
[1,0,0,0]
[1,0,0,0]
[1,0,0,0]
[1,0,0,0]
[1,0,0,0]
[1,0,0,0]
[1,0,0,0]
[1,0,0,0]
[1,0,0,0]
[1,0,0,0]
[1,0,0,0]
[1,0,0,0]
[1,0,0,0]
[1,0,0,0]
[1,0,0,0]
[1,0,0,0]
[1,0,0,0]
[1,0,0,0]
[1,0,0,0]
[1,0,0,0]
[1,0,0,0]
[1,0,0,0]
[1,0,0,0]
[1,0,0,0]
[1,0,0,0]
[1,0,0,0]
[1,0,0,0]
[1,0,0,0]
[1,0,0,0]
[1,0,0,0]
[1,0,0,0]
[1,0,0,0]
[1,0,0,0]
[1,0,0,0]
[1,0,0,0]
[1,0,0,0]
[1,0,0,0]
[1,0,0,0]
[1,0,0,0]
[1,0,0,0]
[1,0,0,0]
[1,0,0,0]
[1,0,0,0]
[1,0,0,0]
[1,0,0,0]
[1,0,0,0]
[1,0,0,0]
[1,0,0,0]
[1,0,0,0]
[1,0,0,0]
[1,0,0,0]
[1,0,0,0]
[1,0,0,0]
[1,0,0,0]
[1,0,0,0]
[1,0,0,0]
[1,0,0,0]
[1,0,0,0]
[1,0,0,0]
[1,0,0,0]
[1,0,0,0]
[1,0,0,0]
[1,0,0,0]
[1,0,0,0]
[1,0,0,0]
[1,0,0,0]
[1,0,0,0]
[1,0,0,0]
[1,0,0,0]
[1,0,0,0]
[1,0,0,0]
[1,0,0,0]
[1,0,0,0]
[1,0,0,0]
[1,0,0,0]
[1,0,0,0]
[1,0,0,0]
[1,0,0,0]
[1,0,0,0]
[1,0,0,0]
[1,0,0,0]
[1,0,0,0]
[1,0,0,0]
[1,0,0,0]
[1,0,0,0]
[1,0,0,0]
[1,0,0,0]
[1,0,0,0]
[1,0,0,0]
[1,0,0,0]
[1,0,0,0]
[1,0,0,0]
[1,0,0,0]
[1,0,0,0]
[1,0,0,0]
[1,0,0,0]
[1,0,0,0]
[1,0,0,0]
[1,0,0,0]
[1,0,0,0]
[1,0,0,0]
[1,0,0,0]
[1,0,0,0]
[1,0,0,0]
[1,0,0,0]
[1,0,0,0]
[1,0,0,0]
[1,0,0,0]
[1,0,0,0]
[1,0,0,0]
[1,0,0,0]
[1,0,0,0]
[1,0,0,0]
[1,0,0,0]
[1,0,0,0]
[1,0,0,0]
[1,0,0,0]
[1,0,0,0]
[1,0,0,0]
[1,0,0,0]
[1,0,0,0]
[1,0,0,0]
[1,0,0,0]
[1,0,0,0]
[1,0,0,0]
[1,0,0,0]
[1,0,0,0]
[1,0,0,0]
[1,0,0,0]
[1,0,0,0]
[1,0,0,0]
[1,0,0,0]
[1,0,0,0]
[1,0,0,0]
[1,0,0,0]
[1,0,0,0]
[1,0,0,0]
[1,0,0,0]
[1,0,0,0]
[1,0,0,0]
[1,0,0,0]
[1,0,0,0]
[1,0,0,0]
[1,0,0,0]
[1,0,0,0]
[1,0,0,0]
[1,0,0,0]
[1,0,0,0]
[1,0,0,0]
[1,0,0,0]
[1,0,0,0]
[1,0,0,0]
[1,0,0,0]
[1,0,0,0]
[1,0,0,0]
[1,0,0,0]
[1,0,0,0]
[1,0,0,0]
[1,0,0,0]
[1,0,0,0]
[1,0,0,0]
[1,0,0,0]
[1,0,0,0]
[1,0,0,0]
[1,0,0,0]
[1,0,0,0]
[1,0,0,0]
[1,0,0,0]
[1,0,0,0]
[1,0,0,0]
[1,0,0,0]
[1,0,0,0]
[1,0,0,0]
[1,0,0,0]
[1,0,0,0]
[1,0,0,0]
[1,0,0,0]
[1,0,0,0]
[1,0,0,0]
[1,0,0,0]
[1,0,0,0]
[1,0,0,0]
[1,0,0,0]
[1,0,0,0]
[1,0,0,0]
[1,0,0,0]
[1,0,0,0]
[1,0,0,0]
[1,0,0,0]
[1,0,0,0]
[1,0,0,0]
[1,0,0,0]
[1,0,0,0]
[1,0,0,0]
[1,0,0,0]
[1,0,0,0]
[1,0,0,0]
[1,0,0,0]
[1,0,0,0]
[1,0,0,0]
[1,0,0,0]
[1,0,0,0]
[1,0,0,0]
[1,0,0,0]
[1,0,0,0]
[1,0,0,0]
[1,0,0,0]
[1,0,0,0]
[1,0,0,0]
[1,0,0,0]
[1,0,0,0]
[1,0,0,0]
[1,0,0,0]
[1,0,0,0]
[1,0,0,0]
[1,0,0,0]
[1,0,0,0]
[1,0,0,0]
[1,0,0,0]
[1,0,0,0]
[1,0,0,0]
[1,0,0,0]
[1,0,0,0]
[1,0,0,0]
[1,0,0,0]
[1,0,0,0]
[1,0,0,0]
[1,0,0,0]
[1,0,0,0]
[1,0,0,0]
[1,0,0,0]
[1,0,0,0]
[1,0,0,0]
[1,0,0,0]
[1,0,0,0]
[1,0,0,0]
[1,0,0,0]
[1,0,0,0]
[1,0,0,0]
[1,0,0,0]
[1,0,0,0]
[1,0,0,0]
[1,0,0,0]
[1,0,0,0]
[1,0,0,0]
[1,0,0,0]
[1,0,0,0]
[1,0,0,0]
[1,0,0,0]
[1,0,0,0]
[1,0,0,0]
[1,0,0,0]
[1,0,0,0]
[1,0,0,0]
[1,0,0,0]
[1,0,0,0]
[1,0,0,0]
[1,0,0,0]
[1,0,0,0]
[1,0,0,0]
[1,0,0,0]
[1,0,0,0]
[1,0,0,0]
[1,0,0,0]
[1,0,0,0]
[1,0,0,0]
[1,0,0,0]
[1,0,0,0]
[1,0,0,0]
[1,0,0,0]
[1,0,0,0]
[1,0,0,0]
[1,0,0,0]
[1,0,0,0]
[1,0,0,0]
[1,0,0,0]
[1,0,0,0]
[1,0,0,0]
[1,0,0,0]
[1,0,0,0]
[1,0,0,0]
[1,0,0,0]
[1,0,0,0]
[1,0,0,0]
[1,0,0,0]
[1,0,0,0]
[1,0,0,0]
[1,0,0,0]
[1,0,0,0]
[1,0,0,0]
[1,0,0,0]
[1,0,0,0]
[1,0,0,0]
[1,0,0,0]
[1,0,0,0]
[1,0,0,0]
[1,0,0,0]
[1,0,0,0]
[1,0,0,0]
[1,0,0,0]
[1,0,0,0]
[1,0,0,0]
[1,0,0,0]
[1,0,0,0]
[1,0,0,0]
[1,0,0,0]
[1,0,0,0]
[1,0,0,0]
[1,0,0,0]
[1,0,0,0]
[1,0,0,0]
[1,0,0,0]
[1,0,0,0]
[1,0,0,0]
[1,0,0,0]
[1,0,0,0]
[1,0,0,0]
[1,0,0,0]
[1,0,0,0]
[1,0,0,0]
[1,0,0,0]
[1,0,0,0]
[1,0,0,0]
[1,0,0,0]
[1,0,0,0]
[1,0,0,0]
[1,0,0,0]
[1,0,0,0]
[1,0,0,0]
[1,0,0,0]
[1,0,0,0]
[1,0,0,0]
[1,0,0,0]
[1,0,0,0]
[1,0,0,0]
[1,0,0,0]
[1,0,0,0]
[1,0,0,0]
[1,0,0,0]
[1,0,0,0]
[1,0,0,0]
[1,0,0,0]
[1,0,0,0]
[1,0,0,0]
[1,0,0,0]
[1,0,0,0]
[1,0,0,0]
[1,0,0,0]
[1,0,0,0]
[1,0,0,0]
[1,0,0,0]
[1,0,0,0]
[1,0,0,0]
[1,0,0,0]
[1,0,0,0]
[1,0,0,0]
[1,0,0,0]
[1,0,0,0]
[1,0,0,0]
[1,0,0,0]
[1,0,0,0]
[1,0,0,0]
[1,0,0,0]
[1,0,0,0]
[1,0,0,0]
[1,0,0,0]
[1,0,0,0]
[1,0,0,0]
[1,0,0,0]
[1,0,0,0]
[1,0,0,0]
[1,0,0,0]
[1,0,0,0]
[1,0,0,0]
[1,0,0,0]
[1,0,0,0]
[1,0,0,0]
[1,0,0,0]
[1,0,0,0]
[1,0,0,0]
[1,0,0,0]
[1,0,0,0]
[1,0,0,0]
[1,0,0,0]
[1,0,0,0]
[1,0,0,0]
[1,0,0,0]
[1,0,0,0]
[1,0,0,0]
[1,0,0,0]
[1,0,0,0]
[1,0,0,0]
[1,0,0,0]
[1,0,0,0]
[1,0,0,0]
[1,0,0,0]
[1,0,0,0]
[1,0,0,0]
[1,0,0,0]
[1,0,0,0]
[1,0,0,0]
[1,0,0,0]
[1,0,0,0]
[1,0,0,0]
[1,0,0,0]
[1,0,0,0]
[1,0,0,0]
[1,0,0,0]
[1,0,0,0]
[1,0,0,0]
[1,0,0,0]
[1,0,0,0]
[1,0,0,0]
[1,0,0,0]
[1,0,0,0]
[1,0,0,0]
[1,0,0,0]
[1,0,0,0]
[1,0,0,0]
[1,0,0,0]
[1,0,0,0]
[1,0,0,0]
[1,0,0,0]
[1,0,0,0]
[1,0,0,0]
[1,0,0,0]
[1,0,0,0]
[1,0,0,0]
[1,0,0,0]
[1,0,0,0]
[1,0,0,0]
[1,0,0,0]
[1,0,0,0]
[1,0,0,0]
[1,0,0,0]
[1,0,0,0]
[1,0,0,0]
[1,0,0,0]
[1,0,0,0]
[1,0,0,0]
[1,0,0,0]
[1,0,0,0]
[1,0,0,0]
[1,0,0,0]
[1,0,0,0]
[1,0,0,0]
[1,0,0,0]
[1,0,0,0]
[1,0,0,0]
[1,0,0,0]
[1,0,0,0]
[1,0,0,0]
