630
10
[0.0047619,0,0]
[0.00952381,0,0]
[0.0142857,0,0]
[0.0190476,0,0]
[0.0238095,0,0]
[0.0285714,0,0]
[0.0333333,0,0]
[0.0380952,0,0]
[0.0428571,0,0]
[0.047619,0,0]
[0.052381,0,0]
[0.0571429,0,0]
[0.0619048,0,0]
[0.0666667,0,0]
[0.0714286,0,0]
[0.0761905,0,0]
[0.0809524,0,0]
[0.0857143,0,0]
[0.0904762,0,0]
[0.0952381,0,0]
[0.1,0,0]
[0.104762,0,0]
[0.109524,0,0]
[0.114286,0,0]
[0.119048,0,0]
[0.12381,0,0]
[0.128571,0,0]
[0.133333,0,0]
[0.138095,0,0]
[0.142857,0,0]
[0.147619,0,0]
[0.152381,0,0]
[0.157143,0,0]
[0.161905,0,0]
[0.166667,0,0]
[0.171429,0,0]
[0.17619,0,0]
[0.180952,0,0]
[0.185714,0,0]
[0.190476,0,0]
[0.195238,0,0]
[0.2,0,0]
[0.204762,0,0]
[0.209524,0,0]
[0.214286,0,0]
[0.219048,0,0]
[0.22381,0,0]
[0.228571,0,0]
[0.233333,0,0]
[0.238095,0,0]
[0.242857,0,0]
[0.247619,0,0]
[0.252381,0,0]
[0.257143,0,0]
[0.261905,0,0]
[0.266667,0,0]
[0.271429,0,0]
[0.27619,0,0]
[0.280952,0,0]
[0.285714,0,0]
[0.290476,0,0]
[0.295238,0,0]
[0.3,0,0]
[0.304762,0,0]
[0.309524,0,0]
[0.314286,0,0]
[0.319048,0,0]
[0.32381,0,0]
[0.328571,0,0]
[0.333333,0,0]
[0.338095,0,0]
[0.342857,0,0]
[0.347619,0,0]
[0.352381,0,0]
[0.357143,0,0]
[0.361905,0,0]
[0.366667,0,0]
[0.371429,0,0]
[0.37619,0,0]
[0.380952,0,0]
[0.385714,0,0]
[0.390476,0,0]
[0.395238,0,0]
[0.4,0,0]
[0.404762,0,0]
[0.409524,0,0]
[0.414286,0,0]
[0.419048,0,0]
[0.42381,0,0]
[0.428571,0,0]
[0.433333,0,0]
[0.438095,0,0]
[0.442857,0,0]
[0.447619,0,0]
[0.452381,0,0]
[0.457143,0,0]
[0.461905,0,0]
[0.466667,0,0]
[0.471429,0,0]
[0.47619,0,0]
[0.480952,0,0]
[0.485714,0,0]
[0.490476,0,0]
[0.495238,0,0]
[0.5,0,0]
[0.504762,0,0]
[0.509524,0,0]
[0.514286,0,0]
[0.519048,0,0]
[0.52381,0,0]
[0.528571,0,0]
[0.533333,0,0]
[0.538095,0,0]
[0.542857,0,0]
[0.547619,0,0]
[0.552381,0,0]
[0.557143,0,0]
[0.561905,0,0]
[0.566667,0,0]
[0.571429,0,0]
[0.57619,0,0]
[0.580952,0,0]
[0.585714,0,0]
[0.590476,0,0]
[0.595238,0,0]
[0.6,0,0]
[0.604762,0,0]
[0.609524,0,0]
[0.614286,0,0]
[0.619048,0,0]
[0.62381,0,0]
[0.628571,0,0]
[0.633333,0,0]
[0.638095,0,0]
[0.642857,0,0]
[0.647619,0,0]
[0.652381,0,0]
[0.657143,0,0]
[0.661905,0,0]
[0.666667,0,0]
[0.671429,0,0]
[0.67619,0,0]
[0.680952,0,0]
[0.685714,0,0]
[0.690476,0,0]
[0.695238,0,0]
[0.7,0,0]
[0.704762,0,0]
[0.709524,0,0]
[0.714286,0,0]
[0.719048,0,0]
[0.72381,0,0]
[0.728571,0,0]
[0.733333,0,0]
[0.738095,0,0]
[0.742857,0,0]
[0.747619,0,0]
[0.752381,0,0]
[0.757143,0,0]
[0.761905,0,0]
[0.766667,0,0]
[0.771429,0,0]
[0.77619,0,0]
[0.780952,0,0]
[0.785714,0,0]
[0.790476,0,0]
[0.795238,0,0]
[0.8,0,0]
[0.804762,0,0]
[0.809524,0,0]
[0.814286,0,0]
[0.819048,0,0]
[0.82381,0,0]
[0.828571,0,0]
[0.833333,0,0]
[0.838095,0,0]
[0.842857,0,0]
[0.847619,0,0]
[0.852381,0,0]
[0.857143,0,0]
[0.861905,0,0]
[0.866667,0,0]
[0.871429,0,0]
[0.87619,0,0]
[0.880952,0,0]
[0.885714,0,0]
[0.890476,0,0]
[0.895238,0,0]
[0.9,0,0]
[0.904762,0,0]
[0.909524,0,0]
[0.914286,0,0]
[0.919048,0,0]
[0.92381,0,0]
[0.928571,0,0]
[0.933333,0,0]
[0.938095,0,0]
[0.942857,0,0]
[0.947619,0,0]
[0.952381,0,0]
[0.957143,0,0]
[0.961905,0,0]
[0.966667,0,0]
[0.971429,0,0]
[0.97619,0,0]
[0.980952,0,0]
[0.985714,0,0]
[0.990476,0,0]
[0.995238,0,0]
[1,0,0]
[1.00476,0,0]
[1.00952,0,0]
[1.01429,0,0]
[1.01905,0,0]
[1.02381,0,0]
[1.02857,0,0]
[1.03333,0,0]
[1.0381,0,0]
[1.04286,0,0]
[1.04762,0,0]
[1.05238,0,0]
[1.05714,0,0]
[1.0619,0,0]
[1.06667,0,0]
[1.07143,0,0]
[1.07619,0,0]
[1.08095,0,0]
[1.08571,0,0]
[1.09048,0,0]
[1.09524,0,0]
[1.1,0,0]
[1.10476,0,0]
[1.10952,0,0]
[1.11429,0,0]
[1.11905,0,0]
[1.12381,0,0]
[1.12857,0,0]
[1.13333,0,0]
[1.1381,0,0]
[1.14286,0,0]
[1.14762,0,0]
[1.15238,0,0]
[1.15714,0,0]
[1.1619,0,0]
[1.16667,0,0]
[1.17143,0,0]
[1.17619,0,0]
[1.18095,0,0]
[1.18571,0,0]
[1.19048,0,0]
[1.19524,0,0]
[1.2,0,0]
[1.20476,0,0]
[1.20952,0,0]
[1.21429,0,0]
[1.21905,0,0]
[1.22381,0,0]
[1.22857,0,0]
[1.23333,0,0]
[1.2381,0,0]
[1.24286,0,0]
[1.24762,0,0]
[1.25238,0,0]
[1.25714,0,0]
[1.2619,0,0]
[1.26667,0,0]
[1.27143,0,0]
[1.27619,0,0]
[1.28095,0,0]
[1.28571,0,0]
[1.29048,0,0]
[1.29524,0,0]
[1.3,0,0]
[1.30476,0,0]
[1.30952,0,0]
[1.31429,0,0]
[1.31905,0,0]
[1.32381,0,0]
[1.32857,0,0]
[1.33333,0,0]
[1.3381,0,0]
[1.34286,0,0]
[1.34762,0,0]
[1.35238,0,0]
[1.35714,0,0]
[1.3619,0,0]
[1.36667,0,0]
[1.37143,0,0]
[1.37619,0,0]
[1.38095,0,0]
[1.38571,0,0]
[1.39048,0,0]
[1.39524,0,0]
[1.4,0,0]
[1.40476,0,0]
[1.40952,0,0]
[1.41429,0,0]
[1.41905,0,0]
[1.42381,0,0]
[1.42857,0,0]
[1.43333,0,0]
[1.4381,0,0]
[1.44286,0,0]
[1.44762,0,0]
[1.45238,0,0]
[1.45714,0,0]
[1.4619,0,0]
[1.46667,0,0]
[1.47143,0,0]
[1.47619,0,0]
[1.48095,0,0]
[1.48571,0,0]
[1.49048,0,0]
[1.49524,0,0]
[1.5,0,0]
[1.50476,0,0]
[1.50952,0,0]
[1.51429,0,0]
[1.51905,0,0]
[1.52381,0,0]
[1.52857,0,0]
[1.53333,0,0]
[1.5381,0,0]
[1.54286,0,0]
[1.54762,0,0]
[1.55238,0,0]
[1.55714,0,0]
[1.5619,0,0]
[1.56667,0,0]
[1.57143,0,0]
[1.57619,0,0]
[1.58095,0,0]
[1.58571,0,0]
[1.59048,0,0]
[1.59524,0,0]
[1.6,0,0]
[1.60476,0,0]
[1.60952,0,0]
[1.61429,0,0]
[1.61905,0,0]
[1.62381,0,0]
[1.62857,0,0]
[1.63333,0,0]
[1.6381,0,0]
[1.64286,0,0]
[1.64762,0,0]
[1.65238,0,0]
[1.65714,0,0]
[1.6619,0,0]
[1.66667,0,0]
[1.67143,0,0]
[1.67619,0,0]
[1.68095,0,0]
[1.68571,0,0]
[1.69048,0,0]
[1.69524,0,0]
[1.7,0,0]
[1.70476,0,0]
[1.70952,0,0]
[1.71429,0,0]
[1.71905,0,0]
[1.72381,0,0]
[1.72857,0,0]
[1.73333,0,0]
[1.7381,0,0]
[1.74286,0,0]
[1.74762,0,0]
[1.75238,0,0]
[1.75714,0,0]
[1.7619,0,0]
[1.76667,0,0]
[1.77143,0,0]
[1.77619,0,0]
[1.78095,0,0]
[1.78571,0,0]
[1.79048,0,0]
[1.79524,0,0]
[1.8,0,0]
[1.80476,0,0]
[1.80952,0,0]
[1.81429,0,0]
[1.81905,0,0]
[1.82381,0,0]
[1.82857,0,0]
[1.83333,0,0]
[1.8381,0,0]
[1.84286,0,0]
[1.84762,0,0]
[1.85238,0,0]
[1.85714,0,0]
[1.8619,0,0]
[1.86667,0,0]
[1.87143,0,0]
[1.87619,0,0]
[1.88095,0,0]
[1.88571,0,0]
[1.89048,0,0]
[1.89524,0,0]
[1.9,0,0]
[1.90476,0,0]
[1.90952,0,0]
[1.91429,0,0]
[1.91905,0,0]
[1.92381,0,0]
[1.92857,0,0]
[1.93333,0,0]
[1.9381,0,0]
[1.94286,0,0]
[1.94762,0,0]
[1.95238,0,0]
[1.95714,0,0]
[1.9619,0,0]
[1.96667,0,0]
[1.97143,0,0]
[1.97619,0,0]
[1.98095,0,0]
[1.98571,0,0]
[1.99048,0,0]
[1.99524,0,0]
[2,0,0]
[2.00476,0,0]
[2.00952,0,0]
[2.01429,0,0]
[2.01905,0,0]
[2.02381,0,0]
[2.02857,0,0]
[2.03333,0,0]
[2.0381,0,0]
[2.04286,0,0]
[2.04762,0,0]
[2.05238,0,0]
[2.05714,0,0]
[2.0619,0,0]
[2.06667,0,0]
[2.07143,0,0]
[2.07619,0,0]
[2.08095,0,0]
[2.08571,0,0]
[2.09048,0,0]
[2.09524,0,0]
[2.1,0,0]
[2.10476,0,0]
[2.10952,0,0]
[2.11429,0,0]
[2.11905,0,0]
[2.12381,0,0]
[2.12857,0,0]
[2.13333,0,0]
[2.1381,0,0]
[2.14286,0,0]
[2.14762,0,0]
[2.15238,0,0]
[2.15714,0,0]
[2.1619,0,0]
[2.16667,0,0]
[2.17143,0,0]
[2.17619,0,0]
[2.18095,0,0]
[2.18571,0,0]
[2.19048,0,0]
[2.19524,0,0]
[2.2,0,0]
[2.20476,0,0]
[2.20952,0,0]
[2.21429,0,0]
[2.21905,0,0]
[2.22381,0,0]
[2.22857,0,0]
[2.23333,0,0]
[2.2381,0,0]
[2.24286,0,0]
[2.24762,0,0]
[2.25238,0,0]
[2.25714,0,0]
[2.2619,0,0]
[2.26667,0,0]
[2.27143,0,0]
[2.27619,0,0]
[2.28095,0,0]
[2.28571,0,0]
[2.29048,0,0]
[2.29524,0,0]
[2.3,0,0]
[2.30476,0,0]
[2.30952,0,0]
[2.31429,0,0]
[2.31905,0,0]
[2.32381,0,0]
[2.32857,0,0]
[2.33333,0,0]
[2.3381,0,0]
[2.34286,0,0]
[2.34762,0,0]
[2.35238,0,0]
[2.35714,0,0]
[2.3619,0,0]
[2.36667,0,0]
[2.37143,0,0]
[2.37619,0,0]
[2.38095,0,0]
[2.38571,0,0]
[2.39048,0,0]
[2.39524,0,0]
[2.4,0,0]
[2.40476,0,0]
[2.40952,0,0]
[2.41429,0,0]
[2.41905,0,0]
[2.42381,0,0]
[2.42857,0,0]
[2.43333,0,0]
[2.4381,0,0]
[2.44286,0,0]
[2.44762,0,0]
[2.45238,0,0]
[2.45714,0,0]
[2.4619,0,0]
[2.46667,0,0]
[2.47143,0,0]
[2.47619,0,0]
[2.48095,0,0]
[2.48571,0,0]
[2.49048,0,0]
[2.49524,0,0]
[2.5,0,0]
[2.50476,0,0]
[2.50952,0,0]
[2.51429,0,0]
[2.51905,0,0]
[2.52381,0,0]
[2.52857,0,0]
[2.53333,0,0]
[2.5381,0,0]
[2.54286,0,0]
[2.54762,0,0]
[2.55238,0,0]
[2.55714,0,0]
[2.5619,0,0]
[2.56667,0,0]
[2.57143,0,0]
[2.57619,0,0]
[2.58095,0,0]
[2.58571,0,0]
[2.59048,0,0]
[2.59524,0,0]
[2.6,0,0]
[2.60476,0,0]
[2.60952,0,0]
[2.61429,0,0]
[2.61905,0,0]
[2.62381,0,0]
[2.62857,0,0]
[2.63333,0,0]
[2.6381,0,0]
[2.64286,0,0]
[2.64762,0,0]
[2.65238,0,0]
[2.65714,0,0]
[2.6619,0,0]
[2.66667,0,0]
[2.67143,0,0]
[2.67619,0,0]
[2.68095,0,0]
[2.68571,0,0]
[2.69048,0,0]
[2.69524,0,0]
[2.7,0,0]
[2.70476,0,0]
[2.70952,0,0]
[2.71429,0,0]
[2.71905,0,0]
[2.72381,0,0]
[2.72857,0,0]
[2.73333,0,0]
[2.7381,0,0]
[2.74286,0,0]
[2.74762,0,0]
[2.75238,0,0]
[2.75714,0,0]
[2.7619,0,0]
[2.76667,0,0]
[2.77143,0,0]
[2.77619,0,0]
[2.78095,0,0]
[2.78571,0,0]
[2.79048,0,0]
[2.79524,0,0]
[2.8,0,0]
[2.80476,0,0]
[2.80952,0,0]
[2.81429,0,0]
[2.81905,0,0]
[2.82381,0,0]
[2.82857,0,0]
[2.83333,0,0]
[2.8381,0,0]
[2.84286,0,0]
[2.84762,0,0]
[2.85238,0,0]
[2.85714,0,0]
[2.8619,0,0]
[2.86667,0,0]
[2.87143,0,0]
[2.87619,0,0]
[2.88095,0,0]
[2.88571,0,0]
[2.89048,0,0]
[2.89524,0,0]
[2.9,0,0]
[2.90476,0,0]
[2.90952,0,0]
[2.91429,0,0]
[2.91905,0,0]
[2.92381,0,0]
[2.92857,0,0]
[2.93333,0,0]
[2.9381,0,0]
[2.94286,0,0]
[2.94762,0,0]
[2.95238,0,0]
[2.95714,0,0]
[2.9619,0,0]
[2.96667,0,0]
[2.97143,0,0]
[2.97619,0,0]
[2.98095,0,0]
[2.98571,0,0]
[2.99048,0,0]
[2.99524,0,0]
[3,0,0]
[1,0,0,0]
[1,0,0,0]
[1,0,0,0]
[1,0,0,0]
[1,0,0,0]
[1,0,0,0]
[1,0,0,0]
[1,0,0,0]
[1,0,0,0]
[1,0,0,0]
[1,0,0,0]
[1,0,0,0]
[1,0,0,0]
[1,0,0,0]
[1,0,0,0]
[1,0,0,0]
[1,0,0,0]
[1,0,0,0]
[1,0,0,0]
[1,0,0,0]
[1,0,0,0]
[1,0,0,0]
[1,0,0,0]
[1,0,0,0]
[1,0,0,0]
[1,0,0,0]
[1,0,0,0]
[1,0,0,0]
[1,0,0,0]
[1,0,0,0]
[1,0,0,0]
[1,0,0,0]
[1,0,0,0]
[1,0,0,0]
[1,0,0,0]
[1,0,0,0]
[1,0,0,0]
[1,0,0,0]
[1,0,0,0]
[1,0,0,0]
[1,0,0,0]
[1,0,0,0]
[1,0,0,0]
[1,0,0,0]
[1,0,0,0]
[1,0,0,0]
[1,0,0,0]
[1,0,0,0]
[1,0,0,0]
[1,0,0,0]
[1,0,0,0]
[1,0,0,0]
[1,0,0,0]
[1,0,0,0]
[1,0,0,0]
[1,0,0,0]
[1,0,0,0]
[1,0,0,0]
[1,0,0,0]
[1,0,0,0]
[1,0,0,0]
[1,0,0,0]
[1,0,0,0]
[1,0,0,0]
[1,0,0,0]
[1,0,0,0]
[1,0,0,0]
[1,0,0,0]
[1,0,0,0]
[1,0,0,0]
[1,0,0,0]
[1,0,0,0]
[1,0,0,0]
[1,0,0,0]
[1,0,0,0]
[1,0,0,0]
[1,0,0,0]
[1,0,0,0]
[1,0,0,0]
[1,0,0,0]
[1,0,0,0]
[1,0,0,0]
[1,0,0,0]
[1,0,0,0]
[1,0,0,0]
[1,0,0,0]
[1,0,0,0]
[1,0,0,0]
[1,0,0,0]
[1,0,0,0]
[1,0,0,0]
[1,0,0,0]
[1,0,0,0]
[1,0,0,0]
[1,0,0,0]
[1,0,0,0]
[1,0,0,0]
[1,0,0,0]
[1,0,0,0]
[1,0,0,0]
[1,0,0,0]
[1,0,0,0]
[1,0,0,0]
[1,0,0,0]
[1,0,0,0]
[1,0,0,0]
[1,0,0,0]
[1,0,0,0]
[1,0,0,0]
[1,0,0,0]
[1,0,0,0]
[1,0,0,0]
[1,0,0,0]
[1,0,0,0]
[1,0,0,0]
[1,0,0,0]
[1,0,0,0]
[1,0,0,0]
[1,0,0,0]
[1,0,0,0]
[1,0,0,0]
[1,0,0,0]
[1,0,0,0]
[1,0,0,0]
[1,0,0,0]
[1,0,0,0]
[1,0,0,0]
[1,0,0,0]
[1,0,0,0]
[1,0,0,0]
[1,0,0,0]
[1,0,0,0]
[1,0,0,0]
[1,0,0,0]
[1,0,0,0]
[1,0,0,0]
[1,0,0,0]
[1,0,0,0]
[1,0,0,0]
[1,0,0,0]
[1,0,0,0]
[1,0,0,0]
[1,0,0,0]
[1,0,0,0]
[1,0,0,0]
[1,0,0,0]
[1,0,0,0]
[1,0,0,0]
[1,0,0,0]
[1,0,0,0]
[1,0,0,0]
[1,0,0,0]
[1,0,0,0]
[1,0,0,0]
[1,0,0,0]
[1,0,0,0]
[1,0,0,0]
[1,0,0,0]
[1,0,0,0]
[1,0,0,0]
[1,0,0,0]
[1,0,0,0]
[1,0,0,0]
[1,0,0,0]
[1,0,0,0]
[1,0,0,0]
[1,0,0,0]
[1,0,0,0]
[1,0,0,0]
[1,0,0,0]
[1,0,0,0]
[1,0,0,0]
[1,0,0,0]
[1,0,0,0]
[1,0,0,0]
[1,0,0,0]
[1,0,0,0]
[1,0,0,0]
[1,0,0,0]
[1,0,0,0]
[1,0,0,0]
[1,0,0,0]
[1,0,0,0]
[1,0,0,0]
[1,0,0,0]
[1,0,0,0]
[1,0,0,0]
[1,0,0,0]
[1,0,0,0]
[1,0,0,0]
[1,0,0,0]
[1,0,0,0]
[1,0,0,0]
[1,0,0,0]
[1,0,0,0]
[1,0,0,0]
[1,0,0,0]
[1,0,0,0]
[1,0,0,0]
[1,0,0,0]
[1,0,0,0]
[1,0,0,0]
[1,0,0,0]
[1,0,0,0]
[1,0,0,0]
[1,0,0,0]
[1,0,0,0]
[1,0,0,0]
[1,0,0,0]
[1,0,0,0]
[1,0,0,0]
[1,0,0,0]
[1,0,0,0]
[1,0,0,0]
[1,0,0,0]
[1,0,0,0]
[1,0,0,0]
[1,0,0,0]
[1,0,0,0]
[1,0,0,0]
[1,0,0,0]
[1,0,0,0]
[1,0,0,0]
[1,0,0,0]
[1,0,0,0]
[1,0,0,0]
[1,0,0,0]
[1,0,0,0]
[1,0,0,0]
[1,0,0,0]
[1,0,0,0]
[1,0,0,0]
[1,0,0,0]
[1,0,0,0]
[1,0,0,0]
[1,0,0,0]
[1,0,0,0]
[1,0,0,0]
[1,0,0,0]
[1,0,0,0]
[1,0,0,0]
[1,0,0,0]
[1,0,0,0]
[1,0,0,0]
[1,0,0,0]
[1,0,0,0]
[1,0,0,0]
[1,0,0,0]
[1,0,0,0]
[1,0,0,0]
[1,0,0,0]
[1,0,0,0]
[1,0,0,0]
[1,0,0,0]
[1,0,0,0]
[1,0,0,0]
[1,0,0,0]
[1,0,0,0]
[1,0,0,0]
[1,0,0,0]
[1,0,0,0]
[1,0,0,0]
[1,0,0,0]
[1,0,0,0]
[1,0,0,0]
[1,0,0,0]
[1,0,0,0]
[1,0,0,0]
[1,0,0,0]
[1,0,0,0]
[1,0,0,0]
[1,0,0,0]
[1,0,0,0]
[1,0,0,0]
[1,0,0,0]
[1,0,0,0]
[1,0,0,0]
[1,0,0,0]
[1,0,0,0]
[1,0,0,0]
[1,0,0,0]
[1,0,0,0]
[1,0,0,0]
[1,0,0,0]
[1,0,0,0]
[1,0,0,0]
[1,0,0,0]
[1,0,0,0]
[1,0,0,0]
[1,0,0,0]
[1,0,0,0]
[1,0,0,0]
[1,0,0,0]
[1,0,0,0]
[1,0,0,0]
[1,0,0,0]
[1,0,0,0]
[1,0,0,0]
[1,0,0,0]
[1,0,0,0]
[1,0,0,0]
[1,0,0,0]
[1,0,0,0]
[1,0,0,0]
[1,0,0,0]
[1,0,0,0]
[1,0,0,0]
[1,0,0,0]
[1,0,0,0]
[1,0,0,0]
[1,0,0,0]
[1,0,0,0]
[1,0,0,0]
[1,0,0,0]
[1,0,0,0]
[1,0,0,0]
[1,0,0,0]
[1,0,0,0]
[1,0,0,0]
[1,0,0,0]
[1,0,0,0]
[1,0,0,0]
[1,0,0,0]
[1,0,0,0]
[1,0,0,0]
[1,0,0,0]
[1,0,0,0]
[1,0,0,0]
[1,0,0,0]
[1,0,0,0]
[1,0,0,0]
[1,0,0,0]
[1,0,0,0]
[1,0,0,0]
[1,0,0,0]
[1,0,0,0]
[1,0,0,0]
[1,0,0,0]
[1,0,0,0]
[1,0,0,0]
[1,0,0,0]
[1,0,0,0]
[1,0,0,0]
[1,0,0,0]
[1,0,0,0]
[1,0,0,0]
[1,0,0,0]
[1,0,0,0]
[1,0,0,0]
[1,0,0,0]
[1,0,0,0]
[1,0,0,0]
[1,0,0,0]
[1,0,0,0]
[1,0,0,0]
[1,0,0,0]
[1,0,0,0]
[1,0,0,0]
[1,0,0,0]
[1,0,0,0]
[1,0,0,0]
[1,0,0,0]
[1,0,0,0]
[1,0,0,0]
[1,0,0,0]
[1,0,0,0]
[1,0,0,0]
[1,0,0,0]
[1,0,0,0]
[1,0,0,0]
[1,0,0,0]
[1,0,0,0]
[1,0,0,0]
[1,0,0,0]
[1,0,0,0]
[1,0,0,0]
[1,0,0,0]
[1,0,0,0]
[1,0,0,0]
[1,0,0,0]
[1,0,0,0]
[1,0,0,0]
[1,0,0,0]
[1,0,0,0]
[1,0,0,0]
[1,0,0,0]
[1,0,0,0]
[1,0,0,0]
[1,0,0,0]
[1,0,0,0]
[1,0,0,0]
[1,0,0,0]
[1,0,0,0]
[1,0,0,0]
[1,0,0,0]
[1,0,0,0]
[1,0,0,0]
[1,0,0,0]
[1,0,0,0]
[1,0,0,0]
[1,0,0,0]
[1,0,0,0]
[1,0,0,0]
[1,0,0,0]
[1,0,0,0]
[1,0,0,0]
[1,0,0,0]
[1,0,0,0]
[1,0,0,0]
[1,0,0,0]
[1,0,0,0]
[1,0,0,0]
[1,0,0,0]
[1,0,0,0]
[1,0,0,0]
[1,0,0,0]
[1,0,0,0]
[1,0,0,0]
[1,0,0,0]
[1,0,0,0]
[1,0,0,0]
[1,0,0,0]
[1,0,0,0]
[1,0,0,0]
[1,0,0,0]
[1,0,0,0]
[1,0,0,0]
[1,0,0,0]
[1,0,0,0]
[1,0,0,0]
[1,0,0,0]
[1,0,0,0]
[1,0,0,0]
[1,0,0,0]
[1,0,0,0]
[1,0,0,0]
[1,0,0,0]
[1,0,0,0]
[1,0,0,0]
[1,0,0,0]
[1,0,0,0]
[1,0,0,0]
[1,0,0,0]
[1,0,0,0]
[1,0,0,0]
[1,0,0,0]
[1,0,0,0]
[1,0,0,0]
[1,0,0,0]
[1,0,0,0]
[1,0,0,0]
[1,0,0,0]
[1,0,0,0]
[1,0,0,0]
[1,0,0,0]
[1,0,0,0]
[1,0,0,0]
[1,0,0,0]
[1,0,0,0]
[1,0,0,0]
[1,0,0,0]
[1,0,0,0]
[1,0,0,0]
[1,0,0,0]
[1,0,0,0]
[1,0,0,0]
[1,0,0,0]
[1,0,0,0]
[1,0,0,0]
[1,0,0,0]
[1,0,0,0]
[1,0,0,0]
[1,0,0,0]
[1,0,0,0]
[1,0,0,0]
[1,0,0,0]
[1,0,0,0]
[1,0,0,0]
[1,0,0,0]
[1,0,0,0]
[1,0,0,0]
[1,0,0,0]
[1,0,0,0]
[1,0,0,0]
[1,0,0,0]
[1,0,0,0]
[1,0,0,0]
[1,0,0,0]
[1,0,0,0]
[1,0,0,0]
[1,0,0,0]
[1,0,0,0]
[1,0,0,0]
[1,0,0,0]
[1,0,0,0]
[1,0,0,0]
[1,0,0,0]
[1,0,0,0]
[1,0,0,0]
[1,0,0,0]
[1,0,0,0]
[1,0,0,0]
[1,0,0,0]
[1,0,0,0]
[1,0,0,0]
[1,0,0,0]
[1,0,0,0]
[1,0,0,0]
[1,0,0,0]
[1,0,0,0]
[1,0,0,0]
[1,0,0,0]
[1,0,0,0]
[1,0,0,0]
[1,0,0,0]
[1,0,0,0]
[1,0,0,0]
[1,0,0,0]
[1,0,0,0]
[1,0,0,0]
[1,0,0,0]
[1,0,0,0]
[1,0,0,0]
[1,0,0,0]
[1,0,0,0]
[1,0,0,0]
[1,0,0,0]
[1,0,0,0]
[1,0,0,0]
[1,0,0,0]
[1,0,0,0]
[1,0,0,0]
[1,0,0,0]
[1,0,0,0]
[1,0,0,0]
[1,0,0,0]
[1,0,0,0]
[1,0,0,0]
[1,0,0,0]
[1,0,0,0]
[1,0,0,0]
[1,0,0,0]
[1,0,0,0]
[1,0,0,0]
[1,0,0,0]
[1,0,0,0]
[1,0,0,0]
[1,0,0,0]
[1,0,0,0]
[1,0,0,0]
[1,0,0,0]
[1,0,0,0]
[1,0,0,0]
[1,0,0,0]
[1,0,0,0]
[1,0,0,0]
[1,0,0,0]
[1,0,0,0]
[1,0,0,0]
[1,0,0,0]
[1,0,0,0]
[1,0,0,0]
[1,0,0,0]
[1,0,0,0]
[1,0,0,0]
[1,0,0,0]
[1,0,0,0]
[1,0,0,0]
[1,0,0,0]
[1,0,0,0]
[1,0,0,0]
[1,0,0,0]
[1,0,0,0]
[1,0,0,0]
[1,0,0,0]
[1,0,0,0]
[1,0,0,0]
[1,0,0,0]
[1,0,0,0]
[1,0,0,0]
[1,0,0,0]
[1,0,0,0]
[1,0,0,0]
[1,0,0,0]
[1,0,0,0]
[1,0,0,0]
[1,0,0,0]
[1,0,0,0]
[1,0,0,0]
[1,0,0,0]
[1,0,0,0]
[1,0,0,0]
[1,0,0,0]
[1,0,0,0]
[1,0,0,0]
[1,0,0,0]
[1,0,0,0]
[1,0,0,0]
[1,0,0,0]
[1,0,0,0]
[1,0,0,0]
[1,0,0,0]
[1,0,0,0]
[1,0,0,0]
[1,0,0,0]
[1,0,0,0]
[1,0,0,0]
[1,0,0,0]
[1,0,0,0]
[1,0,0,0]
[1,0,0,0]
[1,0,0,0]
[1,0,0,0]
[1,0,0,0]
[1,0,0,0]
[1,0,0,0]
[1,0,0,0]
[1,0,0,0]
[1,0,0,0]
[1,0,0,0]
[1,0,0,0]
[1,0,0,0]
[1,0,0,0]
[1,0,0,0]
[1,0,0,0]
[1,0,0,0]
[1,0,0,0]
[1,0,0,0]
[1,0,0,0]
[1,0,0,0]
