480
10
[0.00625,0,0]
[0.0125,0,0]
[0.01875,0,0]
[0.025,0,0]
[0.03125,0,0]
[0.0375,0,0]
[0.04375,0,0]
[0.05,0,0]
[0.05625,0,0]
[0.0625,0,0]
[0.06875,0,0]
[0.075,0,0]
[0.08125,0,0]
[0.0875,0,0]
[0.09375,0,0]
[0.1,0,0]
[0.10625,0,0]
[0.1125,0,0]
[0.11875,0,0]
[0.125,0,0]
[0.13125,0,0]
[0.1375,0,0]
[0.14375,0,0]
[0.15,0,0]
[0.15625,0,0]
[0.1625,0,0]
[0.16875,0,0]
[0.175,0,0]
[0.18125,0,0]
[0.1875,0,0]
[0.19375,0,0]
[0.2,0,0]
[0.20625,0,0]
[0.2125,0,0]
[0.21875,0,0]
[0.225,0,0]
[0.23125,0,0]
[0.2375,0,0]
[0.24375,0,0]
[0.25,0,0]
[0.25625,0,0]
[0.2625,0,0]
[0.26875,0,0]
[0.275,0,0]
[0.28125,0,0]
[0.2875,0,0]
[0.29375,0,0]
[0.3,0,0]
[0.30625,0,0]
[0.3125,0,0]
[0.31875,0,0]
[0.325,0,0]
[0.33125,0,0]
[0.3375,0,0]
[0.34375,0,0]
[0.35,0,0]
[0.35625,0,0]
[0.3625,0,0]
[0.36875,0,0]
[0.375,0,0]
[0.38125,0,0]
[0.3875,0,0]
[0.39375,0,0]
[0.4,0,0]
[0.40625,0,0]
[0.4125,0,0]
[0.41875,0,0]
[0.425,0,0]
[0.43125,0,0]
[0.4375,0,0]
[0.44375,0,0]
[0.45,0,0]
[0.45625,0,0]
[0.4625,0,0]
[0.46875,0,0]
[0.475,0,0]
[0.48125,0,0]
[0.4875,0,0]
[0.49375,0,0]
[0.5,0,0]
[0.50625,0,0]
[0.5125,0,0]
[0.51875,0,0]
[0.525,0,0]
[0.53125,0,0]
[0.5375,0,0]
[0.54375,0,0]
[0.55,0,0]
[0.55625,0,0]
[0.5625,0,0]
[0.56875,0,0]
[0.575,0,0]
[0.58125,0,0]
[0.5875,0,0]
[0.59375,0,0]
[0.6,0,0]
[0.60625,0,0]
[0.6125,0,0]
[0.61875,0,0]
[0.625,0,0]
[0.63125,0,0]
[0.6375,0,0]
[0.64375,0,0]
[0.65,0,0]
[0.65625,0,0]
[0.6625,0,0]
[0.66875,0,0]
[0.675,0,0]
[0.68125,0,0]
[0.6875,0,0]
[0.69375,0,0]
[0.7,0,0]
[0.70625,0,0]
[0.7125,0,0]
[0.71875,0,0]
[0.725,0,0]
[0.73125,0,0]
[0.7375,0,0]
[0.74375,0,0]
[0.75,0,0]
[0.75625,0,0]
[0.7625,0,0]
[0.76875,0,0]
[0.775,0,0]
[0.78125,0,0]
[0.7875,0,0]
[0.79375,0,0]
[0.8,0,0]
[0.80625,0,0]
[0.8125,0,0]
[0.81875,0,0]
[0.825,0,0]
[0.83125,0,0]
[0.8375,0,0]
[0.84375,0,0]
[0.85,0,0]
[0.85625,0,0]
[0.8625,0,0]
[0.86875,0,0]
[0.875,0,0]
[0.88125,0,0]
[0.8875,0,0]
[0.89375,0,0]
[0.9,0,0]
[0.90625,0,0]
[0.9125,0,0]
[0.91875,0,0]
[0.925,0,0]
[0.93125,0,0]
[0.9375,0,0]
[0.94375,0,0]
[0.95,0,0]
[0.95625,0,0]
[0.9625,0,0]
[0.96875,0,0]
[0.975,0,0]
[0.98125,0,0]
[0.9875,0,0]
[0.99375,0,0]
[1,0,0]
[1.00625,0,0]
[1.0125,0,0]
[1.01875,0,0]
[1.025,0,0]
[1.03125,0,0]
[1.0375,0,0]
[1.04375,0,0]
[1.05,0,0]
[1.05625,0,0]
[1.0625,0,0]
[1.06875,0,0]
[1.075,0,0]
[1.08125,0,0]
[1.0875,0,0]
[1.09375,0,0]
[1.1,0,0]
[1.10625,0,0]
[1.1125,0,0]
[1.11875,0,0]
[1.125,0,0]
[1.13125,0,0]
[1.1375,0,0]
[1.14375,0,0]
[1.15,0,0]
[1.15625,0,0]
[1.1625,0,0]
[1.16875,0,0]
[1.175,0,0]
[1.18125,0,0]
[1.1875,0,0]
[1.19375,0,0]
[1.2,0,0]
[1.20625,0,0]
[1.2125,0,0]
[1.21875,0,0]
[1.225,0,0]
[1.23125,0,0]
[1.2375,0,0]
[1.24375,0,0]
[1.25,0,0]
[1.25625,0,0]
[1.2625,0,0]
[1.26875,0,0]
[1.275,0,0]
[1.28125,0,0]
[1.2875,0,0]
[1.29375,0,0]
[1.3,0,0]
[1.30625,0,0]
[1.3125,0,0]
[1.31875,0,0]
[1.325,0,0]
[1.33125,0,0]
[1.3375,0,0]
[1.34375,0,0]
[1.35,0,0]
[1.35625,0,0]
[1.3625,0,0]
[1.36875,0,0]
[1.375,0,0]
[1.38125,0,0]
[1.3875,0,0]
[1.39375,0,0]
[1.4,0,0]
[1.40625,0,0]
[1.4125,0,0]
[1.41875,0,0]
[1.425,0,0]
[1.43125,0,0]
[1.4375,0,0]
[1.44375,0,0]
[1.45,0,0]
[1.45625,0,0]
[1.4625,0,0]
[1.46875,0,0]
[1.475,0,0]
[1.48125,0,0]
[1.4875,0,0]
[1.49375,0,0]
[1.5,0,0]
[1.50625,0,0]
[1.5125,0,0]
[1.51875,0,0]
[1.525,0,0]
[1.53125,0,0]
[1.5375,0,0]
[1.54375,0,0]
[1.55,0,0]
[1.55625,0,0]
[1.5625,0,0]
[1.56875,0,0]
[1.575,0,0]
[1.58125,0,0]
[1.5875,0,0]
[1.59375,0,0]
[1.6,0,0]
[1.60625,0,0]
[1.6125,0,0]
[1.61875,0,0]
[1.625,0,0]
[1.63125,0,0]
[1.6375,0,0]
[1.64375,0,0]
[1.65,0,0]
[1.65625,0,0]
[1.6625,0,0]
[1.66875,0,0]
[1.675,0,0]
[1.68125,0,0]
[1.6875,0,0]
[1.69375,0,0]
[1.7,0,0]
[1.70625,0,0]
[1.7125,0,0]
[1.71875,0,0]
[1.725,0,0]
[1.73125,0,0]
[1.7375,0,0]
[1.74375,0,0]
[1.75,0,0]
[1.75625,0,0]
[1.7625,0,0]
[1.76875,0,0]
[1.775,0,0]
[1.78125,0,0]
[1.7875,0,0]
[1.79375,0,0]
[1.8,0,0]
[1.80625,0,0]
[1.8125,0,0]
[1.81875,0,0]
[1.825,0,0]
[1.83125,0,0]
[1.8375,0,0]
[1.84375,0,0]
[1.85,0,0]
[1.85625,0,0]
[1.8625,0,0]
[1.86875,0,0]
[1.875,0,0]
[1.88125,0,0]
[1.8875,0,0]
[1.89375,0,0]
[1.9,0,0]
[1.90625,0,0]
[1.9125,0,0]
[1.91875,0,0]
[1.925,0,0]
[1.93125,0,0]
[1.9375,0,0]
[1.94375,0,0]
[1.95,0,0]
[1.95625,0,0]
[1.9625,0,0]
[1.96875,0,0]
[1.975,0,0]
[1.98125,0,0]
[1.9875,0,0]
[1.99375,0,0]
[2,0,0]
[2.00625,0,0]
[2.0125,0,0]
[2.01875,0,0]
[2.025,0,0]
[2.03125,0,0]
[2.0375,0,0]
[2.04375,0,0]
[2.05,0,0]
[2.05625,0,0]
[2.0625,0,0]
[2.06875,0,0]
[2.075,0,0]
[2.08125,0,0]
[2.0875,0,0]
[2.09375,0,0]
[2.1,0,0]
[2.10625,0,0]
[2.1125,0,0]
[2.11875,0,0]
[2.125,0,0]
[2.13125,0,0]
[2.1375,0,0]
[2.14375,0,0]
[2.15,0,0]
[2.15625,0,0]
[2.1625,0,0]
[2.16875,0,0]
[2.175,0,0]
[2.18125,0,0]
[2.1875,0,0]
[2.19375,0,0]
[2.2,0,0]
[2.20625,0,0]
[2.2125,0,0]
[2.21875,0,0]
[2.225,0,0]
[2.23125,0,0]
[2.2375,0,0]
[2.24375,0,0]
[2.25,0,0]
[2.25625,0,0]
[2.2625,0,0]
[2.26875,0,0]
[2.275,0,0]
[2.28125,0,0]
[2.2875,0,0]
[2.29375,0,0]
[2.3,0,0]
[2.30625,0,0]
[2.3125,0,0]
[2.31875,0,0]
[2.325,0,0]
[2.33125,0,0]
[2.3375,0,0]
[2.34375,0,0]
[2.35,0,0]
[2.35625,0,0]
[2.3625,0,0]
[2.36875,0,0]
[2.375,0,0]
[2.38125,0,0]
[2.3875,0,0]
[2.39375,0,0]
[2.4,0,0]
[2.40625,0,0]
[2.4125,0,0]
[2.41875,0,0]
[2.425,0,0]
[2.43125,0,0]
[2.4375,0,0]
[2.44375,0,0]
[2.45,0,0]
[2.45625,0,0]
[2.4625,0,0]
[2.46875,0,0]
[2.475,0,0]
[2.48125,0,0]
[2.4875,0,0]
[2.49375,0,0]
[2.5,0,0]
[2.50625,0,0]
[2.5125,0,0]
[2.51875,0,0]
[2.525,0,0]
[2.53125,0,0]
[2.5375,0,0]
[2.54375,0,0]
[2.55,0,0]
[2.55625,0,0]
[2.5625,0,0]
[2.56875,0,0]
[2.575,0,0]
[2.58125,0,0]
[2.5875,0,0]
[2.59375,0,0]
[2.6,0,0]
[2.60625,0,0]
[2.6125,0,0]
[2.61875,0,0]
[2.625,0,0]
[2.63125,0,0]
[2.6375,0,0]
[2.64375,0,0]
[2.65,0,0]
[2.65625,0,0]
[2.6625,0,0]
[2.66875,0,0]
[2.675,0,0]
[2.68125,0,0]
[2.6875,0,0]
[2.69375,0,0]
[2.7,0,0]
[2.70625,0,0]
[2.7125,0,0]
[2.71875,0,0]
[2.725,0,0]
[2.73125,0,0]
[2.7375,0,0]
[2.74375,0,0]
[2.75,0,0]
[2.75625,0,0]
[2.7625,0,0]
[2.76875,0,0]
[2.775,0,0]
[2.78125,0,0]
[2.7875,0,0]
[2.79375,0,0]
[2.8,0,0]
[2.80625,0,0]
[2.8125,0,0]
[2.81875,0,0]
[2.825,0,0]
[2.83125,0,0]
[2.8375,0,0]
[2.84375,0,0]
[2.85,0,0]
[2.85625,0,0]
[2.8625,0,0]
[2.86875,0,0]
[2.875,0,0]
[2.88125,0,0]
[2.8875,0,0]
[2.89375,0,0]
[2.9,0,0]
[2.90625,0,0]
[2.9125,0,0]
[2.91875,0,0]
[2.925,0,0]
[2.93125,0,0]
[2.9375,0,0]
[2.94375,0,0]
[2.95,0,0]
[2.95625,0,0]
[2.9625,0,0]
[2.96875,0,0]
[2.975,0,0]
[2.98125,0,0]
[2.9875,0,0]
[2.99375,0,0]
[3,0,0]
[1,0,0,0]
[1,0,0,0]
[1,0,0,0]
[1,0,0,0]
[1,0,0,0]
[1,0,0,0]
[1,0,0,0]
[1,0,0,0]
[1,0,0,0]
[1,0,0,0]
[1,0,0,0]
[1,0,0,0]
[1,0,0,0]
[1,0,0,0]
[1,0,0,0]
[1,0,0,0]
[1,0,0,0]
[1,0,0,0]
[1,0,0,0]
[1,0,0,0]
[1,0,0,0]
[1,0,0,0]
[1,0,0,0]
[1,0,0,0]
[1,0,0,0]
[1,0,0,0]
[1,0,0,0]
[1,0,0,0]
[1,0,0,0]
[1,0,0,0]
[1,0,0,0]
[1,0,0,0]
[1,0,0,0]
[1,0,0,0]
[1,0,0,0]
[1,0,0,0]
[1,0,0,0]
[1,0,0,0]
[1,0,0,0]
[1,0,0,0]
[1,0,0,0]
[1,0,0,0]
[1,0,0,0]
[1,0,0,0]
[1,0,0,0]
[1,0,0,0]
[1,0,0,0]
[1,0,0,0]
[1,0,0,0]
[1,0,0,0]
[1,0,0,0]
[1,0,0,0]
[1,0,0,0]
[1,0,0,0]
[1,0,0,0]
[1,0,0,0]
[1,0,0,0]
[1,0,0,0]
[1,0,0,0]
[1,0,0,0]
[1,0,0,0]
[1,0,0,0]
[1,0,0,0]
[1,0,0,0]
[1,0,0,0]
[1,0,0,0]
[1,0,0,0]
[1,0,0,0]
[1,0,0,0]
[1,0,0,0]
[1,0,0,0]
[1,0,0,0]
[1,0,0,0]
[1,0,0,0]
[1,0,0,0]
[1,0,0,0]
[1,0,0,0]
[1,0,0,0]
[1,0,0,0]
[1,0,0,0]
[1,0,0,0]
[1,0,0,0]
[1,0,0,0]
[1,0,0,0]
[1,0,0,0]
[1,0,0,0]
[1,0,0,0]
[1,0,0,0]
[1,0,0,0]
[1,0,0,0]
[1,0,0,0]
[1,0,0,0]
[1,0,0,0]
[1,0,0,0]
[1,0,0,0]
[1,0,0,0]
[1,0,0,0]
[1,0,0,0]
[1,0,0,0]
[1,0,0,0]
[1,0,0,0]
[1,0,0,0]
[1,0,0,0]
[1,0,0,0]
[1,0,0,0]
[1,0,0,0]
[1,0,0,0]
[1,0,0,0]
[1,0,0,0]
[1,0,0,0]
[1,0,0,0]
[1,0,0,0]
[1,0,0,0]
[1,0,0,0]
[1,0,0,0]
[1,0,0,0]
[1,0,0,0]
[1,0,0,0]
[1,0,0,0]
[1,0,0,0]
[1,0,0,0]
[1,0,0,0]
[1,0,0,0]
[1,0,0,0]
[1,0,0,0]
[1,0,0,0]
[1,0,0,0]
[1,0,0,0]
[1,0,0,0]
[1,0,0,0]
[1,0,0,0]
[1,0,0,0]
[1,0,0,0]
[1,0,0,0]
[1,0,0,0]
[1,0,0,0]
[1,0,0,0]
[1,0,0,0]
[1,0,0,0]
[1,0,0,0]
[1,0,0,0]
[1,0,0,0]
[1,0,0,0]
[1,0,0,0]
[1,0,0,0]
[1,0,0,0]
[1,0,0,0]
[1,0,0,0]
[1,0,0,0]
[1,0,0,0]
[1,0,0,0]
[1,0,0,0]
[1,0,0,0]
[1,0,0,0]
[1,0,0,0]
[1,0,0,0]
[1,0,0,0]
[1,0,0,0]
[1,0,0,0]
[1,0,0,0]
[1,0,0,0]
[1,0,0,0]
[1,0,0,0]
[1,0,0,0]
[1,0,0,0]
[1,0,0,0]
[1,0,0,0]
[1,0,0,0]
[1,0,0,0]
[1,0,0,0]
[1,0,0,0]
[1,0,0,0]
[1,0,0,0]
[1,0,0,0]
[1,0,0,0]
[1,0,0,0]
[1,0,0,0]
[1,0,0,0]
[1,0,0,0]
[1,0,0,0]
[1,0,0,0]
[1,0,0,0]
[1,0,0,0]
[1,0,0,0]
[1,0,0,0]
[1,0,0,0]
[1,0,0,0]
[1,0,0,0]
[1,0,0,0]
[1,0,0,0]
[1,0,0,0]
[1,0,0,0]
[1,0,0,0]
[1,0,0,0]
[1,0,0,0]
[1,0,0,0]
[1,0,0,0]
[1,0,0,0]
[1,0,0,0]
[1,0,0,0]
[1,0,0,0]
[1,0,0,0]
[1,0,0,0]
[1,0,0,0]
[1,0,0,0]
[1,0,0,0]
[1,0,0,0]
[1,0,0,0]
[1,0,0,0]
[1,0,0,0]
[1,0,0,0]
[1,0,0,0]
[1,0,0,0]
[1,0,0,0]
[1,0,0,0]
[1,0,0,0]
[1,0,0,0]
[1,0,0,0]
[1,0,0,0]
[1,0,0,0]
[1,0,0,0]
[1,0,0,0]
[1,0,0,0]
[1,0,0,0]
[1,0,0,0]
[1,0,0,0]
[1,0,0,0]
[1,0,0,0]
[1,0,0,0]
[1,0,0,0]
[1,0,0,0]
[1,0,0,0]
[1,0,0,0]
[1,0,0,0]
[1,0,0,0]
[1,0,0,0]
[1,0,0,0]
[1,0,0,0]
[1,0,0,0]
[1,0,0,0]
[1,0,0,0]
[1,0,0,0]
[1,0,0,0]
[1,0,0,0]
[1,0,0,0]
[1,0,0,0]
[1,0,0,0]
[1,0,0,0]
[1,0,0,0]
[1,0,0,0]
[1,0,0,0]
[1,0,0,0]
[1,0,0,0]
[1,0,0,0]
[1,0,0,0]
[1,0,0,0]
[1,0,0,0]
[1,0,0,0]
[1,0,0,0]
[1,0,0,0]
[1,0,0,0]
[1,0,0,0]
[1,0,0,0]
[1,0,0,0]
[1,0,0,0]
[1,0,0,0]
[1,0,0,0]
[1,0,0,0]
[1,0,0,0]
[1,0,0,0]
[1,0,0,0]
[1,0,0,0]
[1,0,0,0]
[1,0,0,0]
[1,0,0,0]
[1,0,0,0]
[1,0,0,0]
[1,0,0,0]
[1,0,0,0]
[1,0,0,0]
[1,0,0,0]
[1,0,0,0]
[1,0,0,0]
[1,0,0,0]
[1,0,0,0]
[1,0,0,0]
[1,0,0,0]
[1,0,0,0]
[1,0,0,0]
[1,0,0,0]
[1,0,0,0]
[1,0,0,0]
[1,0,0,0]
[1,0,0,0]
[1,0,0,0]
[1,0,0,0]
[1,0,0,0]
[1,0,0,0]
[1,0,0,0]
[1,0,0,0]
[1,0,0,0]
[1,0,0,0]
[1,0,0,0]
[1,0,0,0]
[1,0,0,0]
[1,0,0,0]
[1,0,0,0]
[1,0,0,0]
[1,0,0,0]
[1,0,0,0]
[1,0,0,0]
[1,0,0,0]
[1,0,0,0]
[1,0,0,0]
[1,0,0,0]
[1,0,0,0]
[1,0,0,0]
[1,0,0,0]
[1,0,0,0]
[1,0,0,0]
[1,0,0,0]
[1,0,0,0]
[1,0,0,0]
[1,0,0,0]
[1,0,0,0]
[1,0,0,0]
[1,0,0,0]
[1,0,0,0]
[1,0,0,0]
[1,0,0,0]
[1,0,0,0]
[1,0,0,0]
[1,0,0,0]
[1,0,0,0]
[1,0,0,0]
[1,0,0,0]
[1,0,0,0]
[1,0,0,0]
[1,0,0,0]
[1,0,0,0]
[1,0,0,0]
[1,0,0,0]
[1,0,0,0]
[1,0,0,0]
[1,0,0,0]
[1,0,0,0]
[1,0,0,0]
[1,0,0,0]
[1,0,0,0]
[1,0,0,0]
[1,0,0,0]
[1,0,0,0]
[1,0,0,0]
[1,0,0,0]
[1,0,0,0]
[1,0,0,0]
[1,0,0,0]
[1,0,0,0]
[1,0,0,0]
[1,0,0,0]
[1,0,0,0]
[1,0,0,0]
[1,0,0,0]
[1,0,0,0]
[1,0,0,0]
[1,0,0,0]
[1,0,0,0]
[1,0,0,0]
[1,0,0,0]
[1,0,0,0]
[1,0,0,0]
[1,0,0,0]
[1,0,0,0]
[1,0,0,0]
[1,0,0,0]
[1,0,0,0]
[1,0,0,0]
[1,0,0,0]
[1,0,0,0]
[1,0,0,0]
[1,0,0,0]
[1,0,0,0]
[1,0,0,0]
[1,0,0,0]
[1,0,0,0]
[1,0,0,0]
[1,0,0,0]
[1,0,0,0]
[1,0,0,0]
[1,0,0,0]
[1,0,0,0]
[1,0,0,0]
[1,0,0,0]
[1,0,0,0]
[1,0,0,0]
[1,0,0,0]
[1,0,0,0]
[1,0,0,0]
[1,0,0,0]
[1,0,0,0]
[1,0,0,0]
[1,0,0,0]
[1,0,0,0]
[1,0,0,0]
[1,0,0,0]
[1,0,0,0]
[1,0,0,0]
[1,0,0,0]
[1,0,0,0]
[1,0,0,0]
[1,0,0,0]
[1,0,0,0]
[1,0,0,0]
[1,0,0,0]
[1,0,0,0]
[1,0,0,0]
[1,0,0,0]
[1,0,0,0]
[1,0,0,0]
[1,0,0,0]
[1,0,0,0]
[1,0,0,0]
[1,0,0,0]
[1,0,0,0]
[1,0,0,0]
[1,0,0,0]
[1,0,0,0]
[1,0,0,0]
[1,0,0,0]
[1,0,0,0]
[1,0,0,0]
[1,0,0,0]
[1,0,0,0]
[1,0,0,0]
[1,0,0,0]
[1,0,0,0]
[1,0,0,0]
[1,0,0,0]
[1,0,0,0]
[1,0,0,0]
[1,0,0,0]
[1,0,0,0]
[1,0,0,0]
[1,0,0,0]
[1,0,0,0]
[1,0,0,0]
[1,0,0,0]
[1,0,0,0]
[1,0,0,0]
[1,0,0,0]
[1,0,0,0]
[1,0,0,0]
[1,0,0,0]
[1,0,0,0]
[1,0,0,0]
[1,0,0,0]
[1,0,0,0]
[1,0,0,0]
[1,0,0,0]
[1,0,0,0]
[1,0,0,0]
[1,0,0,0]
[1,0,0,0]
[1,0,0,0]
[1,0,0,0]
[1,0,0,0]
[1,0,0,0]
[1,0,0,0]
[1,0,0,0]
[1,0,0,0]
[1,0,0,0]
[1,0,0,0]
[1,0,0,0]
[1,0,0,0]
[1,0,0,0]
[1,0,0,0]
[1,0,0,0]
[1,0,0,0]
[1,0,0,0]
[1,0,0,0]
