570
10
[0.00526316,0,0]
[0.0105263,0,0]
[0.0157895,0,0]
[0.0210526,0,0]
[0.0263158,0,0]
[0.0315789,0,0]
[0.0368421,0,0]
[0.0421053,0,0]
[0.0473684,0,0]
[0.0526316,0,0]
[0.0578947,0,0]
[0.0631579,0,0]
[0.0684211,0,0]
[0.0736842,0,0]
[0.0789474,0,0]
[0.0842105,0,0]
[0.0894737,0,0]
[0.0947368,0,0]
[0.1,0,0]
[0.105263,0,0]
[0.110526,0,0]
[0.115789,0,0]
[0.121053,0,0]
[0.126316,0,0]
[0.131579,0,0]
[0.136842,0,0]
[0.142105,0,0]
[0.147368,0,0]
[0.152632,0,0]
[0.157895,0,0]
[0.163158,0,0]
[0.168421,0,0]
[0.173684,0,0]
[0.178947,0,0]
[0.184211,0,0]
[0.189474,0,0]
[0.194737,0,0]
[0.2,0,0]
[0.205263,0,0]
[0.210526,0,0]
[0.215789,0,0]
[0.221053,0,0]
[0.226316,0,0]
[0.231579,0,0]
[0.236842,0,0]
[0.242105,0,0]
[0.247368,0,0]
[0.252632,0,0]
[0.257895,0,0]
[0.263158,0,0]
[0.268421,0,0]
[0.273684,0,0]
[0.278947,0,0]
[0.284211,0,0]
[0.289474,0,0]
[0.294737,0,0]
[0.3,0,0]
[0.305263,0,0]
[0.310526,0,0]
[0.315789,0,0]
[0.321053,0,0]
[0.326316,0,0]
[0.331579,0,0]
[0.336842,0,0]
[0.342105,0,0]
[0.347368,0,0]
[0.352632,0,0]
[0.357895,0,0]
[0.363158,0,0]
[0.368421,0,0]
[0.373684,0,0]
[0.378947,0,0]
[0.384211,0,0]
[0.389474,0,0]
[0.394737,0,0]
[0.4,0,0]
[0.405263,0,0]
[0.410526,0,0]
[0.415789,0,0]
[0.421053,0,0]
[0.426316,0,0]
[0.431579,0,0]
[0.436842,0,0]
[0.442105,0,0]
[0.447368,0,0]
[0.452632,0,0]
[0.457895,0,0]
[0.463158,0,0]
[0.468421,0,0]
[0.473684,0,0]
[0.478947,0,0]
[0.484211,0,0]
[0.489474,0,0]
[0.494737,0,0]
[0.5,0,0]
[0.505263,0,0]
[0.510526,0,0]
[0.515789,0,0]
[0.521053,0,0]
[0.526316,0,0]
[0.531579,0,0]
[0.536842,0,0]
[0.542105,0,0]
[0.547368,0,0]
[0.552632,0,0]
[0.557895,0,0]
[0.563158,0,0]
[0.568421,0,0]
[0.573684,0,0]
[0.578947,0,0]
[0.584211,0,0]
[0.589474,0,0]
[0.594737,0,0]
[0.6,0,0]
[0.605263,0,0]
[0.610526,0,0]
[0.615789,0,0]
[0.621053,0,0]
[0.626316,0,0]
[0.631579,0,0]
[0.636842,0,0]
[0.642105,0,0]
[0.647368,0,0]
[0.652632,0,0]
[0.657895,0,0]
[0.663158,0,0]
[0.668421,0,0]
[0.673684,0,0]
[0.678947,0,0]
[0.684211,0,0]
[0.689474,0,0]
[0.694737,0,0]
[0.7,0,0]
[0.705263,0,0]
[0.710526,0,0]
[0.715789,0,0]
[0.721053,0,0]
[0.726316,0,0]
[0.731579,0,0]
[0.736842,0,0]
[0.742105,0,0]
[0.747368,0,0]
[0.752632,0,0]
[0.757895,0,0]
[0.763158,0,0]
[0.768421,0,0]
[0.773684,0,0]
[0.778947,0,0]
[0.784211,0,0]
[0.789474,0,0]
[0.794737,0,0]
[0.8,0,0]
[0.805263,0,0]
[0.810526,0,0]
[0.815789,0,0]
[0.821053,0,0]
[0.826316,0,0]
[0.831579,0,0]
[0.836842,0,0]
[0.842105,0,0]
[0.847368,0,0]
[0.852632,0,0]
[0.857895,0,0]
[0.863158,0,0]
[0.868421,0,0]
[0.873684,0,0]
[0.878947,0,0]
[0.884211,0,0]
[0.889474,0,0]
[0.894737,0,0]
[0.9,0,0]
[0.905263,0,0]
[0.910526,0,0]
[0.915789,0,0]
[0.921053,0,0]
[0.926316,0,0]
[0.931579,0,0]
[0.936842,0,0]
[0.942105,0,0]
[0.947368,0,0]
[0.952632,0,0]
[0.957895,0,0]
[0.963158,0,0]
[0.968421,0,0]
[0.973684,0,0]
[0.978947,0,0]
[0.984211,0,0]
[0.989474,0,0]
[0.994737,0,0]
[1,0,0]
[1.00526,0,0]
[1.01053,0,0]
[1.01579,0,0]
[1.02105,0,0]
[1.02632,0,0]
[1.03158,0,0]
[1.03684,0,0]
[1.04211,0,0]
[1.04737,0,0]
[1.05263,0,0]
[1.05789,0,0]
[1.06316,0,0]
[1.06842,0,0]
[1.07368,0,0]
[1.07895,0,0]
[1.08421,0,0]
[1.08947,0,0]
[1.09474,0,0]
[1.1,0,0]
[1.10526,0,0]
[1.11053,0,0]
[1.11579,0,0]
[1.12105,0,0]
[1.12632,0,0]
[1.13158,0,0]
[1.13684,0,0]
[1.14211,0,0]
[1.14737,0,0]
[1.15263,0,0]
[1.15789,0,0]
[1.16316,0,0]
[1.16842,0,0]
[1.17368,0,0]
[1.17895,0,0]
[1.18421,0,0]
[1.18947,0,0]
[1.19474,0,0]
[1.2,0,0]
[1.20526,0,0]
[1.21053,0,0]
[1.21579,0,0]
[1.22105,0,0]
[1.22632,0,0]
[1.23158,0,0]
[1.23684,0,0]
[1.24211,0,0]
[1.24737,0,0]
[1.25263,0,0]
[1.25789,0,0]
[1.26316,0,0]
[1.26842,0,0]
[1.27368,0,0]
[1.27895,0,0]
[1.28421,0,0]
[1.28947,0,0]
[1.29474,0,0]
[1.3,0,0]
[1.30526,0,0]
[1.31053,0,0]
[1.31579,0,0]
[1.32105,0,0]
[1.32632,0,0]
[1.33158,0,0]
[1.33684,0,0]
[1.34211,0,0]
[1.34737,0,0]
[1.35263,0,0]
[1.35789,0,0]
[1.36316,0,0]
[1.36842,0,0]
[1.37368,0,0]
[1.37895,0,0]
[1.38421,0,0]
[1.38947,0,0]
[1.39474,0,0]
[1.4,0,0]
[1.40526,0,0]
[1.41053,0,0]
[1.41579,0,0]
[1.42105,0,0]
[1.42632,0,0]
[1.43158,0,0]
[1.43684,0,0]
[1.44211,0,0]
[1.44737,0,0]
[1.45263,0,0]
[1.45789,0,0]
[1.46316,0,0]
[1.46842,0,0]
[1.47368,0,0]
[1.47895,0,0]
[1.48421,0,0]
[1.48947,0,0]
[1.49474,0,0]
[1.5,0,0]
[1.50526,0,0]
[1.51053,0,0]
[1.51579,0,0]
[1.52105,0,0]
[1.52632,0,0]
[1.53158,0,0]
[1.53684,0,0]
[1.54211,0,0]
[1.54737,0,0]
[1.55263,0,0]
[1.55789,0,0]
[1.56316,0,0]
[1.56842,0,0]
[1.57368,0,0]
[1.57895,0,0]
[1.58421,0,0]
[1.58947,0,0]
[1.59474,0,0]
[1.6,0,0]
[1.60526,0,0]
[1.61053,0,0]
[1.61579,0,0]
[1.62105,0,0]
[1.62632,0,0]
[1.63158,0,0]
[1.63684,0,0]
[1.64211,0,0]
[1.64737,0,0]
[1.65263,0,0]
[1.65789,0,0]
[1.66316,0,0]
[1.66842,0,0]
[1.67368,0,0]
[1.67895,0,0]
[1.68421,0,0]
[1.68947,0,0]
[1.69474,0,0]
[1.7,0,0]
[1.70526,0,0]
[1.71053,0,0]
[1.71579,0,0]
[1.72105,0,0]
[1.72632,0,0]
[1.73158,0,0]
[1.73684,0,0]
[1.74211,0,0]
[1.74737,0,0]
[1.75263,0,0]
[1.75789,0,0]
[1.76316,0,0]
[1.76842,0,0]
[1.77368,0,0]
[1.77895,0,0]
[1.78421,0,0]
[1.78947,0,0]
[1.79474,0,0]
[1.8,0,0]
[1.80526,0,0]
[1.81053,0,0]
[1.81579,0,0]
[1.82105,0,0]
[1.82632,0,0]
[1.83158,0,0]
[1.83684,0,0]
[1.84211,0,0]
[1.84737,0,0]
[1.85263,0,0]
[1.85789,0,0]
[1.86316,0,0]
[1.86842,0,0]
[1.87368,0,0]
[1.87895,0,0]
[1.88421,0,0]
[1.88947,0,0]
[1.89474,0,0]
[1.9,0,0]
[1.90526,0,0]
[1.91053,0,0]
[1.91579,0,0]
[1.92105,0,0]
[1.92632,0,0]
[1.93158,0,0]
[1.93684,0,0]
[1.94211,0,0]
[1.94737,0,0]
[1.95263,0,0]
[1.95789,0,0]
[1.96316,0,0]
[1.96842,0,0]
[1.97368,0,0]
[1.97895,0,0]
[1.98421,0,0]
[1.98947,0,0]
[1.99474,0,0]
[2,0,0]
[2.00526,0,0]
[2.01053,0,0]
[2.01579,0,0]
[2.02105,0,0]
[2.02632,0,0]
[2.03158,0,0]
[2.03684,0,0]
[2.04211,0,0]
[2.04737,0,0]
[2.05263,0,0]
[2.05789,0,0]
[2.06316,0,0]
[2.06842,0,0]
[2.07368,0,0]
[2.07895,0,0]
[2.08421,0,0]
[2.08947,0,0]
[2.09474,0,0]
[2.1,0,0]
[2.10526,0,0]
[2.11053,0,0]
[2.11579,0,0]
[2.12105,0,0]
[2.12632,0,0]
[2.13158,0,0]
[2.13684,0,0]
[2.14211,0,0]
[2.14737,0,0]
[2.15263,0,0]
[2.15789,0,0]
[2.16316,0,0]
[2.16842,0,0]
[2.17368,0,0]
[2.17895,0,0]
[2.18421,0,0]
[2.18947,0,0]
[2.19474,0,0]
[2.2,0,0]
[2.20526,0,0]
[2.21053,0,0]
[2.21579,0,0]
[2.22105,0,0]
[2.22632,0,0]
[2.23158,0,0]
[2.23684,0,0]
[2.24211,0,0]
[2.24737,0,0]
[2.25263,0,0]
[2.25789,0,0]
[2.26316,0,0]
[2.26842,0,0]
[2.27368,0,0]
[2.27895,0,0]
[2.28421,0,0]
[2.28947,0,0]
[2.29474,0,0]
[2.3,0,0]
[2.30526,0,0]
[2.31053,0,0]
[2.31579,0,0]
[2.32105,0,0]
[2.32632,0,0]
[2.33158,0,0]
[2.33684,0,0]
[2.34211,0,0]
[2.34737,0,0]
[2.35263,0,0]
[2.35789,0,0]
[2.36316,0,0]
[2.36842,0,0]
[2.37368,0,0]
[2.37895,0,0]
[2.38421,0,0]
[2.38947,0,0]
[2.39474,0,0]
[2.4,0,0]
[2.40526,0,0]
[2.41053,0,0]
[2.41579,0,0]
[2.42105,0,0]
[2.42632,0,0]
[2.43158,0,0]
[2.43684,0,0]
[2.44211,0,0]
[2.44737,0,0]
[2.45263,0,0]
[2.45789,0,0]
[2.46316,0,0]
[2.46842,0,0]
[2.47368,0,0]
[2.47895,0,0]
[2.48421,0,0]
[2.48947,0,0]
[2.49474,0,0]
[2.5,0,0]
[2.50526,0,0]
[2.51053,0,0]
[2.51579,0,0]
[2.52105,0,0]
[2.52632,0,0]
[2.53158,0,0]
[2.53684,0,0]
[2.54211,0,0]
[2.54737,0,0]
[2.55263,0,0]
[2.55789,0,0]
[2.56316,0,0]
[2.56842,0,0]
[2.57368,0,0]
[2.57895,0,0]
[2.58421,0,0]
[2.58947,0,0]
[2.59474,0,0]
[2.6,0,0]
[2.60526,0,0]
[2.61053,0,0]
[2.61579,0,0]
[2.62105,0,0]
[2.62632,0,0]
[2.63158,0,0]
[2.63684,0,0]
[2.64211,0,0]
[2.64737,0,0]
[2.65263,0,0]
[2.65789,0,0]
[2.66316,0,0]
[2.66842,0,0]
[2.67368,0,0]
[2.67895,0,0]
[2.68421,0,0]
[2.68947,0,0]
[2.69474,0,0]
[2.7,0,0]
[2.70526,0,0]
[2.71053,0,0]
[2.71579,0,0]
[2.72105,0,0]
[2.72632,0,0]
[2.73158,0,0]
[2.73684,0,0]
[2.74211,0,0]
[2.74737,0,0]
[2.75263,0,0]
[2.75789,0,0]
[2.76316,0,0]
[2.76842,0,0]
[2.77368,0,0]
[2.77895,0,0]
[2.78421,0,0]
[2.78947,0,0]
[2.79474,0,0]
[2.8,0,0]
[2.80526,0,0]
[2.81053,0,0]
[2.81579,0,0]
[2.82105,0,0]
[2.82632,0,0]
[2.83158,0,0]
[2.83684,0,0]
[2.84211,0,0]
[2.84737,0,0]
[2.85263,0,0]
[2.85789,0,0]
[2.86316,0,0]
[2.86842,0,0]
[2.87368,0,0]
[2.87895,0,0]
[2.88421,0,0]
[2.88947,0,0]
[2.89474,0,0]
[2.9,0,0]
[2.90526,0,0]
[2.91053,0,0]
[2.91579,0,0]
[2.92105,0,0]
[2.92632,0,0]
[2.93158,0,0]
[2.93684,0,0]
[2.94211,0,0]
[2.94737,0,0]
[2.95263,0,0]
[2.95789,0,0]
[2.96316,0,0]
[2.96842,0,0]
[2.97368,0,0]
[2.97895,0,0]
[2.98421,0,0]
[2.98947,0,0]
[2.99474,0,0]
[3,0,0]
[1,0,0,0]
[1,0,0,0]
[1,0,0,0]
[1,0,0,0]
[1,0,0,0]
[1,0,0,0]
[1,0,0,0]
[1,0,0,0]
[1,0,0,0]
[1,0,0,0]
[1,0,0,0]
[1,0,0,0]
[1,0,0,0]
[1,0,0,0]
[1,0,0,0]
[1,0,0,0]
[1,0,0,0]
[1,0,0,0]
[1,0,0,0]
[1,0,0,0]
[1,0,0,0]
[1,0,0,0]
[1,0,0,0]
[1,0,0,0]
[1,0,0,0]
[1,0,0,0]
[1,0,0,0]
[1,0,0,0]
[1,0,0,0]
[1,0,0,0]
[1,0,0,0]
[1,0,0,0]
[1,0,0,0]
[1,0,0,0]
[1,0,0,0]
[1,0,0,0]
[1,0,0,0]
[1,0,0,0]
[1,0,0,0]
[1,0,0,0]
[1,0,0,0]
[1,0,0,0]
[1,0,0,0]
[1,0,0,0]
[1,0,0,0]
[1,0,0,0]
[1,0,0,0]
[1,0,0,0]
[1,0,0,0]
[1,0,0,0]
[1,0,0,0]
[1,0,0,0]
[1,0,0,0]
[1,0,0,0]
[1,0,0,0]
[1,0,0,0]
[1,0,0,0]
[1,0,0,0]
[1,0,0,0]
[1,0,0,0]
[1,0,0,0]
[1,0,0,0]
[1,0,0,0]
[1,0,0,0]
[1,0,0,0]
[1,0,0,0]
[1,0,0,0]
[1,0,0,0]
[1,0,0,0]
[1,0,0,0]
[1,0,0,0]
[1,0,0,0]
[1,0,0,0]
[1,0,0,0]
[1,0,0,0]
[1,0,0,0]
[1,0,0,0]
[1,0,0,0]
[1,0,0,0]
[1,0,0,0]
[1,0,0,0]
[1,0,0,0]
[1,0,0,0]
[1,0,0,0]
[1,0,0,0]
[1,0,0,0]
[1,0,0,0]
[1,0,0,0]
[1,0,0,0]
[1,0,0,0]
[1,0,0,0]
[1,0,0,0]
[1,0,0,0]
[1,0,0,0]
[1,0,0,0]
[1,0,0,0]
[1,0,0,0]
[1,0,0,0]
[1,0,0,0]
[1,0,0,0]
[1,0,0,0]
[1,0,0,0]
[1,0,0,0]
[1,0,0,0]
[1,0,0,0]
[1,0,0,0]
[1,0,0,0]
[1,0,0,0]
[1,0,0,0]
[1,0,0,0]
[1,0,0,0]
[1,0,0,0]
[1,0,0,0]
[1,0,0,0]
[1,0,0,0]
[1,0,0,0]
[1,0,0,0]
[1,0,0,0]
[1,0,0,0]
[1,0,0,0]
[1,0,0,0]
[1,0,0,0]
[1,0,0,0]
[1,0,0,0]
[1,0,0,0]
[1,0,0,0]
[1,0,0,0]
[1,0,0,0]
[1,0,0,0]
[1,0,0,0]
[1,0,0,0]
[1,0,0,0]
[1,0,0,0]
[1,0,0,0]
[1,0,0,0]
[1,0,0,0]
[1,0,0,0]
[1,0,0,0]
[1,0,0,0]
[1,0,0,0]
[1,0,0,0]
[1,0,0,0]
[1,0,0,0]
[1,0,0,0]
[1,0,0,0]
[1,0,0,0]
[1,0,0,0]
[1,0,0,0]
[1,0,0,0]
[1,0,0,0]
[1,0,0,0]
[1,0,0,0]
[1,0,0,0]
[1,0,0,0]
[1,0,0,0]
[1,0,0,0]
[1,0,0,0]
[1,0,0,0]
[1,0,0,0]
[1,0,0,0]
[1,0,0,0]
[1,0,0,0]
[1,0,0,0]
[1,0,0,0]
[1,0,0,0]
[1,0,0,0]
[1,0,0,0]
[1,0,0,0]
[1,0,0,0]
[1,0,0,0]
[1,0,0,0]
[1,0,0,0]
[1,0,0,0]
[1,0,0,0]
[1,0,0,0]
[1,0,0,0]
[1,0,0,0]
[1,0,0,0]
[1,0,0,0]
[1,0,0,0]
[1,0,0,0]
[1,0,0,0]
[1,0,0,0]
[1,0,0,0]
[1,0,0,0]
[1,0,0,0]
[1,0,0,0]
[1,0,0,0]
[1,0,0,0]
[1,0,0,0]
[1,0,0,0]
[1,0,0,0]
[1,0,0,0]
[1,0,0,0]
[1,0,0,0]
[1,0,0,0]
[1,0,0,0]
[1,0,0,0]
[1,0,0,0]
[1,0,0,0]
[1,0,0,0]
[1,0,0,0]
[1,0,0,0]
[1,0,0,0]
[1,0,0,0]
[1,0,0,0]
[1,0,0,0]
[1,0,0,0]
[1,0,0,0]
[1,0,0,0]
[1,0,0,0]
[1,0,0,0]
[1,0,0,0]
[1,0,0,0]
[1,0,0,0]
[1,0,0,0]
[1,0,0,0]
[1,0,0,0]
[1,0,0,0]
[1,0,0,0]
[1,0,0,0]
[1,0,0,0]
[1,0,0,0]
[1,0,0,0]
[1,0,0,0]
[1,0,0,0]
[1,0,0,0]
[1,0,0,0]
[1,0,0,0]
[1,0,0,0]
[1,0,0,0]
[1,0,0,0]
[1,0,0,0]
[1,0,0,0]
[1,0,0,0]
[1,0,0,0]
[1,0,0,0]
[1,0,0,0]
[1,0,0,0]
[1,0,0,0]
[1,0,0,0]
[1,0,0,0]
[1,0,0,0]
[1,0,0,0]
[1,0,0,0]
[1,0,0,0]
[1,0,0,0]
[1,0,0,0]
[1,0,0,0]
[1,0,0,0]
[1,0,0,0]
[1,0,0,0]
[1,0,0,0]
[1,0,0,0]
[1,0,0,0]
[1,0,0,0]
[1,0,0,0]
[1,0,0,0]
[1,0,0,0]
[1,0,0,0]
[1,0,0,0]
[1,0,0,0]
[1,0,0,0]
[1,0,0,0]
[1,0,0,0]
[1,0,0,0]
[1,0,0,0]
[1,0,0,0]
[1,0,0,0]
[1,0,0,0]
[1,0,0,0]
[1,0,0,0]
[1,0,0,0]
[1,0,0,0]
[1,0,0,0]
[1,0,0,0]
[1,0,0,0]
[1,0,0,0]
[1,0,0,0]
[1,0,0,0]
[1,0,0,0]
[1,0,0,0]
[1,0,0,0]
[1,0,0,0]
[1,0,0,0]
[1,0,0,0]
[1,0,0,0]
[1,0,0,0]
[1,0,0,0]
[1,0,0,0]
[1,0,0,0]
[1,0,0,0]
[1,0,0,0]
[1,0,0,0]
[1,0,0,0]
[1,0,0,0]
[1,0,0,0]
[1,0,0,0]
[1,0,0,0]
[1,0,0,0]
[1,0,0,0]
[1,0,0,0]
[1,0,0,0]
[1,0,0,0]
[1,0,0,0]
[1,0,0,0]
[1,0,0,0]
[1,0,0,0]
[1,0,0,0]
[1,0,0,0]
[1,0,0,0]
[1,0,0,0]
[1,0,0,0]
[1,0,0,0]
[1,0,0,0]
[1,0,0,0]
[1,0,0,0]
[1,0,0,0]
[1,0,0,0]
[1,0,0,0]
[1,0,0,0]
[1,0,0,0]
[1,0,0,0]
[1,0,0,0]
[1,0,0,0]
[1,0,0,0]
[1,0,0,0]
[1,0,0,0]
[1,0,0,0]
[1,0,0,0]
[1,0,0,0]
[1,0,0,0]
[1,0,0,0]
[1,0,0,0]
[1,0,0,0]
[1,0,0,0]
[1,0,0,0]
[1,0,0,0]
[1,0,0,0]
[1,0,0,0]
[1,0,0,0]
[1,0,0,0]
[1,0,0,0]
[1,0,0,0]
[1,0,0,0]
[1,0,0,0]
[1,0,0,0]
[1,0,0,0]
[1,0,0,0]
[1,0,0,0]
[1,0,0,0]
[1,0,0,0]
[1,0,0,0]
[1,0,0,0]
[1,0,0,0]
[1,0,0,0]
[1,0,0,0]
[1,0,0,0]
[1,0,0,0]
[1,0,0,0]
[1,0,0,0]
[1,0,0,0]
[1,0,0,0]
[1,0,0,0]
[1,0,0,0]
[1,0,0,0]
[1,0,0,0]
[1,0,0,0]
[1,0,0,0]
[1,0,0,0]
[1,0,0,0]
[1,0,0,0]
[1,0,0,0]
[1,0,0,0]
[1,0,0,0]
[1,0,0,0]
[1,0,0,0]
[1,0,0,0]
[1,0,0,0]
[1,0,0,0]
[1,0,0,0]
[1,0,0,0]
[1,0,0,0]
[1,0,0,0]
[1,0,0,0]
[1,0,0,0]
[1,0,0,0]
[1,0,0,0]
[1,0,0,0]
[1,0,0,0]
[1,0,0,0]
[1,0,0,0]
[1,0,0,0]
[1,0,0,0]
[1,0,0,0]
[1,0,0,0]
[1,0,0,0]
[1,0,0,0]
[1,0,0,0]
[1,0,0,0]
[1,0,0,0]
[1,0,0,0]
[1,0,0,0]
[1,0,0,0]
[1,0,0,0]
[1,0,0,0]
[1,0,0,0]
[1,0,0,0]
[1,0,0,0]
[1,0,0,0]
[1,0,0,0]
[1,0,0,0]
[1,0,0,0]
[1,0,0,0]
[1,0,0,0]
[1,0,0,0]
[1,0,0,0]
[1,0,0,0]
[1,0,0,0]
[1,0,0,0]
[1,0,0,0]
[1,0,0,0]
[1,0,0,0]
[1,0,0,0]
[1,0,0,0]
[1,0,0,0]
[1,0,0,0]
[1,0,0,0]
[1,0,0,0]
[1,0,0,0]
[1,0,0,0]
[1,0,0,0]
[1,0,0,0]
[1,0,0,0]
[1,0,0,0]
[1,0,0,0]
[1,0,0,0]
[1,0,0,0]
[1,0,0,0]
[1,0,0,0]
[1,0,0,0]
[1,0,0,0]
[1,0,0,0]
[1,0,0,0]
[1,0,0,0]
[1,0,0,0]
[1,0,0,0]
[1,0,0,0]
[1,0,0,0]
[1,0,0,0]
[1,0,0,0]
[1,0,0,0]
[1,0,0,0]
[1,0,0,0]
[1,0,0,0]
[1,0,0,0]
[1,0,0,0]
[1,0,0,0]
[1,0,0,0]
[1,0,0,0]
[1,0,0,0]
[1,0,0,0]
[1,0,0,0]
[1,0,0,0]
[1,0,0,0]
[1,0,0,0]
[1,0,0,0]
[1,0,0,0]
[1,0,0,0]
[1,0,0,0]
[1,0,0,0]
[1,0,0,0]
[1,0,0,0]
[1,0,0,0]
[1,0,0,0]
[1,0,0,0]
[1,0,0,0]
[1,0,0,0]
[1,0,0,0]
[1,0,0,0]
[1,0,0,0]
[1,0,0,0]
[1,0,0,0]
[1,0,0,0]
[1,0,0,0]
[1,0,0,0]
[1,0,0,0]
[1,0,0,0]
[1,0,0,0]
[1,0,0,0]
[1,0,0,0]
[1,0,0,0]
[1,0,0,0]
[1,0,0,0]
[1,0,0,0]
[1,0,0,0]
[1,0,0,0]
[1,0,0,0]
[1,0,0,0]
[1,0,0,0]
[1,0,0,0]
[1,0,0,0]
[1,0,0,0]
[1,0,0,0]
[1,0,0,0]
[1,0,0,0]
[1,0,0,0]
[1,0,0,0]
[1,0,0,0]
[1,0,0,0]
[1,0,0,0]
[1,0,0,0]
[1,0,0,0]
[1,0,0,0]
[1,0,0,0]
[1,0,0,0]
[1,0,0,0]
[1,0,0,0]
[1,0,0,0]
[1,0,0,0]
[1,0,0,0]
[1,0,0,0]
[1,0,0,0]
[1,0,0,0]
[1,0,0,0]
[1,0,0,0]
[1,0,0,0]
[1,0,0,0]
[1,0,0,0]
[1,0,0,0]
[1,0,0,0]
[1,0,0,0]
[1,0,0,0]
[1,0,0,0]
[1,0,0,0]
[1,0,0,0]
[1,0,0,0]
[1,0,0,0]
[1,0,0,0]
[1,0,0,0]
[1,0,0,0]
[1,0,0,0]
[1,0,0,0]
[1,0,0,0]
[1,0,0,0]
[1,0,0,0]
[1,0,0,0]
[1,0,0,0]
[1,0,0,0]
[1,0,0,0]
[1,0,0,0]
[1,0,0,0]
[1,0,0,0]
[1,0,0,0]
[1,0,0,0]
[1,0,0,0]
[1,0,0,0]
[1,0,0,0]
[1,0,0,0]
[1,0,0,0]
[1,0,0,0]
[1,0,0,0]
[1,0,0,0]
[1,0,0,0]
[1,0,0,0]
[1,0,0,0]
[1,0,0,0]
[1,0,0,0]
[1,0,0,0]
[1,0,0,0]
