1130
10
[0.00265487,0,0]
[0.00530973,0,0]
[0.0079646,0,0]
[0.0106195,0,0]
[0.0132743,0,0]
[0.0159292,0,0]
[0.0185841,0,0]
[0.0212389,0,0]
[0.0238938,0,0]
[0.0265487,0,0]
[0.0292035,0,0]
[0.0318584,0,0]
[0.0345133,0,0]
[0.0371681,0,0]
[0.039823,0,0]
[0.0424779,0,0]
[0.0451327,0,0]
[0.0477876,0,0]
[0.0504425,0,0]
[0.0530973,0,0]
[0.0557522,0,0]
[0.0584071,0,0]
[0.0610619,0,0]
[0.0637168,0,0]
[0.0663717,0,0]
[0.0690265,0,0]
[0.0716814,0,0]
[0.0743363,0,0]
[0.0769912,0,0]
[0.079646,0,0]
[0.0823009,0,0]
[0.0849558,0,0]
[0.0876106,0,0]
[0.0902655,0,0]
[0.0929204,0,0]
[0.0955752,0,0]
[0.0982301,0,0]
[0.100885,0,0]
[0.10354,0,0]
[0.106195,0,0]
[0.10885,0,0]
[0.111504,0,0]
[0.114159,0,0]
[0.116814,0,0]
[0.119469,0,0]
[0.122124,0,0]
[0.124779,0,0]
[0.127434,0,0]
[0.130088,0,0]
[0.132743,0,0]
[0.135398,0,0]
[0.138053,0,0]
[0.140708,0,0]
[0.143363,0,0]
[0.146018,0,0]
[0.148673,0,0]
[0.151327,0,0]
[0.153982,0,0]
[0.156637,0,0]
[0.159292,0,0]
[0.161947,0,0]
[0.164602,0,0]
[0.167257,0,0]
[0.169912,0,0]
[0.172566,0,0]
[0.175221,0,0]
[0.177876,0,0]
[0.180531,0,0]
[0.183186,0,0]
[0.185841,0,0]
[0.188496,0,0]
[0.19115,0,0]
[0.193805,0,0]
[0.19646,0,0]
[0.199115,0,0]
[0.20177,0,0]
[0.204425,0,0]
[0.20708,0,0]
[0.209735,0,0]
[0.212389,0,0]
[0.215044,0,0]
[0.217699,0,0]
[0.220354,0,0]
[0.223009,0,0]
[0.225664,0,0]
[0.228319,0,0]
[0.230973,0,0]
[0.233628,0,0]
[0.236283,0,0]
[0.238938,0,0]
[0.241593,0,0]
[0.244248,0,0]
[0.246903,0,0]
[0.249558,0,0]
[0.252212,0,0]
[0.254867,0,0]
[0.257522,0,0]
[0.260177,0,0]
[0.262832,0,0]
[0.265487,0,0]
[0.268142,0,0]
[0.270796,0,0]
[0.273451,0,0]
[0.276106,0,0]
[0.278761,0,0]
[0.281416,0,0]
[0.284071,0,0]
[0.286726,0,0]
[0.289381,0,0]
[0.292035,0,0]
[0.29469,0,0]
[0.297345,0,0]
[0.3,0,0]
[0.302655,0,0]
[0.30531,0,0]
[0.307965,0,0]
[0.310619,0,0]
[0.313274,0,0]
[0.315929,0,0]
[0.318584,0,0]
[0.321239,0,0]
[0.323894,0,0]
[0.326549,0,0]
[0.329204,0,0]
[0.331858,0,0]
[0.334513,0,0]
[0.337168,0,0]
[0.339823,0,0]
[0.342478,0,0]
[0.345133,0,0]
[0.347788,0,0]
[0.350442,0,0]
[0.353097,0,0]
[0.355752,0,0]
[0.358407,0,0]
[0.361062,0,0]
[0.363717,0,0]
[0.366372,0,0]
[0.369027,0,0]
[0.371681,0,0]
[0.374336,0,0]
[0.376991,0,0]
[0.379646,0,0]
[0.382301,0,0]
[0.384956,0,0]
[0.387611,0,0]
[0.390265,0,0]
[0.39292,0,0]
[0.395575,0,0]
[0.39823,0,0]
[0.400885,0,0]
[0.40354,0,0]
[0.406195,0,0]
[0.40885,0,0]
[0.411504,0,0]
[0.414159,0,0]
[0.416814,0,0]
[0.419469,0,0]
[0.422124,0,0]
[0.424779,0,0]
[0.427434,0,0]
[0.430088,0,0]
[0.432743,0,0]
[0.435398,0,0]
[0.438053,0,0]
[0.440708,0,0]
[0.443363,0,0]
[0.446018,0,0]
[0.448673,0,0]
[0.451327,0,0]
[0.453982,0,0]
[0.456637,0,0]
[0.459292,0,0]
[0.461947,0,0]
[0.464602,0,0]
[0.467257,0,0]
[0.469912,0,0]
[0.472566,0,0]
[0.475221,0,0]
[0.477876,0,0]
[0.480531,0,0]
[0.483186,0,0]
[0.485841,0,0]
[0.488496,0,0]
[0.49115,0,0]
[0.493805,0,0]
[0.49646,0,0]
[0.499115,0,0]
[0.50177,0,0]
[0.504425,0,0]
[0.50708,0,0]
[0.509735,0,0]
[0.512389,0,0]
[0.515044,0,0]
[0.517699,0,0]
[0.520354,0,0]
[0.523009,0,0]
[0.525664,0,0]
[0.528319,0,0]
[0.530973,0,0]
[0.533628,0,0]
[0.536283,0,0]
[0.538938,0,0]
[0.541593,0,0]
[0.544248,0,0]
[0.546903,0,0]
[0.549558,0,0]
[0.552212,0,0]
[0.554867,0,0]
[0.557522,0,0]
[0.560177,0,0]
[0.562832,0,0]
[0.565487,0,0]
[0.568142,0,0]
[0.570796,0,0]
[0.573451,0,0]
[0.576106,0,0]
[0.578761,0,0]
[0.581416,0,0]
[0.584071,0,0]
[0.586726,0,0]
[0.589381,0,0]
[0.592035,0,0]
[0.59469,0,0]
[0.597345,0,0]
[0.6,0,0]
[0.602655,0,0]
[0.60531,0,0]
[0.607965,0,0]
[0.610619,0,0]
[0.613274,0,0]
[0.615929,0,0]
[0.618584,0,0]
[0.621239,0,0]
[0.623894,0,0]
[0.626549,0,0]
[0.629204,0,0]
[0.631858,0,0]
[0.634513,0,0]
[0.637168,0,0]
[0.639823,0,0]
[0.642478,0,0]
[0.645133,0,0]
[0.647788,0,0]
[0.650442,0,0]
[0.653097,0,0]
[0.655752,0,0]
[0.658407,0,0]
[0.661062,0,0]
[0.663717,0,0]
[0.666372,0,0]
[0.669027,0,0]
[0.671681,0,0]
[0.674336,0,0]
[0.676991,0,0]
[0.679646,0,0]
[0.682301,0,0]
[0.684956,0,0]
[0.687611,0,0]
[0.690265,0,0]
[0.69292,0,0]
[0.695575,0,0]
[0.69823,0,0]
[0.700885,0,0]
[0.70354,0,0]
[0.706195,0,0]
[0.70885,0,0]
[0.711504,0,0]
[0.714159,0,0]
[0.716814,0,0]
[0.719469,0,0]
[0.722124,0,0]
[0.724779,0,0]
[0.727434,0,0]
[0.730088,0,0]
[0.732743,0,0]
[0.735398,0,0]
[0.738053,0,0]
[0.740708,0,0]
[0.743363,0,0]
[0.746018,0,0]
[0.748673,0,0]
[0.751327,0,0]
[0.753982,0,0]
[0.756637,0,0]
[0.759292,0,0]
[0.761947,0,0]
[0.764602,0,0]
[0.767257,0,0]
[0.769912,0,0]
[0.772566,0,0]
[0.775221,0,0]
[0.777876,0,0]
[0.780531,0,0]
[0.783186,0,0]
[0.785841,0,0]
[0.788496,0,0]
[0.79115,0,0]
[0.793805,0,0]
[0.79646,0,0]
[0.799115,0,0]
[0.80177,0,0]
[0.804425,0,0]
[0.80708,0,0]
[0.809735,0,0]
[0.812389,0,0]
[0.815044,0,0]
[0.817699,0,0]
[0.820354,0,0]
[0.823009,0,0]
[0.825664,0,0]
[0.828319,0,0]
[0.830973,0,0]
[0.833628,0,0]
[0.836283,0,0]
[0.838938,0,0]
[0.841593,0,0]
[0.844248,0,0]
[0.846903,0,0]
[0.849558,0,0]
[0.852212,0,0]
[0.854867,0,0]
[0.857522,0,0]
[0.860177,0,0]
[0.862832,0,0]
[0.865487,0,0]
[0.868142,0,0]
[0.870796,0,0]
[0.873451,0,0]
[0.876106,0,0]
[0.878761,0,0]
[0.881416,0,0]
[0.884071,0,0]
[0.886726,0,0]
[0.889381,0,0]
[0.892035,0,0]
[0.89469,0,0]
[0.897345,0,0]
[0.9,0,0]
[0.902655,0,0]
[0.90531,0,0]
[0.907965,0,0]
[0.910619,0,0]
[0.913274,0,0]
[0.915929,0,0]
[0.918584,0,0]
[0.921239,0,0]
[0.923894,0,0]
[0.926549,0,0]
[0.929204,0,0]
[0.931858,0,0]
[0.934513,0,0]
[0.937168,0,0]
[0.939823,0,0]
[0.942478,0,0]
[0.945133,0,0]
[0.947788,0,0]
[0.950442,0,0]
[0.953097,0,0]
[0.955752,0,0]
[0.958407,0,0]
[0.961062,0,0]
[0.963717,0,0]
[0.966372,0,0]
[0.969027,0,0]
[0.971681,0,0]
[0.974336,0,0]
[0.976991,0,0]
[0.979646,0,0]
[0.982301,0,0]
[0.984956,0,0]
[0.987611,0,0]
[0.990265,0,0]
[0.99292,0,0]
[0.995575,0,0]
[0.99823,0,0]
[1.00088,0,0]
[1.00354,0,0]
[1.00619,0,0]
[1.00885,0,0]
[1.0115,0,0]
[1.01416,0,0]
[1.01681,0,0]
[1.01947,0,0]
[1.02212,0,0]
[1.02478,0,0]
[1.02743,0,0]
[1.03009,0,0]
[1.03274,0,0]
[1.0354,0,0]
[1.03805,0,0]
[1.04071,0,0]
[1.04336,0,0]
[1.04602,0,0]
[1.04867,0,0]
[1.05133,0,0]
[1.05398,0,0]
[1.05664,0,0]
[1.05929,0,0]
[1.06195,0,0]
[1.0646,0,0]
[1.06726,0,0]
[1.06991,0,0]
[1.07257,0,0]
[1.07522,0,0]
[1.07788,0,0]
[1.08053,0,0]
[1.08319,0,0]
[1.08584,0,0]
[1.0885,0,0]
[1.09115,0,0]
[1.09381,0,0]
[1.09646,0,0]
[1.09912,0,0]
[1.10177,0,0]
[1.10442,0,0]
[1.10708,0,0]
[1.10973,0,0]
[1.11239,0,0]
[1.11504,0,0]
[1.1177,0,0]
[1.12035,0,0]
[1.12301,0,0]
[1.12566,0,0]
[1.12832,0,0]
[1.13097,0,0]
[1.13363,0,0]
[1.13628,0,0]
[1.13894,0,0]
[1.14159,0,0]
[1.14425,0,0]
[1.1469,0,0]
[1.14956,0,0]
[1.15221,0,0]
[1.15487,0,0]
[1.15752,0,0]
[1.16018,0,0]
[1.16283,0,0]
[1.16549,0,0]
[1.16814,0,0]
[1.1708,0,0]
[1.17345,0,0]
[1.17611,0,0]
[1.17876,0,0]
[1.18142,0,0]
[1.18407,0,0]
[1.18673,0,0]
[1.18938,0,0]
[1.19204,0,0]
[1.19469,0,0]
[1.19735,0,0]
[1.2,0,0]
[1.20265,0,0]
[1.20531,0,0]
[1.20796,0,0]
[1.21062,0,0]
[1.21327,0,0]
[1.21593,0,0]
[1.21858,0,0]
[1.22124,0,0]
[1.22389,0,0]
[1.22655,0,0]
[1.2292,0,0]
[1.23186,0,0]
[1.23451,0,0]
[1.23717,0,0]
[1.23982,0,0]
[1.24248,0,0]
[1.24513,0,0]
[1.24779,0,0]
[1.25044,0,0]
[1.2531,0,0]
[1.25575,0,0]
[1.25841,0,0]
[1.26106,0,0]
[1.26372,0,0]
[1.26637,0,0]
[1.26903,0,0]
[1.27168,0,0]
[1.27434,0,0]
[1.27699,0,0]
[1.27965,0,0]
[1.2823,0,0]
[1.28496,0,0]
[1.28761,0,0]
[1.29027,0,0]
[1.29292,0,0]
[1.29558,0,0]
[1.29823,0,0]
[1.30088,0,0]
[1.30354,0,0]
[1.30619,0,0]
[1.30885,0,0]
[1.3115,0,0]
[1.31416,0,0]
[1.31681,0,0]
[1.31947,0,0]
[1.32212,0,0]
[1.32478,0,0]
[1.32743,0,0]
[1.33009,0,0]
[1.33274,0,0]
[1.3354,0,0]
[1.33805,0,0]
[1.34071,0,0]
[1.34336,0,0]
[1.34602,0,0]
[1.34867,0,0]
[1.35133,0,0]
[1.35398,0,0]
[1.35664,0,0]
[1.35929,0,0]
[1.36195,0,0]
[1.3646,0,0]
[1.36726,0,0]
[1.36991,0,0]
[1.37257,0,0]
[1.37522,0,0]
[1.37788,0,0]
[1.38053,0,0]
[1.38319,0,0]
[1.38584,0,0]
[1.3885,0,0]
[1.39115,0,0]
[1.39381,0,0]
[1.39646,0,0]
[1.39912,0,0]
[1.40177,0,0]
[1.40442,0,0]
[1.40708,0,0]
[1.40973,0,0]
[1.41239,0,0]
[1.41504,0,0]
[1.4177,0,0]
[1.42035,0,0]
[1.42301,0,0]
[1.42566,0,0]
[1.42832,0,0]
[1.43097,0,0]
[1.43363,0,0]
[1.43628,0,0]
[1.43894,0,0]
[1.44159,0,0]
[1.44425,0,0]
[1.4469,0,0]
[1.44956,0,0]
[1.45221,0,0]
[1.45487,0,0]
[1.45752,0,0]
[1.46018,0,0]
[1.46283,0,0]
[1.46549,0,0]
[1.46814,0,0]
[1.4708,0,0]
[1.47345,0,0]
[1.47611,0,0]
[1.47876,0,0]
[1.48142,0,0]
[1.48407,0,0]
[1.48673,0,0]
[1.48938,0,0]
[1.49204,0,0]
[1.49469,0,0]
[1.49735,0,0]
[1.5,0,0]
[1.50265,0,0]
[1.50531,0,0]
[1.50796,0,0]
[1.51062,0,0]
[1.51327,0,0]
[1.51593,0,0]
[1.51858,0,0]
[1.52124,0,0]
[1.52389,0,0]
[1.52655,0,0]
[1.5292,0,0]
[1.53186,0,0]
[1.53451,0,0]
[1.53717,0,0]
[1.53982,0,0]
[1.54248,0,0]
[1.54513,0,0]
[1.54779,0,0]
[1.55044,0,0]
[1.5531,0,0]
[1.55575,0,0]
[1.55841,0,0]
[1.56106,0,0]
[1.56372,0,0]
[1.56637,0,0]
[1.56903,0,0]
[1.57168,0,0]
[1.57434,0,0]
[1.57699,0,0]
[1.57965,0,0]
[1.5823,0,0]
[1.58496,0,0]
[1.58761,0,0]
[1.59027,0,0]
[1.59292,0,0]
[1.59558,0,0]
[1.59823,0,0]
[1.60088,0,0]
[1.60354,0,0]
[1.60619,0,0]
[1.60885,0,0]
[1.6115,0,0]
[1.61416,0,0]
[1.61681,0,0]
[1.61947,0,0]
[1.62212,0,0]
[1.62478,0,0]
[1.62743,0,0]
[1.63009,0,0]
[1.63274,0,0]
[1.6354,0,0]
[1.63805,0,0]
[1.64071,0,0]
[1.64336,0,0]
[1.64602,0,0]
[1.64867,0,0]
[1.65133,0,0]
[1.65398,0,0]
[1.65664,0,0]
[1.65929,0,0]
[1.66195,0,0]
[1.6646,0,0]
[1.66726,0,0]
[1.66991,0,0]
[1.67257,0,0]
[1.67522,0,0]
[1.67788,0,0]
[1.68053,0,0]
[1.68319,0,0]
[1.68584,0,0]
[1.6885,0,0]
[1.69115,0,0]
[1.69381,0,0]
[1.69646,0,0]
[1.69912,0,0]
[1.70177,0,0]
[1.70442,0,0]
[1.70708,0,0]
[1.70973,0,0]
[1.71239,0,0]
[1.71504,0,0]
[1.7177,0,0]
[1.72035,0,0]
[1.72301,0,0]
[1.72566,0,0]
[1.72832,0,0]
[1.73097,0,0]
[1.73363,0,0]
[1.73628,0,0]
[1.73894,0,0]
[1.74159,0,0]
[1.74425,0,0]
[1.7469,0,0]
[1.74956,0,0]
[1.75221,0,0]
[1.75487,0,0]
[1.75752,0,0]
[1.76018,0,0]
[1.76283,0,0]
[1.76549,0,0]
[1.76814,0,0]
[1.7708,0,0]
[1.77345,0,0]
[1.77611,0,0]
[1.77876,0,0]
[1.78142,0,0]
[1.78407,0,0]
[1.78673,0,0]
[1.78938,0,0]
[1.79204,0,0]
[1.79469,0,0]
[1.79735,0,0]
[1.8,0,0]
[1.80265,0,0]
[1.80531,0,0]
[1.80796,0,0]
[1.81062,0,0]
[1.81327,0,0]
[1.81593,0,0]
[1.81858,0,0]
[1.82124,0,0]
[1.82389,0,0]
[1.82655,0,0]
[1.8292,0,0]
[1.83186,0,0]
[1.83451,0,0]
[1.83717,0,0]
[1.83982,0,0]
[1.84248,0,0]
[1.84513,0,0]
[1.84779,0,0]
[1.85044,0,0]
[1.8531,0,0]
[1.85575,0,0]
[1.85841,0,0]
[1.86106,0,0]
[1.86372,0,0]
[1.86637,0,0]
[1.86903,0,0]
[1.87168,0,0]
[1.87434,0,0]
[1.87699,0,0]
[1.87965,0,0]
[1.8823,0,0]
[1.88496,0,0]
[1.88761,0,0]
[1.89027,0,0]
[1.89292,0,0]
[1.89558,0,0]
[1.89823,0,0]
[1.90088,0,0]
[1.90354,0,0]
[1.90619,0,0]
[1.90885,0,0]
[1.9115,0,0]
[1.91416,0,0]
[1.91681,0,0]
[1.91947,0,0]
[1.92212,0,0]
[1.92478,0,0]
[1.92743,0,0]
[1.93009,0,0]
[1.93274,0,0]
[1.9354,0,0]
[1.93805,0,0]
[1.94071,0,0]
[1.94336,0,0]
[1.94602,0,0]
[1.94867,0,0]
[1.95133,0,0]
[1.95398,0,0]
[1.95664,0,0]
[1.95929,0,0]
[1.96195,0,0]
[1.9646,0,0]
[1.96726,0,0]
[1.96991,0,0]
[1.97257,0,0]
[1.97522,0,0]
[1.97788,0,0]
[1.98053,0,0]
[1.98319,0,0]
[1.98584,0,0]
[1.9885,0,0]
[1.99115,0,0]
[1.99381,0,0]
[1.99646,0,0]
[1.99912,0,0]
[2.00177,0,0]
[2.00442,0,0]
[2.00708,0,0]
[2.00973,0,0]
[2.01239,0,0]
[2.01504,0,0]
[2.0177,0,0]
[2.02035,0,0]
[2.02301,0,0]
[2.02566,0,0]
[2.02832,0,0]
[2.03097,0,0]
[2.03363,0,0]
[2.03628,0,0]
[2.03894,0,0]
[2.04159,0,0]
[2.04425,0,0]
[2.0469,0,0]
[2.04956,0,0]
[2.05221,0,0]
[2.05487,0,0]
[2.05752,0,0]
[2.06018,0,0]
[2.06283,0,0]
[2.06549,0,0]
[2.06814,0,0]
[2.0708,0,0]
[2.07345,0,0]
[2.07611,0,0]
[2.07876,0,0]
[2.08142,0,0]
[2.08407,0,0]
[2.08673,0,0]
[2.08938,0,0]
[2.09204,0,0]
[2.09469,0,0]
[2.09735,0,0]
[2.1,0,0]
[2.10265,0,0]
[2.10531,0,0]
[2.10796,0,0]
[2.11062,0,0]
[2.11327,0,0]
[2.11593,0,0]
[2.11858,0,0]
[2.12124,0,0]
[2.12389,0,0]
[2.12655,0,0]
[2.1292,0,0]
[2.13186,0,0]
[2.13451,0,0]
[2.13717,0,0]
[2.13982,0,0]
[2.14248,0,0]
[2.14513,0,0]
[2.14779,0,0]
[2.15044,0,0]
[2.1531,0,0]
[2.15575,0,0]
[2.15841,0,0]
[2.16106,0,0]
[2.16372,0,0]
[2.16637,0,0]
[2.16903,0,0]
[2.17168,0,0]
[2.17434,0,0]
[2.17699,0,0]
[2.17965,0,0]
[2.1823,0,0]
[2.18496,0,0]
[2.18761,0,0]
[2.19027,0,0]
[2.19292,0,0]
[2.19558,0,0]
[2.19823,0,0]
[2.20088,0,0]
[2.20354,0,0]
[2.20619,0,0]
[2.20885,0,0]
[2.2115,0,0]
[2.21416,0,0]
[2.21681,0,0]
[2.21947,0,0]
[2.22212,0,0]
[2.22478,0,0]
[2.22743,0,0]
[2.23009,0,0]
[2.23274,0,0]
[2.2354,0,0]
[2.23805,0,0]
[2.24071,0,0]
[2.24336,0,0]
[2.24602,0,0]
[2.24867,0,0]
[2.25133,0,0]
[2.25398,0,0]
[2.25664,0,0]
[2.25929,0,0]
[2.26195,0,0]
[2.2646,0,0]
[2.26726,0,0]
[2.26991,0,0]
[2.27257,0,0]
[2.27522,0,0]
[2.27788,0,0]
[2.28053,0,0]
[2.28319,0,0]
[2.28584,0,0]
[2.2885,0,0]
[2.29115,0,0]
[2.29381,0,0]
[2.29646,0,0]
[2.29912,0,0]
[2.30177,0,0]
[2.30442,0,0]
[2.30708,0,0]
[2.30973,0,0]
[2.31239,0,0]
[2.31504,0,0]
[2.3177,0,0]
[2.32035,0,0]
[2.32301,0,0]
[2.32566,0,0]
[2.32832,0,0]
[2.33097,0,0]
[2.33363,0,0]
[2.33628,0,0]
[2.33894,0,0]
[2.34159,0,0]
[2.34425,0,0]
[2.3469,0,0]
[2.34956,0,0]
[2.35221,0,0]
[2.35487,0,0]
[2.35752,0,0]
[2.36018,0,0]
[2.36283,0,0]
[2.36549,0,0]
[2.36814,0,0]
[2.3708,0,0]
[2.37345,0,0]
[2.37611,0,0]
[2.37876,0,0]
[2.38142,0,0]
[2.38407,0,0]
[2.38673,0,0]
[2.38938,0,0]
[2.39204,0,0]
[2.39469,0,0]
[2.39735,0,0]
[2.4,0,0]
[2.40265,0,0]
[2.40531,0,0]
[2.40796,0,0]
[2.41062,0,0]
[2.41327,0,0]
[2.41593,0,0]
[2.41858,0,0]
[2.42124,0,0]
[2.42389,0,0]
[2.42655,0,0]
[2.4292,0,0]
[2.43186,0,0]
[2.43451,0,0]
[2.43717,0,0]
[2.43982,0,0]
[2.44248,0,0]
[2.44513,0,0]
[2.44779,0,0]
[2.45044,0,0]
[2.4531,0,0]
[2.45575,0,0]
[2.45841,0,0]
[2.46106,0,0]
[2.46372,0,0]
[2.46637,0,0]
[2.46903,0,0]
[2.47168,0,0]
[2.47434,0,0]
[2.47699,0,0]
[2.47965,0,0]
[2.4823,0,0]
[2.48496,0,0]
[2.48761,0,0]
[2.49027,0,0]
[2.49292,0,0]
[2.49558,0,0]
[2.49823,0,0]
[2.50088,0,0]
[2.50354,0,0]
[2.50619,0,0]
[2.50885,0,0]
[2.5115,0,0]
[2.51416,0,0]
[2.51681,0,0]
[2.51947,0,0]
[2.52212,0,0]
[2.52478,0,0]
[2.52743,0,0]
[2.53009,0,0]
[2.53274,0,0]
[2.5354,0,0]
[2.53805,0,0]
[2.54071,0,0]
[2.54336,0,0]
[2.54602,0,0]
[2.54867,0,0]
[2.55133,0,0]
[2.55398,0,0]
[2.55664,0,0]
[2.55929,0,0]
[2.56195,0,0]
[2.5646,0,0]
[2.56726,0,0]
[2.56991,0,0]
[2.57257,0,0]
[2.57522,0,0]
[2.57788,0,0]
[2.58053,0,0]
[2.58319,0,0]
[2.58584,0,0]
[2.5885,0,0]
[2.59115,0,0]
[2.59381,0,0]
[2.59646,0,0]
[2.59912,0,0]
[2.60177,0,0]
[2.60442,0,0]
[2.60708,0,0]
[2.60973,0,0]
[2.61239,0,0]
[2.61504,0,0]
[2.6177,0,0]
[2.62035,0,0]
[2.62301,0,0]
[2.62566,0,0]
[2.62832,0,0]
[2.63097,0,0]
[2.63363,0,0]
[2.63628,0,0]
[2.63894,0,0]
[2.64159,0,0]
[2.64425,0,0]
[2.6469,0,0]
[2.64956,0,0]
[2.65221,0,0]
[2.65487,0,0]
[2.65752,0,0]
[2.66018,0,0]
[2.66283,0,0]
[2.66549,0,0]
[2.66814,0,0]
[2.6708,0,0]
[2.67345,0,0]
[2.67611,0,0]
[2.67876,0,0]
[2.68142,0,0]
[2.68407,0,0]
[2.68673,0,0]
[2.68938,0,0]
[2.69204,0,0]
[2.69469,0,0]
[2.69735,0,0]
[2.7,0,0]
[2.70265,0,0]
[2.70531,0,0]
[2.70796,0,0]
[2.71062,0,0]
[2.71327,0,0]
[2.71593,0,0]
[2.71858,0,0]
[2.72124,0,0]
[2.72389,0,0]
[2.72655,0,0]
[2.7292,0,0]
[2.73186,0,0]
[2.73451,0,0]
[2.73717,0,0]
[2.73982,0,0]
[2.74248,0,0]
[2.74513,0,0]
[2.74779,0,0]
[2.75044,0,0]
[2.7531,0,0]
[2.75575,0,0]
[2.75841,0,0]
[2.76106,0,0]
[2.76372,0,0]
[2.76637,0,0]
[2.76903,0,0]
[2.77168,0,0]
[2.77434,0,0]
[2.77699,0,0]
[2.77965,0,0]
[2.7823,0,0]
[2.78496,0,0]
[2.78761,0,0]
[2.79027,0,0]
[2.79292,0,0]
[2.79558,0,0]
[2.79823,0,0]
[2.80088,0,0]
[2.80354,0,0]
[2.80619,0,0]
[2.80885,0,0]
[2.8115,0,0]
[2.81416,0,0]
[2.81681,0,0]
[2.81947,0,0]
[2.82212,0,0]
[2.82478,0,0]
[2.82743,0,0]
[2.83009,0,0]
[2.83274,0,0]
[2.8354,0,0]
[2.83805,0,0]
[2.84071,0,0]
[2.84336,0,0]
[2.84602,0,0]
[2.84867,0,0]
[2.85133,0,0]
[2.85398,0,0]
[2.85664,0,0]
[2.85929,0,0]
[2.86195,0,0]
[2.8646,0,0]
[2.86726,0,0]
[2.86991,0,0]
[2.87257,0,0]
[2.87522,0,0]
[2.87788,0,0]
[2.88053,0,0]
[2.88319,0,0]
[2.88584,0,0]
[2.8885,0,0]
[2.89115,0,0]
[2.89381,0,0]
[2.89646,0,0]
[2.89912,0,0]
[2.90177,0,0]
[2.90442,0,0]
[2.90708,0,0]
[2.90973,0,0]
[2.91239,0,0]
[2.91504,0,0]
[2.9177,0,0]
[2.92035,0,0]
[2.92301,0,0]
[2.92566,0,0]
[2.92832,0,0]
[2.93097,0,0]
[2.93363,0,0]
[2.93628,0,0]
[2.93894,0,0]
[2.94159,0,0]
[2.94425,0,0]
[2.9469,0,0]
[2.94956,0,0]
[2.95221,0,0]
[2.95487,0,0]
[2.95752,0,0]
[2.96018,0,0]
[2.96283,0,0]
[2.96549,0,0]
[2.96814,0,0]
[2.9708,0,0]
[2.97345,0,0]
[2.97611,0,0]
[2.97876,0,0]
[2.98142,0,0]
[2.98407,0,0]
[2.98673,0,0]
[2.98938,0,0]
[2.99204,0,0]
[2.99469,0,0]
[2.99735,0,0]
[3,0,0]
[1,0,0,0]
[1,0,0,0]
[1,0,0,0]
[1,0,0,0]
[1,0,0,0]
[1,0,0,0]
[1,0,0,0]
[1,0,0,0]
[1,0,0,0]
[1,0,0,0]
[1,0,0,0]
[1,0,0,0]
[1,0,0,0]
[1,0,0,0]
[1,0,0,0]
[1,0,0,0]
[1,0,0,0]
[1,0,0,0]
[1,0,0,0]
[1,0,0,0]
[1,0,0,0]
[1,0,0,0]
[1,0,0,0]
[1,0,0,0]
[1,0,0,0]
[1,0,0,0]
[1,0,0,0]
[1,0,0,0]
[1,0,0,0]
[1,0,0,0]
[1,0,0,0]
[1,0,0,0]
[1,0,0,0]
[1,0,0,0]
[1,0,0,0]
[1,0,0,0]
[1,0,0,0]
[1,0,0,0]
[1,0,0,0]
[1,0,0,0]
[1,0,0,0]
[1,0,0,0]
[1,0,0,0]
[1,0,0,0]
[1,0,0,0]
[1,0,0,0]
[1,0,0,0]
[1,0,0,0]
[1,0,0,0]
[1,0,0,0]
[1,0,0,0]
[1,0,0,0]
[1,0,0,0]
[1,0,0,0]
[1,0,0,0]
[1,0,0,0]
[1,0,0,0]
[1,0,0,0]
[1,0,0,0]
[1,0,0,0]
[1,0,0,0]
[1,0,0,0]
[1,0,0,0]
[1,0,0,0]
[1,0,0,0]
[1,0,0,0]
[1,0,0,0]
[1,0,0,0]
[1,0,0,0]
[1,0,0,0]
[1,0,0,0]
[1,0,0,0]
[1,0,0,0]
[1,0,0,0]
[1,0,0,0]
[1,0,0,0]
[1,0,0,0]
[1,0,0,0]
[1,0,0,0]
[1,0,0,0]
[1,0,0,0]
[1,0,0,0]
[1,0,0,0]
[1,0,0,0]
[1,0,0,0]
[1,0,0,0]
[1,0,0,0]
[1,0,0,0]
[1,0,0,0]
[1,0,0,0]
[1,0,0,0]
[1,0,0,0]
[1,0,0,0]
[1,0,0,0]
[1,0,0,0]
[1,0,0,0]
[1,0,0,0]
[1,0,0,0]
[1,0,0,0]
[1,0,0,0]
[1,0,0,0]
[1,0,0,0]
[1,0,0,0]
[1,0,0,0]
[1,0,0,0]
[1,0,0,0]
[1,0,0,0]
[1,0,0,0]
[1,0,0,0]
[1,0,0,0]
[1,0,0,0]
[1,0,0,0]
[1,0,0,0]
[1,0,0,0]
[1,0,0,0]
[1,0,0,0]
[1,0,0,0]
[1,0,0,0]
[1,0,0,0]
[1,0,0,0]
[1,0,0,0]
[1,0,0,0]
[1,0,0,0]
[1,0,0,0]
[1,0,0,0]
[1,0,0,0]
[1,0,0,0]
[1,0,0,0]
[1,0,0,0]
[1,0,0,0]
[1,0,0,0]
[1,0,0,0]
[1,0,0,0]
[1,0,0,0]
[1,0,0,0]
[1,0,0,0]
[1,0,0,0]
[1,0,0,0]
[1,0,0,0]
[1,0,0,0]
[1,0,0,0]
[1,0,0,0]
[1,0,0,0]
[1,0,0,0]
[1,0,0,0]
[1,0,0,0]
[1,0,0,0]
[1,0,0,0]
[1,0,0,0]
[1,0,0,0]
[1,0,0,0]
[1,0,0,0]
[1,0,0,0]
[1,0,0,0]
[1,0,0,0]
[1,0,0,0]
[1,0,0,0]
[1,0,0,0]
[1,0,0,0]
[1,0,0,0]
[1,0,0,0]
[1,0,0,0]
[1,0,0,0]
[1,0,0,0]
[1,0,0,0]
[1,0,0,0]
[1,0,0,0]
[1,0,0,0]
[1,0,0,0]
[1,0,0,0]
[1,0,0,0]
[1,0,0,0]
[1,0,0,0]
[1,0,0,0]
[1,0,0,0]
[1,0,0,0]
[1,0,0,0]
[1,0,0,0]
[1,0,0,0]
[1,0,0,0]
[1,0,0,0]
[1,0,0,0]
[1,0,0,0]
[1,0,0,0]
[1,0,0,0]
[1,0,0,0]
[1,0,0,0]
[1,0,0,0]
[1,0,0,0]
[1,0,0,0]
[1,0,0,0]
[1,0,0,0]
[1,0,0,0]
[1,0,0,0]
[1,0,0,0]
[1,0,0,0]
[1,0,0,0]
[1,0,0,0]
[1,0,0,0]
[1,0,0,0]
[1,0,0,0]
[1,0,0,0]
[1,0,0,0]
[1,0,0,0]
[1,0,0,0]
[1,0,0,0]
[1,0,0,0]
[1,0,0,0]
[1,0,0,0]
[1,0,0,0]
[1,0,0,0]
[1,0,0,0]
[1,0,0,0]
[1,0,0,0]
[1,0,0,0]
[1,0,0,0]
[1,0,0,0]
[1,0,0,0]
[1,0,0,0]
[1,0,0,0]
[1,0,0,0]
[1,0,0,0]
[1,0,0,0]
[1,0,0,0]
[1,0,0,0]
[1,0,0,0]
[1,0,0,0]
[1,0,0,0]
[1,0,0,0]
[1,0,0,0]
[1,0,0,0]
[1,0,0,0]
[1,0,0,0]
[1,0,0,0]
[1,0,0,0]
[1,0,0,0]
[1,0,0,0]
[1,0,0,0]
[1,0,0,0]
[1,0,0,0]
[1,0,0,0]
[1,0,0,0]
[1,0,0,0]
[1,0,0,0]
[1,0,0,0]
[1,0,0,0]
[1,0,0,0]
[1,0,0,0]
[1,0,0,0]
[1,0,0,0]
[1,0,0,0]
[1,0,0,0]
[1,0,0,0]
[1,0,0,0]
[1,0,0,0]
[1,0,0,0]
[1,0,0,0]
[1,0,0,0]
[1,0,0,0]
[1,0,0,0]
[1,0,0,0]
[1,0,0,0]
[1,0,0,0]
[1,0,0,0]
[1,0,0,0]
[1,0,0,0]
[1,0,0,0]
[1,0,0,0]
[1,0,0,0]
[1,0,0,0]
[1,0,0,0]
[1,0,0,0]
[1,0,0,0]
[1,0,0,0]
[1,0,0,0]
[1,0,0,0]
[1,0,0,0]
[1,0,0,0]
[1,0,0,0]
[1,0,0,0]
[1,0,0,0]
[1,0,0,0]
[1,0,0,0]
[1,0,0,0]
[1,0,0,0]
[1,0,0,0]
[1,0,0,0]
[1,0,0,0]
[1,0,0,0]
[1,0,0,0]
[1,0,0,0]
[1,0,0,0]
[1,0,0,0]
[1,0,0,0]
[1,0,0,0]
[1,0,0,0]
[1,0,0,0]
[1,0,0,0]
[1,0,0,0]
[1,0,0,0]
[1,0,0,0]
[1,0,0,0]
[1,0,0,0]
[1,0,0,0]
[1,0,0,0]
[1,0,0,0]
[1,0,0,0]
[1,0,0,0]
[1,0,0,0]
[1,0,0,0]
[1,0,0,0]
[1,0,0,0]
[1,0,0,0]
[1,0,0,0]
[1,0,0,0]
[1,0,0,0]
[1,0,0,0]
[1,0,0,0]
[1,0,0,0]
[1,0,0,0]
[1,0,0,0]
[1,0,0,0]
[1,0,0,0]
[1,0,0,0]
[1,0,0,0]
[1,0,0,0]
[1,0,0,0]
[1,0,0,0]
[1,0,0,0]
[1,0,0,0]
[1,0,0,0]
[1,0,0,0]
[1,0,0,0]
[1,0,0,0]
[1,0,0,0]
[1,0,0,0]
[1,0,0,0]
[1,0,0,0]
[1,0,0,0]
[1,0,0,0]
[1,0,0,0]
[1,0,0,0]
[1,0,0,0]
[1,0,0,0]
[1,0,0,0]
[1,0,0,0]
[1,0,0,0]
[1,0,0,0]
[1,0,0,0]
[1,0,0,0]
[1,0,0,0]
[1,0,0,0]
[1,0,0,0]
[1,0,0,0]
[1,0,0,0]
[1,0,0,0]
[1,0,0,0]
[1,0,0,0]
[1,0,0,0]
[1,0,0,0]
[1,0,0,0]
[1,0,0,0]
[1,0,0,0]
[1,0,0,0]
[1,0,0,0]
[1,0,0,0]
[1,0,0,0]
[1,0,0,0]
[1,0,0,0]
[1,0,0,0]
[1,0,0,0]
[1,0,0,0]
[1,0,0,0]
[1,0,0,0]
[1,0,0,0]
[1,0,0,0]
[1,0,0,0]
[1,0,0,0]
[1,0,0,0]
[1,0,0,0]
[1,0,0,0]
[1,0,0,0]
[1,0,0,0]
[1,0,0,0]
[1,0,0,0]
[1,0,0,0]
[1,0,0,0]
[1,0,0,0]
[1,0,0,0]
[1,0,0,0]
[1,0,0,0]
[1,0,0,0]
[1,0,0,0]
[1,0,0,0]
[1,0,0,0]
[1,0,0,0]
[1,0,0,0]
[1,0,0,0]
[1,0,0,0]
[1,0,0,0]
[1,0,0,0]
[1,0,0,0]
[1,0,0,0]
[1,0,0,0]
[1,0,0,0]
[1,0,0,0]
[1,0,0,0]
[1,0,0,0]
[1,0,0,0]
[1,0,0,0]
[1,0,0,0]
[1,0,0,0]
[1,0,0,0]
[1,0,0,0]
[1,0,0,0]
[1,0,0,0]
[1,0,0,0]
[1,0,0,0]
[1,0,0,0]
[1,0,0,0]
[1,0,0,0]
[1,0,0,0]
[1,0,0,0]
[1,0,0,0]
[1,0,0,0]
[1,0,0,0]
[1,0,0,0]
[1,0,0,0]
[1,0,0,0]
[1,0,0,0]
[1,0,0,0]
[1,0,0,0]
[1,0,0,0]
[1,0,0,0]
[1,0,0,0]
[1,0,0,0]
[1,0,0,0]
[1,0,0,0]
[1,0,0,0]
[1,0,0,0]
[1,0,0,0]
[1,0,0,0]
[1,0,0,0]
[1,0,0,0]
[1,0,0,0]
[1,0,0,0]
[1,0,0,0]
[1,0,0,0]
[1,0,0,0]
[1,0,0,0]
[1,0,0,0]
[1,0,0,0]
[1,0,0,0]
[1,0,0,0]
[1,0,0,0]
[1,0,0,0]
[1,0,0,0]
[1,0,0,0]
[1,0,0,0]
[1,0,0,0]
[1,0,0,0]
[1,0,0,0]
[1,0,0,0]
[1,0,0,0]
[1,0,0,0]
[1,0,0,0]
[1,0,0,0]
[1,0,0,0]
[1,0,0,0]
[1,0,0,0]
[1,0,0,0]
[1,0,0,0]
[1,0,0,0]
[1,0,0,0]
[1,0,0,0]
[1,0,0,0]
[1,0,0,0]
[1,0,0,0]
[1,0,0,0]
[1,0,0,0]
[1,0,0,0]
[1,0,0,0]
[1,0,0,0]
[1,0,0,0]
[1,0,0,0]
[1,0,0,0]
[1,0,0,0]
[1,0,0,0]
[1,0,0,0]
[1,0,0,0]
[1,0,0,0]
[1,0,0,0]
[1,0,0,0]
[1,0,0,0]
[1,0,0,0]
[1,0,0,0]
[1,0,0,0]
[1,0,0,0]
[1,0,0,0]
[1,0,0,0]
[1,0,0,0]
[1,0,0,0]
[1,0,0,0]
[1,0,0,0]
[1,0,0,0]
[1,0,0,0]
[1,0,0,0]
[1,0,0,0]
[1,0,0,0]
[1,0,0,0]
[1,0,0,0]
[1,0,0,0]
[1,0,0,0]
[1,0,0,0]
[1,0,0,0]
[1,0,0,0]
[1,0,0,0]
[1,0,0,0]
[1,0,0,0]
[1,0,0,0]
[1,0,0,0]
[1,0,0,0]
[1,0,0,0]
[1,0,0,0]
[1,0,0,0]
[1,0,0,0]
[1,0,0,0]
[1,0,0,0]
[1,0,0,0]
[1,0,0,0]
[1,0,0,0]
[1,0,0,0]
[1,0,0,0]
[1,0,0,0]
[1,0,0,0]
[1,0,0,0]
[1,0,0,0]
[1,0,0,0]
[1,0,0,0]
[1,0,0,0]
[1,0,0,0]
[1,0,0,0]
[1,0,0,0]
[1,0,0,0]
[1,0,0,0]
[1,0,0,0]
[1,0,0,0]
[1,0,0,0]
[1,0,0,0]
[1,0,0,0]
[1,0,0,0]
[1,0,0,0]
[1,0,0,0]
[1,0,0,0]
[1,0,0,0]
[1,0,0,0]
[1,0,0,0]
[1,0,0,0]
[1,0,0,0]
[1,0,0,0]
[1,0,0,0]
[1,0,0,0]
[1,0,0,0]
[1,0,0,0]
[1,0,0,0]
[1,0,0,0]
[1,0,0,0]
[1,0,0,0]
[1,0,0,0]
[1,0,0,0]
[1,0,0,0]
[1,0,0,0]
[1,0,0,0]
[1,0,0,0]
[1,0,0,0]
[1,0,0,0]
[1,0,0,0]
[1,0,0,0]
[1,0,0,0]
[1,0,0,0]
[1,0,0,0]
[1,0,0,0]
[1,0,0,0]
[1,0,0,0]
[1,0,0,0]
[1,0,0,0]
[1,0,0,0]
[1,0,0,0]
[1,0,0,0]
[1,0,0,0]
[1,0,0,0]
[1,0,0,0]
[1,0,0,0]
[1,0,0,0]
[1,0,0,0]
[1,0,0,0]
[1,0,0,0]
[1,0,0,0]
[1,0,0,0]
[1,0,0,0]
[1,0,0,0]
[1,0,0,0]
[1,0,0,0]
[1,0,0,0]
[1,0,0,0]
[1,0,0,0]
[1,0,0,0]
[1,0,0,0]
[1,0,0,0]
[1,0,0,0]
[1,0,0,0]
[1,0,0,0]
[1,0,0,0]
[1,0,0,0]
[1,0,0,0]
[1,0,0,0]
[1,0,0,0]
[1,0,0,0]
[1,0,0,0]
[1,0,0,0]
[1,0,0,0]
[1,0,0,0]
[1,0,0,0]
[1,0,0,0]
[1,0,0,0]
[1,0,0,0]
[1,0,0,0]
[1,0,0,0]
[1,0,0,0]
[1,0,0,0]
[1,0,0,0]
[1,0,0,0]
[1,0,0,0]
[1,0,0,0]
[1,0,0,0]
[1,0,0,0]
[1,0,0,0]
[1,0,0,0]
[1,0,0,0]
[1,0,0,0]
[1,0,0,0]
[1,0,0,0]
[1,0,0,0]
[1,0,0,0]
[1,0,0,0]
[1,0,0,0]
[1,0,0,0]
[1,0,0,0]
[1,0,0,0]
[1,0,0,0]
[1,0,0,0]
[1,0,0,0]
[1,0,0,0]
[1,0,0,0]
[1,0,0,0]
[1,0,0,0]
[1,0,0,0]
[1,0,0,0]
[1,0,0,0]
[1,0,0,0]
[1,0,0,0]
[1,0,0,0]
[1,0,0,0]
[1,0,0,0]
[1,0,0,0]
[1,0,0,0]
[1,0,0,0]
[1,0,0,0]
[1,0,0,0]
[1,0,0,0]
[1,0,0,0]
[1,0,0,0]
[1,0,0,0]
[1,0,0,0]
[1,0,0,0]
[1,0,0,0]
[1,0,0,0]
[1,0,0,0]
[1,0,0,0]
[1,0,0,0]
[1,0,0,0]
[1,0,0,0]
[1,0,0,0]
[1,0,0,0]
[1,0,0,0]
[1,0,0,0]
[1,0,0,0]
[1,0,0,0]
[1,0,0,0]
[1,0,0,0]
[1,0,0,0]
[1,0,0,0]
[1,0,0,0]
[1,0,0,0]
[1,0,0,0]
[1,0,0,0]
[1,0,0,0]
[1,0,0,0]
[1,0,0,0]
[1,0,0,0]
[1,0,0,0]
[1,0,0,0]
[1,0,0,0]
[1,0,0,0]
[1,0,0,0]
[1,0,0,0]
[1,0,0,0]
[1,0,0,0]
[1,0,0,0]
[1,0,0,0]
[1,0,0,0]
[1,0,0,0]
[1,0,0,0]
[1,0,0,0]
[1,0,0,0]
[1,0,0,0]
[1,0,0,0]
[1,0,0,0]
[1,0,0,0]
[1,0,0,0]
[1,0,0,0]
[1,0,0,0]
[1,0,0,0]
[1,0,0,0]
[1,0,0,0]
[1,0,0,0]
[1,0,0,0]
[1,0,0,0]
[1,0,0,0]
[1,0,0,0]
[1,0,0,0]
[1,0,0,0]
[1,0,0,0]
[1,0,0,0]
[1,0,0,0]
[1,0,0,0]
[1,0,0,0]
[1,0,0,0]
[1,0,0,0]
[1,0,0,0]
[1,0,0,0]
[1,0,0,0]
[1,0,0,0]
[1,0,0,0]
[1,0,0,0]
[1,0,0,0]
[1,0,0,0]
[1,0,0,0]
[1,0,0,0]
[1,0,0,0]
[1,0,0,0]
[1,0,0,0]
[1,0,0,0]
[1,0,0,0]
[1,0,0,0]
[1,0,0,0]
[1,0,0,0]
[1,0,0,0]
[1,0,0,0]
[1,0,0,0]
[1,0,0,0]
[1,0,0,0]
[1,0,0,0]
[1,0,0,0]
[1,0,0,0]
[1,0,0,0]
[1,0,0,0]
[1,0,0,0]
[1,0,0,0]
[1,0,0,0]
[1,0,0,0]
[1,0,0,0]
[1,0,0,0]
[1,0,0,0]
[1,0,0,0]
[1,0,0,0]
[1,0,0,0]
[1,0,0,0]
[1,0,0,0]
[1,0,0,0]
[1,0,0,0]
[1,0,0,0]
[1,0,0,0]
[1,0,0,0]
[1,0,0,0]
[1,0,0,0]
[1,0,0,0]
[1,0,0,0]
[1,0,0,0]
[1,0,0,0]
[1,0,0,0]
[1,0,0,0]
[1,0,0,0]
[1,0,0,0]
[1,0,0,0]
[1,0,0,0]
[1,0,0,0]
[1,0,0,0]
[1,0,0,0]
[1,0,0,0]
[1,0,0,0]
[1,0,0,0]
[1,0,0,0]
[1,0,0,0]
[1,0,0,0]
[1,0,0,0]
[1,0,0,0]
[1,0,0,0]
[1,0,0,0]
[1,0,0,0]
[1,0,0,0]
[1,0,0,0]
[1,0,0,0]
[1,0,0,0]
[1,0,0,0]
[1,0,0,0]
[1,0,0,0]
[1,0,0,0]
[1,0,0,0]
[1,0,0,0]
[1,0,0,0]
[1,0,0,0]
[1,0,0,0]
[1,0,0,0]
[1,0,0,0]
[1,0,0,0]
[1,0,0,0]
[1,0,0,0]
[1,0,0,0]
[1,0,0,0]
[1,0,0,0]
[1,0,0,0]
[1,0,0,0]
[1,0,0,0]
[1,0,0,0]
[1,0,0,0]
[1,0,0,0]
[1,0,0,0]
[1,0,0,0]
[1,0,0,0]
[1,0,0,0]
[1,0,0,0]
[1,0,0,0]
[1,0,0,0]
[1,0,0,0]
[1,0,0,0]
[1,0,0,0]
[1,0,0,0]
[1,0,0,0]
[1,0,0,0]
[1,0,0,0]
[1,0,0,0]
[1,0,0,0]
[1,0,0,0]
[1,0,0,0]
[1,0,0,0]
[1,0,0,0]
[1,0,0,0]
[1,0,0,0]
[1,0,0,0]
[1,0,0,0]
[1,0,0,0]
[1,0,0,0]
[1,0,0,0]
[1,0,0,0]
[1,0,0,0]
[1,0,0,0]
[1,0,0,0]
[1,0,0,0]
[1,0,0,0]
[1,0,0,0]
[1,0,0,0]
[1,0,0,0]
[1,0,0,0]
[1,0,0,0]
[1,0,0,0]
[1,0,0,0]
[1,0,0,0]
[1,0,0,0]
[1,0,0,0]
[1,0,0,0]
[1,0,0,0]
[1,0,0,0]
[1,0,0,0]
[1,0,0,0]
[1,0,0,0]
[1,0,0,0]
[1,0,0,0]
[1,0,0,0]
[1,0,0,0]
[1,0,0,0]
[1,0,0,0]
[1,0,0,0]
[1,0,0,0]
[1,0,0,0]
[1,0,0,0]
[1,0,0,0]
[1,0,0,0]
[1,0,0,0]
[1,0,0,0]
[1,0,0,0]
[1,0,0,0]
[1,0,0,0]
[1,0,0,0]
[1,0,0,0]
[1,0,0,0]
[1,0,0,0]
[1,0,0,0]
[1,0,0,0]
[1,0,0,0]
[1,0,0,0]
[1,0,0,0]
[1,0,0,0]
[1,0,0,0]
[1,0,0,0]
[1,0,0,0]
[1,0,0,0]
[1,0,0,0]
[1,0,0,0]
[1,0,0,0]
[1,0,0,0]
[1,0,0,0]
[1,0,0,0]
[1,0,0,0]
[1,0,0,0]
[1,0,0,0]
[1,0,0,0]
[1,0,0,0]
[1,0,0,0]
[1,0,0,0]
[1,0,0,0]
[1,0,0,0]
[1,0,0,0]
[1,0,0,0]
[1,0,0,0]
[1,0,0,0]
[1,0,0,0]
[1,0,0,0]
[1,0,0,0]
[1,0,0,0]
[1,0,0,0]
[1,0,0,0]
[1,0,0,0]
[1,0,0,0]
[1,0,0,0]
[1,0,0,0]
[1,0,0,0]
[1,0,0,0]
[1,0,0,0]
[1,0,0,0]
[1,0,0,0]
[1,0,0,0]
[1,0,0,0]
[1,0,0,0]
[1,0,0,0]
[1,0,0,0]
[1,0,0,0]
[1,0,0,0]
[1,0,0,0]
[1,0,0,0]
[1,0,0,0]
[1,0,0,0]
[1,0,0,0]
[1,0,0,0]
[1,0,0,0]
[1,0,0,0]
[1,0,0,0]
[1,0,0,0]
[1,0,0,0]
[1,0,0,0]
[1,0,0,0]
[1,0,0,0]
[1,0,0,0]
[1,0,0,0]
[1,0,0,0]
[1,0,0,0]
[1,0,0,0]
[1,0,0,0]
[1,0,0,0]
[1,0,0,0]
[1,0,0,0]
[1,0,0,0]
[1,0,0,0]
[1,0,0,0]
[1,0,0,0]
[1,0,0,0]
[1,0,0,0]
[1,0,0,0]
[1,0,0,0]
[1,0,0,0]
[1,0,0,0]
[1,0,0,0]
[1,0,0,0]
[1,0,0,0]
[1,0,0,0]
[1,0,0,0]
[1,0,0,0]
[1,0,0,0]
[1,0,0,0]
[1,0,0,0]
[1,0,0,0]
[1,0,0,0]
[1,0,0,0]
[1,0,0,0]
[1,0,0,0]
[1,0,0,0]
[1,0,0,0]
[1,0,0,0]
[1,0,0,0]
[1,0,0,0]
[1,0,0,0]
[1,0,0,0]
[1,0,0,0]
[1,0,0,0]
[1,0,0,0]
[1,0,0,0]
[1,0,0,0]
[1,0,0,0]
[1,0,0,0]
[1,0,0,0]
[1,0,0,0]
[1,0,0,0]
[1,0,0,0]
[1,0,0,0]
[1,0,0,0]
[1,0,0,0]
[1,0,0,0]
[1,0,0,0]
[1,0,0,0]
[1,0,0,0]
[1,0,0,0]
[1,0,0,0]
[1,0,0,0]
[1,0,0,0]
[1,0,0,0]
[1,0,0,0]
[1,0,0,0]
[1,0,0,0]
[1,0,0,0]
[1,0,0,0]
[1,0,0,0]
[1,0,0,0]
[1,0,0,0]
[1,0,0,0]
[1,0,0,0]
[1,0,0,0]
[1,0,0,0]
[1,0,0,0]
[1,0,0,0]
[1,0,0,0]
[1,0,0,0]
[1,0,0,0]
[1,0,0,0]
[1,0,0,0]
[1,0,0,0]
[1,0,0,0]
[1,0,0,0]
[1,0,0,0]
[1,0,0,0]
[1,0,0,0]
[1,0,0,0]
[1,0,0,0]
[1,0,0,0]
[1,0,0,0]
[1,0,0,0]
[1,0,0,0]
[1,0,0,0]
[1,0,0,0]
[1,0,0,0]
[1,0,0,0]
[1,0,0,0]
[1,0,0,0]
[1,0,0,0]
[1,0,0,0]
[1,0,0,0]
[1,0,0,0]
[1,0,0,0]
[1,0,0,0]
[1,0,0,0]
[1,0,0,0]
[1,0,0,0]
[1,0,0,0]
[1,0,0,0]
[1,0,0,0]
[1,0,0,0]
[1,0,0,0]
[1,0,0,0]
[1,0,0,0]
[1,0,0,0]
[1,0,0,0]
[1,0,0,0]
[1,0,0,0]
[1,0,0,0]
[1,0,0,0]
[1,0,0,0]
[1,0,0,0]
[1,0,0,0]
[1,0,0,0]
[1,0,0,0]
[1,0,0,0]
[1,0,0,0]
[1,0,0,0]
[1,0,0,0]
[1,0,0,0]
[1,0,0,0]
[1,0,0,0]
[1,0,0,0]
[1,0,0,0]
[1,0,0,0]
[1,0,0,0]
[1,0,0,0]
[1,0,0,0]
[1,0,0,0]
[1,0,0,0]
[1,0,0,0]
[1,0,0,0]
[1,0,0,0]
[1,0,0,0]
[1,0,0,0]
[1,0,0,0]
[1,0,0,0]
[1,0,0,0]
[1,0,0,0]
[1,0,0,0]
[1,0,0,0]
[1,0,0,0]
[1,0,0,0]
[1,0,0,0]
[1,0,0,0]
[1,0,0,0]
