870
10
[0.00344828,0,0]
[0.00689655,0,0]
[0.0103448,0,0]
[0.0137931,0,0]
[0.0172414,0,0]
[0.0206897,0,0]
[0.0241379,0,0]
[0.0275862,0,0]
[0.0310345,0,0]
[0.0344828,0,0]
[0.037931,0,0]
[0.0413793,0,0]
[0.0448276,0,0]
[0.0482759,0,0]
[0.0517241,0,0]
[0.0551724,0,0]
[0.0586207,0,0]
[0.062069,0,0]
[0.0655172,0,0]
[0.0689655,0,0]
[0.0724138,0,0]
[0.0758621,0,0]
[0.0793103,0,0]
[0.0827586,0,0]
[0.0862069,0,0]
[0.0896552,0,0]
[0.0931034,0,0]
[0.0965517,0,0]
[0.1,0,0]
[0.103448,0,0]
[0.106897,0,0]
[0.110345,0,0]
[0.113793,0,0]
[0.117241,0,0]
[0.12069,0,0]
[0.124138,0,0]
[0.127586,0,0]
[0.131034,0,0]
[0.134483,0,0]
[0.137931,0,0]
[0.141379,0,0]
[0.144828,0,0]
[0.148276,0,0]
[0.151724,0,0]
[0.155172,0,0]
[0.158621,0,0]
[0.162069,0,0]
[0.165517,0,0]
[0.168966,0,0]
[0.172414,0,0]
[0.175862,0,0]
[0.17931,0,0]
[0.182759,0,0]
[0.186207,0,0]
[0.189655,0,0]
[0.193103,0,0]
[0.196552,0,0]
[0.2,0,0]
[0.203448,0,0]
[0.206897,0,0]
[0.210345,0,0]
[0.213793,0,0]
[0.217241,0,0]
[0.22069,0,0]
[0.224138,0,0]
[0.227586,0,0]
[0.231034,0,0]
[0.234483,0,0]
[0.237931,0,0]
[0.241379,0,0]
[0.244828,0,0]
[0.248276,0,0]
[0.251724,0,0]
[0.255172,0,0]
[0.258621,0,0]
[0.262069,0,0]
[0.265517,0,0]
[0.268966,0,0]
[0.272414,0,0]
[0.275862,0,0]
[0.27931,0,0]
[0.282759,0,0]
[0.286207,0,0]
[0.289655,0,0]
[0.293103,0,0]
[0.296552,0,0]
[0.3,0,0]
[0.303448,0,0]
[0.306897,0,0]
[0.310345,0,0]
[0.313793,0,0]
[0.317241,0,0]
[0.32069,0,0]
[0.324138,0,0]
[0.327586,0,0]
[0.331034,0,0]
[0.334483,0,0]
[0.337931,0,0]
[0.341379,0,0]
[0.344828,0,0]
[0.348276,0,0]
[0.351724,0,0]
[0.355172,0,0]
[0.358621,0,0]
[0.362069,0,0]
[0.365517,0,0]
[0.368966,0,0]
[0.372414,0,0]
[0.375862,0,0]
[0.37931,0,0]
[0.382759,0,0]
[0.386207,0,0]
[0.389655,0,0]
[0.393103,0,0]
[0.396552,0,0]
[0.4,0,0]
[0.403448,0,0]
[0.406897,0,0]
[0.410345,0,0]
[0.413793,0,0]
[0.417241,0,0]
[0.42069,0,0]
[0.424138,0,0]
[0.427586,0,0]
[0.431034,0,0]
[0.434483,0,0]
[0.437931,0,0]
[0.441379,0,0]
[0.444828,0,0]
[0.448276,0,0]
[0.451724,0,0]
[0.455172,0,0]
[0.458621,0,0]
[0.462069,0,0]
[0.465517,0,0]
[0.468966,0,0]
[0.472414,0,0]
[0.475862,0,0]
[0.47931,0,0]
[0.482759,0,0]
[0.486207,0,0]
[0.489655,0,0]
[0.493103,0,0]
[0.496552,0,0]
[0.5,0,0]
[0.503448,0,0]
[0.506897,0,0]
[0.510345,0,0]
[0.513793,0,0]
[0.517241,0,0]
[0.52069,0,0]
[0.524138,0,0]
[0.527586,0,0]
[0.531034,0,0]
[0.534483,0,0]
[0.537931,0,0]
[0.541379,0,0]
[0.544828,0,0]
[0.548276,0,0]
[0.551724,0,0]
[0.555172,0,0]
[0.558621,0,0]
[0.562069,0,0]
[0.565517,0,0]
[0.568966,0,0]
[0.572414,0,0]
[0.575862,0,0]
[0.57931,0,0]
[0.582759,0,0]
[0.586207,0,0]
[0.589655,0,0]
[0.593103,0,0]
[0.596552,0,0]
[0.6,0,0]
[0.603448,0,0]
[0.606897,0,0]
[0.610345,0,0]
[0.613793,0,0]
[0.617241,0,0]
[0.62069,0,0]
[0.624138,0,0]
[0.627586,0,0]
[0.631034,0,0]
[0.634483,0,0]
[0.637931,0,0]
[0.641379,0,0]
[0.644828,0,0]
[0.648276,0,0]
[0.651724,0,0]
[0.655172,0,0]
[0.658621,0,0]
[0.662069,0,0]
[0.665517,0,0]
[0.668966,0,0]
[0.672414,0,0]
[0.675862,0,0]
[0.67931,0,0]
[0.682759,0,0]
[0.686207,0,0]
[0.689655,0,0]
[0.693103,0,0]
[0.696552,0,0]
[0.7,0,0]
[0.703448,0,0]
[0.706897,0,0]
[0.710345,0,0]
[0.713793,0,0]
[0.717241,0,0]
[0.72069,0,0]
[0.724138,0,0]
[0.727586,0,0]
[0.731034,0,0]
[0.734483,0,0]
[0.737931,0,0]
[0.741379,0,0]
[0.744828,0,0]
[0.748276,0,0]
[0.751724,0,0]
[0.755172,0,0]
[0.758621,0,0]
[0.762069,0,0]
[0.765517,0,0]
[0.768966,0,0]
[0.772414,0,0]
[0.775862,0,0]
[0.77931,0,0]
[0.782759,0,0]
[0.786207,0,0]
[0.789655,0,0]
[0.793103,0,0]
[0.796552,0,0]
[0.8,0,0]
[0.803448,0,0]
[0.806897,0,0]
[0.810345,0,0]
[0.813793,0,0]
[0.817241,0,0]
[0.82069,0,0]
[0.824138,0,0]
[0.827586,0,0]
[0.831034,0,0]
[0.834483,0,0]
[0.837931,0,0]
[0.841379,0,0]
[0.844828,0,0]
[0.848276,0,0]
[0.851724,0,0]
[0.855172,0,0]
[0.858621,0,0]
[0.862069,0,0]
[0.865517,0,0]
[0.868966,0,0]
[0.872414,0,0]
[0.875862,0,0]
[0.87931,0,0]
[0.882759,0,0]
[0.886207,0,0]
[0.889655,0,0]
[0.893103,0,0]
[0.896552,0,0]
[0.9,0,0]
[0.903448,0,0]
[0.906897,0,0]
[0.910345,0,0]
[0.913793,0,0]
[0.917241,0,0]
[0.92069,0,0]
[0.924138,0,0]
[0.927586,0,0]
[0.931034,0,0]
[0.934483,0,0]
[0.937931,0,0]
[0.941379,0,0]
[0.944828,0,0]
[0.948276,0,0]
[0.951724,0,0]
[0.955172,0,0]
[0.958621,0,0]
[0.962069,0,0]
[0.965517,0,0]
[0.968966,0,0]
[0.972414,0,0]
[0.975862,0,0]
[0.97931,0,0]
[0.982759,0,0]
[0.986207,0,0]
[0.989655,0,0]
[0.993103,0,0]
[0.996552,0,0]
[1,0,0]
[1.00345,0,0]
[1.0069,0,0]
[1.01034,0,0]
[1.01379,0,0]
[1.01724,0,0]
[1.02069,0,0]
[1.02414,0,0]
[1.02759,0,0]
[1.03103,0,0]
[1.03448,0,0]
[1.03793,0,0]
[1.04138,0,0]
[1.04483,0,0]
[1.04828,0,0]
[1.05172,0,0]
[1.05517,0,0]
[1.05862,0,0]
[1.06207,0,0]
[1.06552,0,0]
[1.06897,0,0]
[1.07241,0,0]
[1.07586,0,0]
[1.07931,0,0]
[1.08276,0,0]
[1.08621,0,0]
[1.08966,0,0]
[1.0931,0,0]
[1.09655,0,0]
[1.1,0,0]
[1.10345,0,0]
[1.1069,0,0]
[1.11034,0,0]
[1.11379,0,0]
[1.11724,0,0]
[1.12069,0,0]
[1.12414,0,0]
[1.12759,0,0]
[1.13103,0,0]
[1.13448,0,0]
[1.13793,0,0]
[1.14138,0,0]
[1.14483,0,0]
[1.14828,0,0]
[1.15172,0,0]
[1.15517,0,0]
[1.15862,0,0]
[1.16207,0,0]
[1.16552,0,0]
[1.16897,0,0]
[1.17241,0,0]
[1.17586,0,0]
[1.17931,0,0]
[1.18276,0,0]
[1.18621,0,0]
[1.18966,0,0]
[1.1931,0,0]
[1.19655,0,0]
[1.2,0,0]
[1.20345,0,0]
[1.2069,0,0]
[1.21034,0,0]
[1.21379,0,0]
[1.21724,0,0]
[1.22069,0,0]
[1.22414,0,0]
[1.22759,0,0]
[1.23103,0,0]
[1.23448,0,0]
[1.23793,0,0]
[1.24138,0,0]
[1.24483,0,0]
[1.24828,0,0]
[1.25172,0,0]
[1.25517,0,0]
[1.25862,0,0]
[1.26207,0,0]
[1.26552,0,0]
[1.26897,0,0]
[1.27241,0,0]
[1.27586,0,0]
[1.27931,0,0]
[1.28276,0,0]
[1.28621,0,0]
[1.28966,0,0]
[1.2931,0,0]
[1.29655,0,0]
[1.3,0,0]
[1.30345,0,0]
[1.3069,0,0]
[1.31034,0,0]
[1.31379,0,0]
[1.31724,0,0]
[1.32069,0,0]
[1.32414,0,0]
[1.32759,0,0]
[1.33103,0,0]
[1.33448,0,0]
[1.33793,0,0]
[1.34138,0,0]
[1.34483,0,0]
[1.34828,0,0]
[1.35172,0,0]
[1.35517,0,0]
[1.35862,0,0]
[1.36207,0,0]
[1.36552,0,0]
[1.36897,0,0]
[1.37241,0,0]
[1.37586,0,0]
[1.37931,0,0]
[1.38276,0,0]
[1.38621,0,0]
[1.38966,0,0]
[1.3931,0,0]
[1.39655,0,0]
[1.4,0,0]
[1.40345,0,0]
[1.4069,0,0]
[1.41034,0,0]
[1.41379,0,0]
[1.41724,0,0]
[1.42069,0,0]
[1.42414,0,0]
[1.42759,0,0]
[1.43103,0,0]
[1.43448,0,0]
[1.43793,0,0]
[1.44138,0,0]
[1.44483,0,0]
[1.44828,0,0]
[1.45172,0,0]
[1.45517,0,0]
[1.45862,0,0]
[1.46207,0,0]
[1.46552,0,0]
[1.46897,0,0]
[1.47241,0,0]
[1.47586,0,0]
[1.47931,0,0]
[1.48276,0,0]
[1.48621,0,0]
[1.48966,0,0]
[1.4931,0,0]
[1.49655,0,0]
[1.5,0,0]
[1.50345,0,0]
[1.5069,0,0]
[1.51034,0,0]
[1.51379,0,0]
[1.51724,0,0]
[1.52069,0,0]
[1.52414,0,0]
[1.52759,0,0]
[1.53103,0,0]
[1.53448,0,0]
[1.53793,0,0]
[1.54138,0,0]
[1.54483,0,0]
[1.54828,0,0]
[1.55172,0,0]
[1.55517,0,0]
[1.55862,0,0]
[1.56207,0,0]
[1.56552,0,0]
[1.56897,0,0]
[1.57241,0,0]
[1.57586,0,0]
[1.57931,0,0]
[1.58276,0,0]
[1.58621,0,0]
[1.58966,0,0]
[1.5931,0,0]
[1.59655,0,0]
[1.6,0,0]
[1.60345,0,0]
[1.6069,0,0]
[1.61034,0,0]
[1.61379,0,0]
[1.61724,0,0]
[1.62069,0,0]
[1.62414,0,0]
[1.62759,0,0]
[1.63103,0,0]
[1.63448,0,0]
[1.63793,0,0]
[1.64138,0,0]
[1.64483,0,0]
[1.64828,0,0]
[1.65172,0,0]
[1.65517,0,0]
[1.65862,0,0]
[1.66207,0,0]
[1.66552,0,0]
[1.66897,0,0]
[1.67241,0,0]
[1.67586,0,0]
[1.67931,0,0]
[1.68276,0,0]
[1.68621,0,0]
[1.68966,0,0]
[1.6931,0,0]
[1.69655,0,0]
[1.7,0,0]
[1.70345,0,0]
[1.7069,0,0]
[1.71034,0,0]
[1.71379,0,0]
[1.71724,0,0]
[1.72069,0,0]
[1.72414,0,0]
[1.72759,0,0]
[1.73103,0,0]
[1.73448,0,0]
[1.73793,0,0]
[1.74138,0,0]
[1.74483,0,0]
[1.74828,0,0]
[1.75172,0,0]
[1.75517,0,0]
[1.75862,0,0]
[1.76207,0,0]
[1.76552,0,0]
[1.76897,0,0]
[1.77241,0,0]
[1.77586,0,0]
[1.77931,0,0]
[1.78276,0,0]
[1.78621,0,0]
[1.78966,0,0]
[1.7931,0,0]
[1.79655,0,0]
[1.8,0,0]
[1.80345,0,0]
[1.8069,0,0]
[1.81034,0,0]
[1.81379,0,0]
[1.81724,0,0]
[1.82069,0,0]
[1.82414,0,0]
[1.82759,0,0]
[1.83103,0,0]
[1.83448,0,0]
[1.83793,0,0]
[1.84138,0,0]
[1.84483,0,0]
[1.84828,0,0]
[1.85172,0,0]
[1.85517,0,0]
[1.85862,0,0]
[1.86207,0,0]
[1.86552,0,0]
[1.86897,0,0]
[1.87241,0,0]
[1.87586,0,0]
[1.87931,0,0]
[1.88276,0,0]
[1.88621,0,0]
[1.88966,0,0]
[1.8931,0,0]
[1.89655,0,0]
[1.9,0,0]
[1.90345,0,0]
[1.9069,0,0]
[1.91034,0,0]
[1.91379,0,0]
[1.91724,0,0]
[1.92069,0,0]
[1.92414,0,0]
[1.92759,0,0]
[1.93103,0,0]
[1.93448,0,0]
[1.93793,0,0]
[1.94138,0,0]
[1.94483,0,0]
[1.94828,0,0]
[1.95172,0,0]
[1.95517,0,0]
[1.95862,0,0]
[1.96207,0,0]
[1.96552,0,0]
[1.96897,0,0]
[1.97241,0,0]
[1.97586,0,0]
[1.97931,0,0]
[1.98276,0,0]
[1.98621,0,0]
[1.98966,0,0]
[1.9931,0,0]
[1.99655,0,0]
[2,0,0]
[2.00345,0,0]
[2.0069,0,0]
[2.01034,0,0]
[2.01379,0,0]
[2.01724,0,0]
[2.02069,0,0]
[2.02414,0,0]
[2.02759,0,0]
[2.03103,0,0]
[2.03448,0,0]
[2.03793,0,0]
[2.04138,0,0]
[2.04483,0,0]
[2.04828,0,0]
[2.05172,0,0]
[2.05517,0,0]
[2.05862,0,0]
[2.06207,0,0]
[2.06552,0,0]
[2.06897,0,0]
[2.07241,0,0]
[2.07586,0,0]
[2.07931,0,0]
[2.08276,0,0]
[2.08621,0,0]
[2.08966,0,0]
[2.0931,0,0]
[2.09655,0,0]
[2.1,0,0]
[2.10345,0,0]
[2.1069,0,0]
[2.11034,0,0]
[2.11379,0,0]
[2.11724,0,0]
[2.12069,0,0]
[2.12414,0,0]
[2.12759,0,0]
[2.13103,0,0]
[2.13448,0,0]
[2.13793,0,0]
[2.14138,0,0]
[2.14483,0,0]
[2.14828,0,0]
[2.15172,0,0]
[2.15517,0,0]
[2.15862,0,0]
[2.16207,0,0]
[2.16552,0,0]
[2.16897,0,0]
[2.17241,0,0]
[2.17586,0,0]
[2.17931,0,0]
[2.18276,0,0]
[2.18621,0,0]
[2.18966,0,0]
[2.1931,0,0]
[2.19655,0,0]
[2.2,0,0]
[2.20345,0,0]
[2.2069,0,0]
[2.21034,0,0]
[2.21379,0,0]
[2.21724,0,0]
[2.22069,0,0]
[2.22414,0,0]
[2.22759,0,0]
[2.23103,0,0]
[2.23448,0,0]
[2.23793,0,0]
[2.24138,0,0]
[2.24483,0,0]
[2.24828,0,0]
[2.25172,0,0]
[2.25517,0,0]
[2.25862,0,0]
[2.26207,0,0]
[2.26552,0,0]
[2.26897,0,0]
[2.27241,0,0]
[2.27586,0,0]
[2.27931,0,0]
[2.28276,0,0]
[2.28621,0,0]
[2.28966,0,0]
[2.2931,0,0]
[2.29655,0,0]
[2.3,0,0]
[2.30345,0,0]
[2.3069,0,0]
[2.31034,0,0]
[2.31379,0,0]
[2.31724,0,0]
[2.32069,0,0]
[2.32414,0,0]
[2.32759,0,0]
[2.33103,0,0]
[2.33448,0,0]
[2.33793,0,0]
[2.34138,0,0]
[2.34483,0,0]
[2.34828,0,0]
[2.35172,0,0]
[2.35517,0,0]
[2.35862,0,0]
[2.36207,0,0]
[2.36552,0,0]
[2.36897,0,0]
[2.37241,0,0]
[2.37586,0,0]
[2.37931,0,0]
[2.38276,0,0]
[2.38621,0,0]
[2.38966,0,0]
[2.3931,0,0]
[2.39655,0,0]
[2.4,0,0]
[2.40345,0,0]
[2.4069,0,0]
[2.41034,0,0]
[2.41379,0,0]
[2.41724,0,0]
[2.42069,0,0]
[2.42414,0,0]
[2.42759,0,0]
[2.43103,0,0]
[2.43448,0,0]
[2.43793,0,0]
[2.44138,0,0]
[2.44483,0,0]
[2.44828,0,0]
[2.45172,0,0]
[2.45517,0,0]
[2.45862,0,0]
[2.46207,0,0]
[2.46552,0,0]
[2.46897,0,0]
[2.47241,0,0]
[2.47586,0,0]
[2.47931,0,0]
[2.48276,0,0]
[2.48621,0,0]
[2.48966,0,0]
[2.4931,0,0]
[2.49655,0,0]
[2.5,0,0]
[2.50345,0,0]
[2.5069,0,0]
[2.51034,0,0]
[2.51379,0,0]
[2.51724,0,0]
[2.52069,0,0]
[2.52414,0,0]
[2.52759,0,0]
[2.53103,0,0]
[2.53448,0,0]
[2.53793,0,0]
[2.54138,0,0]
[2.54483,0,0]
[2.54828,0,0]
[2.55172,0,0]
[2.55517,0,0]
[2.55862,0,0]
[2.56207,0,0]
[2.56552,0,0]
[2.56897,0,0]
[2.57241,0,0]
[2.57586,0,0]
[2.57931,0,0]
[2.58276,0,0]
[2.58621,0,0]
[2.58966,0,0]
[2.5931,0,0]
[2.59655,0,0]
[2.6,0,0]
[2.60345,0,0]
[2.6069,0,0]
[2.61034,0,0]
[2.61379,0,0]
[2.61724,0,0]
[2.62069,0,0]
[2.62414,0,0]
[2.62759,0,0]
[2.63103,0,0]
[2.63448,0,0]
[2.63793,0,0]
[2.64138,0,0]
[2.64483,0,0]
[2.64828,0,0]
[2.65172,0,0]
[2.65517,0,0]
[2.65862,0,0]
[2.66207,0,0]
[2.66552,0,0]
[2.66897,0,0]
[2.67241,0,0]
[2.67586,0,0]
[2.67931,0,0]
[2.68276,0,0]
[2.68621,0,0]
[2.68966,0,0]
[2.6931,0,0]
[2.69655,0,0]
[2.7,0,0]
[2.70345,0,0]
[2.7069,0,0]
[2.71034,0,0]
[2.71379,0,0]
[2.71724,0,0]
[2.72069,0,0]
[2.72414,0,0]
[2.72759,0,0]
[2.73103,0,0]
[2.73448,0,0]
[2.73793,0,0]
[2.74138,0,0]
[2.74483,0,0]
[2.74828,0,0]
[2.75172,0,0]
[2.75517,0,0]
[2.75862,0,0]
[2.76207,0,0]
[2.76552,0,0]
[2.76897,0,0]
[2.77241,0,0]
[2.77586,0,0]
[2.77931,0,0]
[2.78276,0,0]
[2.78621,0,0]
[2.78966,0,0]
[2.7931,0,0]
[2.79655,0,0]
[2.8,0,0]
[2.80345,0,0]
[2.8069,0,0]
[2.81034,0,0]
[2.81379,0,0]
[2.81724,0,0]
[2.82069,0,0]
[2.82414,0,0]
[2.82759,0,0]
[2.83103,0,0]
[2.83448,0,0]
[2.83793,0,0]
[2.84138,0,0]
[2.84483,0,0]
[2.84828,0,0]
[2.85172,0,0]
[2.85517,0,0]
[2.85862,0,0]
[2.86207,0,0]
[2.86552,0,0]
[2.86897,0,0]
[2.87241,0,0]
[2.87586,0,0]
[2.87931,0,0]
[2.88276,0,0]
[2.88621,0,0]
[2.88966,0,0]
[2.8931,0,0]
[2.89655,0,0]
[2.9,0,0]
[2.90345,0,0]
[2.9069,0,0]
[2.91034,0,0]
[2.91379,0,0]
[2.91724,0,0]
[2.92069,0,0]
[2.92414,0,0]
[2.92759,0,0]
[2.93103,0,0]
[2.93448,0,0]
[2.93793,0,0]
[2.94138,0,0]
[2.94483,0,0]
[2.94828,0,0]
[2.95172,0,0]
[2.95517,0,0]
[2.95862,0,0]
[2.96207,0,0]
[2.96552,0,0]
[2.96897,0,0]
[2.97241,0,0]
[2.97586,0,0]
[2.97931,0,0]
[2.98276,0,0]
[2.98621,0,0]
[2.98966,0,0]
[2.9931,0,0]
[2.99655,0,0]
[3,0,0]
[1,0,0,0]
[1,0,0,0]
[1,0,0,0]
[1,0,0,0]
[1,0,0,0]
[1,0,0,0]
[1,0,0,0]
[1,0,0,0]
[1,0,0,0]
[1,0,0,0]
[1,0,0,0]
[1,0,0,0]
[1,0,0,0]
[1,0,0,0]
[1,0,0,0]
[1,0,0,0]
[1,0,0,0]
[1,0,0,0]
[1,0,0,0]
[1,0,0,0]
[1,0,0,0]
[1,0,0,0]
[1,0,0,0]
[1,0,0,0]
[1,0,0,0]
[1,0,0,0]
[1,0,0,0]
[1,0,0,0]
[1,0,0,0]
[1,0,0,0]
[1,0,0,0]
[1,0,0,0]
[1,0,0,0]
[1,0,0,0]
[1,0,0,0]
[1,0,0,0]
[1,0,0,0]
[1,0,0,0]
[1,0,0,0]
[1,0,0,0]
[1,0,0,0]
[1,0,0,0]
[1,0,0,0]
[1,0,0,0]
[1,0,0,0]
[1,0,0,0]
[1,0,0,0]
[1,0,0,0]
[1,0,0,0]
[1,0,0,0]
[1,0,0,0]
[1,0,0,0]
[1,0,0,0]
[1,0,0,0]
[1,0,0,0]
[1,0,0,0]
[1,0,0,0]
[1,0,0,0]
[1,0,0,0]
[1,0,0,0]
[1,0,0,0]
[1,0,0,0]
[1,0,0,0]
[1,0,0,0]
[1,0,0,0]
[1,0,0,0]
[1,0,0,0]
[1,0,0,0]
[1,0,0,0]
[1,0,0,0]
[1,0,0,0]
[1,0,0,0]
[1,0,0,0]
[1,0,0,0]
[1,0,0,0]
[1,0,0,0]
[1,0,0,0]
[1,0,0,0]
[1,0,0,0]
[1,0,0,0]
[1,0,0,0]
[1,0,0,0]
[1,0,0,0]
[1,0,0,0]
[1,0,0,0]
[1,0,0,0]
[1,0,0,0]
[1,0,0,0]
[1,0,0,0]
[1,0,0,0]
[1,0,0,0]
[1,0,0,0]
[1,0,0,0]
[1,0,0,0]
[1,0,0,0]
[1,0,0,0]
[1,0,0,0]
[1,0,0,0]
[1,0,0,0]
[1,0,0,0]
[1,0,0,0]
[1,0,0,0]
[1,0,0,0]
[1,0,0,0]
[1,0,0,0]
[1,0,0,0]
[1,0,0,0]
[1,0,0,0]
[1,0,0,0]
[1,0,0,0]
[1,0,0,0]
[1,0,0,0]
[1,0,0,0]
[1,0,0,0]
[1,0,0,0]
[1,0,0,0]
[1,0,0,0]
[1,0,0,0]
[1,0,0,0]
[1,0,0,0]
[1,0,0,0]
[1,0,0,0]
[1,0,0,0]
[1,0,0,0]
[1,0,0,0]
[1,0,0,0]
[1,0,0,0]
[1,0,0,0]
[1,0,0,0]
[1,0,0,0]
[1,0,0,0]
[1,0,0,0]
[1,0,0,0]
[1,0,0,0]
[1,0,0,0]
[1,0,0,0]
[1,0,0,0]
[1,0,0,0]
[1,0,0,0]
[1,0,0,0]
[1,0,0,0]
[1,0,0,0]
[1,0,0,0]
[1,0,0,0]
[1,0,0,0]
[1,0,0,0]
[1,0,0,0]
[1,0,0,0]
[1,0,0,0]
[1,0,0,0]
[1,0,0,0]
[1,0,0,0]
[1,0,0,0]
[1,0,0,0]
[1,0,0,0]
[1,0,0,0]
[1,0,0,0]
[1,0,0,0]
[1,0,0,0]
[1,0,0,0]
[1,0,0,0]
[1,0,0,0]
[1,0,0,0]
[1,0,0,0]
[1,0,0,0]
[1,0,0,0]
[1,0,0,0]
[1,0,0,0]
[1,0,0,0]
[1,0,0,0]
[1,0,0,0]
[1,0,0,0]
[1,0,0,0]
[1,0,0,0]
[1,0,0,0]
[1,0,0,0]
[1,0,0,0]
[1,0,0,0]
[1,0,0,0]
[1,0,0,0]
[1,0,0,0]
[1,0,0,0]
[1,0,0,0]
[1,0,0,0]
[1,0,0,0]
[1,0,0,0]
[1,0,0,0]
[1,0,0,0]
[1,0,0,0]
[1,0,0,0]
[1,0,0,0]
[1,0,0,0]
[1,0,0,0]
[1,0,0,0]
[1,0,0,0]
[1,0,0,0]
[1,0,0,0]
[1,0,0,0]
[1,0,0,0]
[1,0,0,0]
[1,0,0,0]
[1,0,0,0]
[1,0,0,0]
[1,0,0,0]
[1,0,0,0]
[1,0,0,0]
[1,0,0,0]
[1,0,0,0]
[1,0,0,0]
[1,0,0,0]
[1,0,0,0]
[1,0,0,0]
[1,0,0,0]
[1,0,0,0]
[1,0,0,0]
[1,0,0,0]
[1,0,0,0]
[1,0,0,0]
[1,0,0,0]
[1,0,0,0]
[1,0,0,0]
[1,0,0,0]
[1,0,0,0]
[1,0,0,0]
[1,0,0,0]
[1,0,0,0]
[1,0,0,0]
[1,0,0,0]
[1,0,0,0]
[1,0,0,0]
[1,0,0,0]
[1,0,0,0]
[1,0,0,0]
[1,0,0,0]
[1,0,0,0]
[1,0,0,0]
[1,0,0,0]
[1,0,0,0]
[1,0,0,0]
[1,0,0,0]
[1,0,0,0]
[1,0,0,0]
[1,0,0,0]
[1,0,0,0]
[1,0,0,0]
[1,0,0,0]
[1,0,0,0]
[1,0,0,0]
[1,0,0,0]
[1,0,0,0]
[1,0,0,0]
[1,0,0,0]
[1,0,0,0]
[1,0,0,0]
[1,0,0,0]
[1,0,0,0]
[1,0,0,0]
[1,0,0,0]
[1,0,0,0]
[1,0,0,0]
[1,0,0,0]
[1,0,0,0]
[1,0,0,0]
[1,0,0,0]
[1,0,0,0]
[1,0,0,0]
[1,0,0,0]
[1,0,0,0]
[1,0,0,0]
[1,0,0,0]
[1,0,0,0]
[1,0,0,0]
[1,0,0,0]
[1,0,0,0]
[1,0,0,0]
[1,0,0,0]
[1,0,0,0]
[1,0,0,0]
[1,0,0,0]
[1,0,0,0]
[1,0,0,0]
[1,0,0,0]
[1,0,0,0]
[1,0,0,0]
[1,0,0,0]
[1,0,0,0]
[1,0,0,0]
[1,0,0,0]
[1,0,0,0]
[1,0,0,0]
[1,0,0,0]
[1,0,0,0]
[1,0,0,0]
[1,0,0,0]
[1,0,0,0]
[1,0,0,0]
[1,0,0,0]
[1,0,0,0]
[1,0,0,0]
[1,0,0,0]
[1,0,0,0]
[1,0,0,0]
[1,0,0,0]
[1,0,0,0]
[1,0,0,0]
[1,0,0,0]
[1,0,0,0]
[1,0,0,0]
[1,0,0,0]
[1,0,0,0]
[1,0,0,0]
[1,0,0,0]
[1,0,0,0]
[1,0,0,0]
[1,0,0,0]
[1,0,0,0]
[1,0,0,0]
[1,0,0,0]
[1,0,0,0]
[1,0,0,0]
[1,0,0,0]
[1,0,0,0]
[1,0,0,0]
[1,0,0,0]
[1,0,0,0]
[1,0,0,0]
[1,0,0,0]
[1,0,0,0]
[1,0,0,0]
[1,0,0,0]
[1,0,0,0]
[1,0,0,0]
[1,0,0,0]
[1,0,0,0]
[1,0,0,0]
[1,0,0,0]
[1,0,0,0]
[1,0,0,0]
[1,0,0,0]
[1,0,0,0]
[1,0,0,0]
[1,0,0,0]
[1,0,0,0]
[1,0,0,0]
[1,0,0,0]
[1,0,0,0]
[1,0,0,0]
[1,0,0,0]
[1,0,0,0]
[1,0,0,0]
[1,0,0,0]
[1,0,0,0]
[1,0,0,0]
[1,0,0,0]
[1,0,0,0]
[1,0,0,0]
[1,0,0,0]
[1,0,0,0]
[1,0,0,0]
[1,0,0,0]
[1,0,0,0]
[1,0,0,0]
[1,0,0,0]
[1,0,0,0]
[1,0,0,0]
[1,0,0,0]
[1,0,0,0]
[1,0,0,0]
[1,0,0,0]
[1,0,0,0]
[1,0,0,0]
[1,0,0,0]
[1,0,0,0]
[1,0,0,0]
[1,0,0,0]
[1,0,0,0]
[1,0,0,0]
[1,0,0,0]
[1,0,0,0]
[1,0,0,0]
[1,0,0,0]
[1,0,0,0]
[1,0,0,0]
[1,0,0,0]
[1,0,0,0]
[1,0,0,0]
[1,0,0,0]
[1,0,0,0]
[1,0,0,0]
[1,0,0,0]
[1,0,0,0]
[1,0,0,0]
[1,0,0,0]
[1,0,0,0]
[1,0,0,0]
[1,0,0,0]
[1,0,0,0]
[1,0,0,0]
[1,0,0,0]
[1,0,0,0]
[1,0,0,0]
[1,0,0,0]
[1,0,0,0]
[1,0,0,0]
[1,0,0,0]
[1,0,0,0]
[1,0,0,0]
[1,0,0,0]
[1,0,0,0]
[1,0,0,0]
[1,0,0,0]
[1,0,0,0]
[1,0,0,0]
[1,0,0,0]
[1,0,0,0]
[1,0,0,0]
[1,0,0,0]
[1,0,0,0]
[1,0,0,0]
[1,0,0,0]
[1,0,0,0]
[1,0,0,0]
[1,0,0,0]
[1,0,0,0]
[1,0,0,0]
[1,0,0,0]
[1,0,0,0]
[1,0,0,0]
[1,0,0,0]
[1,0,0,0]
[1,0,0,0]
[1,0,0,0]
[1,0,0,0]
[1,0,0,0]
[1,0,0,0]
[1,0,0,0]
[1,0,0,0]
[1,0,0,0]
[1,0,0,0]
[1,0,0,0]
[1,0,0,0]
[1,0,0,0]
[1,0,0,0]
[1,0,0,0]
[1,0,0,0]
[1,0,0,0]
[1,0,0,0]
[1,0,0,0]
[1,0,0,0]
[1,0,0,0]
[1,0,0,0]
[1,0,0,0]
[1,0,0,0]
[1,0,0,0]
[1,0,0,0]
[1,0,0,0]
[1,0,0,0]
[1,0,0,0]
[1,0,0,0]
[1,0,0,0]
[1,0,0,0]
[1,0,0,0]
[1,0,0,0]
[1,0,0,0]
[1,0,0,0]
[1,0,0,0]
[1,0,0,0]
[1,0,0,0]
[1,0,0,0]
[1,0,0,0]
[1,0,0,0]
[1,0,0,0]
[1,0,0,0]
[1,0,0,0]
[1,0,0,0]
[1,0,0,0]
[1,0,0,0]
[1,0,0,0]
[1,0,0,0]
[1,0,0,0]
[1,0,0,0]
[1,0,0,0]
[1,0,0,0]
[1,0,0,0]
[1,0,0,0]
[1,0,0,0]
[1,0,0,0]
[1,0,0,0]
[1,0,0,0]
[1,0,0,0]
[1,0,0,0]
[1,0,0,0]
[1,0,0,0]
[1,0,0,0]
[1,0,0,0]
[1,0,0,0]
[1,0,0,0]
[1,0,0,0]
[1,0,0,0]
[1,0,0,0]
[1,0,0,0]
[1,0,0,0]
[1,0,0,0]
[1,0,0,0]
[1,0,0,0]
[1,0,0,0]
[1,0,0,0]
[1,0,0,0]
[1,0,0,0]
[1,0,0,0]
[1,0,0,0]
[1,0,0,0]
[1,0,0,0]
[1,0,0,0]
[1,0,0,0]
[1,0,0,0]
[1,0,0,0]
[1,0,0,0]
[1,0,0,0]
[1,0,0,0]
[1,0,0,0]
[1,0,0,0]
[1,0,0,0]
[1,0,0,0]
[1,0,0,0]
[1,0,0,0]
[1,0,0,0]
[1,0,0,0]
[1,0,0,0]
[1,0,0,0]
[1,0,0,0]
[1,0,0,0]
[1,0,0,0]
[1,0,0,0]
[1,0,0,0]
[1,0,0,0]
[1,0,0,0]
[1,0,0,0]
[1,0,0,0]
[1,0,0,0]
[1,0,0,0]
[1,0,0,0]
[1,0,0,0]
[1,0,0,0]
[1,0,0,0]
[1,0,0,0]
[1,0,0,0]
[1,0,0,0]
[1,0,0,0]
[1,0,0,0]
[1,0,0,0]
[1,0,0,0]
[1,0,0,0]
[1,0,0,0]
[1,0,0,0]
[1,0,0,0]
[1,0,0,0]
[1,0,0,0]
[1,0,0,0]
[1,0,0,0]
[1,0,0,0]
[1,0,0,0]
[1,0,0,0]
[1,0,0,0]
[1,0,0,0]
[1,0,0,0]
[1,0,0,0]
[1,0,0,0]
[1,0,0,0]
[1,0,0,0]
[1,0,0,0]
[1,0,0,0]
[1,0,0,0]
[1,0,0,0]
[1,0,0,0]
[1,0,0,0]
[1,0,0,0]
[1,0,0,0]
[1,0,0,0]
[1,0,0,0]
[1,0,0,0]
[1,0,0,0]
[1,0,0,0]
[1,0,0,0]
[1,0,0,0]
[1,0,0,0]
[1,0,0,0]
[1,0,0,0]
[1,0,0,0]
[1,0,0,0]
[1,0,0,0]
[1,0,0,0]
[1,0,0,0]
[1,0,0,0]
[1,0,0,0]
[1,0,0,0]
[1,0,0,0]
[1,0,0,0]
[1,0,0,0]
[1,0,0,0]
[1,0,0,0]
[1,0,0,0]
[1,0,0,0]
[1,0,0,0]
[1,0,0,0]
[1,0,0,0]
[1,0,0,0]
[1,0,0,0]
[1,0,0,0]
[1,0,0,0]
[1,0,0,0]
[1,0,0,0]
[1,0,0,0]
[1,0,0,0]
[1,0,0,0]
[1,0,0,0]
[1,0,0,0]
[1,0,0,0]
[1,0,0,0]
[1,0,0,0]
[1,0,0,0]
[1,0,0,0]
[1,0,0,0]
[1,0,0,0]
[1,0,0,0]
[1,0,0,0]
[1,0,0,0]
[1,0,0,0]
[1,0,0,0]
[1,0,0,0]
[1,0,0,0]
[1,0,0,0]
[1,0,0,0]
[1,0,0,0]
[1,0,0,0]
[1,0,0,0]
[1,0,0,0]
[1,0,0,0]
[1,0,0,0]
[1,0,0,0]
[1,0,0,0]
[1,0,0,0]
[1,0,0,0]
[1,0,0,0]
[1,0,0,0]
[1,0,0,0]
[1,0,0,0]
[1,0,0,0]
[1,0,0,0]
[1,0,0,0]
[1,0,0,0]
[1,0,0,0]
[1,0,0,0]
[1,0,0,0]
[1,0,0,0]
[1,0,0,0]
[1,0,0,0]
[1,0,0,0]
[1,0,0,0]
[1,0,0,0]
[1,0,0,0]
[1,0,0,0]
[1,0,0,0]
[1,0,0,0]
[1,0,0,0]
[1,0,0,0]
[1,0,0,0]
[1,0,0,0]
[1,0,0,0]
[1,0,0,0]
[1,0,0,0]
[1,0,0,0]
[1,0,0,0]
[1,0,0,0]
[1,0,0,0]
[1,0,0,0]
[1,0,0,0]
[1,0,0,0]
[1,0,0,0]
[1,0,0,0]
[1,0,0,0]
[1,0,0,0]
[1,0,0,0]
[1,0,0,0]
[1,0,0,0]
[1,0,0,0]
[1,0,0,0]
[1,0,0,0]
[1,0,0,0]
[1,0,0,0]
[1,0,0,0]
[1,0,0,0]
[1,0,0,0]
[1,0,0,0]
[1,0,0,0]
[1,0,0,0]
[1,0,0,0]
[1,0,0,0]
[1,0,0,0]
[1,0,0,0]
[1,0,0,0]
[1,0,0,0]
[1,0,0,0]
[1,0,0,0]
[1,0,0,0]
[1,0,0,0]
[1,0,0,0]
[1,0,0,0]
[1,0,0,0]
[1,0,0,0]
[1,0,0,0]
[1,0,0,0]
[1,0,0,0]
[1,0,0,0]
[1,0,0,0]
[1,0,0,0]
[1,0,0,0]
[1,0,0,0]
[1,0,0,0]
[1,0,0,0]
[1,0,0,0]
[1,0,0,0]
[1,0,0,0]
[1,0,0,0]
[1,0,0,0]
[1,0,0,0]
[1,0,0,0]
[1,0,0,0]
[1,0,0,0]
[1,0,0,0]
[1,0,0,0]
[1,0,0,0]
[1,0,0,0]
[1,0,0,0]
[1,0,0,0]
[1,0,0,0]
[1,0,0,0]
[1,0,0,0]
[1,0,0,0]
[1,0,0,0]
[1,0,0,0]
[1,0,0,0]
[1,0,0,0]
[1,0,0,0]
[1,0,0,0]
[1,0,0,0]
[1,0,0,0]
[1,0,0,0]
[1,0,0,0]
[1,0,0,0]
[1,0,0,0]
[1,0,0,0]
[1,0,0,0]
[1,0,0,0]
[1,0,0,0]
[1,0,0,0]
[1,0,0,0]
[1,0,0,0]
[1,0,0,0]
[1,0,0,0]
[1,0,0,0]
[1,0,0,0]
[1,0,0,0]
[1,0,0,0]
[1,0,0,0]
[1,0,0,0]
[1,0,0,0]
[1,0,0,0]
[1,0,0,0]
[1,0,0,0]
[1,0,0,0]
[1,0,0,0]
[1,0,0,0]
[1,0,0,0]
[1,0,0,0]
[1,0,0,0]
[1,0,0,0]
[1,0,0,0]
[1,0,0,0]
[1,0,0,0]
[1,0,0,0]
[1,0,0,0]
[1,0,0,0]
[1,0,0,0]
[1,0,0,0]
[1,0,0,0]
[1,0,0,0]
[1,0,0,0]
[1,0,0,0]
[1,0,0,0]
[1,0,0,0]
[1,0,0,0]
[1,0,0,0]
[1,0,0,0]
[1,0,0,0]
[1,0,0,0]
[1,0,0,0]
[1,0,0,0]
[1,0,0,0]
[1,0,0,0]
[1,0,0,0]
[1,0,0,0]
[1,0,0,0]
[1,0,0,0]
[1,0,0,0]
[1,0,0,0]
[1,0,0,0]
[1,0,0,0]
[1,0,0,0]
[1,0,0,0]
[1,0,0,0]
[1,0,0,0]
[1,0,0,0]
[1,0,0,0]
[1,0,0,0]
[1,0,0,0]
[1,0,0,0]
[1,0,0,0]
[1,0,0,0]
[1,0,0,0]
[1,0,0,0]
[1,0,0,0]
[1,0,0,0]
[1,0,0,0]
[1,0,0,0]
[1,0,0,0]
[1,0,0,0]
[1,0,0,0]
[1,0,0,0]
[1,0,0,0]
[1,0,0,0]
[1,0,0,0]
[1,0,0,0]
[1,0,0,0]
[1,0,0,0]
[1,0,0,0]
[1,0,0,0]
[1,0,0,0]
[1,0,0,0]
[1,0,0,0]
[1,0,0,0]
[1,0,0,0]
[1,0,0,0]
[1,0,0,0]
[1,0,0,0]
[1,0,0,0]
[1,0,0,0]
[1,0,0,0]
[1,0,0,0]
[1,0,0,0]
[1,0,0,0]
[1,0,0,0]
[1,0,0,0]
[1,0,0,0]
[1,0,0,0]
[1,0,0,0]
[1,0,0,0]
[1,0,0,0]
[1,0,0,0]
[1,0,0,0]
[1,0,0,0]
[1,0,0,0]
[1,0,0,0]
[1,0,0,0]
[1,0,0,0]
[1,0,0,0]
[1,0,0,0]
[1,0,0,0]
[1,0,0,0]
[1,0,0,0]
