1210
10
[0.00247934,0,0]
[0.00495868,0,0]
[0.00743802,0,0]
[0.00991736,0,0]
[0.0123967,0,0]
[0.014876,0,0]
[0.0173554,0,0]
[0.0198347,0,0]
[0.022314,0,0]
[0.0247934,0,0]
[0.0272727,0,0]
[0.0297521,0,0]
[0.0322314,0,0]
[0.0347107,0,0]
[0.0371901,0,0]
[0.0396694,0,0]
[0.0421488,0,0]
[0.0446281,0,0]
[0.0471074,0,0]
[0.0495868,0,0]
[0.0520661,0,0]
[0.0545455,0,0]
[0.0570248,0,0]
[0.0595041,0,0]
[0.0619835,0,0]
[0.0644628,0,0]
[0.0669421,0,0]
[0.0694215,0,0]
[0.0719008,0,0]
[0.0743802,0,0]
[0.0768595,0,0]
[0.0793388,0,0]
[0.0818182,0,0]
[0.0842975,0,0]
[0.0867769,0,0]
[0.0892562,0,0]
[0.0917355,0,0]
[0.0942149,0,0]
[0.0966942,0,0]
[0.0991736,0,0]
[0.101653,0,0]
[0.104132,0,0]
[0.106612,0,0]
[0.109091,0,0]
[0.11157,0,0]
[0.11405,0,0]
[0.116529,0,0]
[0.119008,0,0]
[0.121488,0,0]
[0.123967,0,0]
[0.126446,0,0]
[0.128926,0,0]
[0.131405,0,0]
[0.133884,0,0]
[0.136364,0,0]
[0.138843,0,0]
[0.141322,0,0]
[0.143802,0,0]
[0.146281,0,0]
[0.14876,0,0]
[0.15124,0,0]
[0.153719,0,0]
[0.156198,0,0]
[0.158678,0,0]
[0.161157,0,0]
[0.163636,0,0]
[0.166116,0,0]
[0.168595,0,0]
[0.171074,0,0]
[0.173554,0,0]
[0.176033,0,0]
[0.178512,0,0]
[0.180992,0,0]
[0.183471,0,0]
[0.18595,0,0]
[0.18843,0,0]
[0.190909,0,0]
[0.193388,0,0]
[0.195868,0,0]
[0.198347,0,0]
[0.200826,0,0]
[0.203306,0,0]
[0.205785,0,0]
[0.208264,0,0]
[0.210744,0,0]
[0.213223,0,0]
[0.215702,0,0]
[0.218182,0,0]
[0.220661,0,0]
[0.22314,0,0]
[0.22562,0,0]
[0.228099,0,0]
[0.230579,0,0]
[0.233058,0,0]
[0.235537,0,0]
[0.238017,0,0]
[0.240496,0,0]
[0.242975,0,0]
[0.245455,0,0]
[0.247934,0,0]
[0.250413,0,0]
[0.252893,0,0]
[0.255372,0,0]
[0.257851,0,0]
[0.260331,0,0]
[0.26281,0,0]
[0.265289,0,0]
[0.267769,0,0]
[0.270248,0,0]
[0.272727,0,0]
[0.275207,0,0]
[0.277686,0,0]
[0.280165,0,0]
[0.282645,0,0]
[0.285124,0,0]
[0.287603,0,0]
[0.290083,0,0]
[0.292562,0,0]
[0.295041,0,0]
[0.297521,0,0]
[0.3,0,0]
[0.302479,0,0]
[0.304959,0,0]
[0.307438,0,0]
[0.309917,0,0]
[0.312397,0,0]
[0.314876,0,0]
[0.317355,0,0]
[0.319835,0,0]
[0.322314,0,0]
[0.324793,0,0]
[0.327273,0,0]
[0.329752,0,0]
[0.332231,0,0]
[0.334711,0,0]
[0.33719,0,0]
[0.339669,0,0]
[0.342149,0,0]
[0.344628,0,0]
[0.347107,0,0]
[0.349587,0,0]
[0.352066,0,0]
[0.354545,0,0]
[0.357025,0,0]
[0.359504,0,0]
[0.361983,0,0]
[0.364463,0,0]
[0.366942,0,0]
[0.369421,0,0]
[0.371901,0,0]
[0.37438,0,0]
[0.37686,0,0]
[0.379339,0,0]
[0.381818,0,0]
[0.384298,0,0]
[0.386777,0,0]
[0.389256,0,0]
[0.391736,0,0]
[0.394215,0,0]
[0.396694,0,0]
[0.399174,0,0]
[0.401653,0,0]
[0.404132,0,0]
[0.406612,0,0]
[0.409091,0,0]
[0.41157,0,0]
[0.41405,0,0]
[0.416529,0,0]
[0.419008,0,0]
[0.421488,0,0]
[0.423967,0,0]
[0.426446,0,0]
[0.428926,0,0]
[0.431405,0,0]
[0.433884,0,0]
[0.436364,0,0]
[0.438843,0,0]
[0.441322,0,0]
[0.443802,0,0]
[0.446281,0,0]
[0.44876,0,0]
[0.45124,0,0]
[0.453719,0,0]
[0.456198,0,0]
[0.458678,0,0]
[0.461157,0,0]
[0.463636,0,0]
[0.466116,0,0]
[0.468595,0,0]
[0.471074,0,0]
[0.473554,0,0]
[0.476033,0,0]
[0.478512,0,0]
[0.480992,0,0]
[0.483471,0,0]
[0.48595,0,0]
[0.48843,0,0]
[0.490909,0,0]
[0.493388,0,0]
[0.495868,0,0]
[0.498347,0,0]
[0.500826,0,0]
[0.503306,0,0]
[0.505785,0,0]
[0.508264,0,0]
[0.510744,0,0]
[0.513223,0,0]
[0.515702,0,0]
[0.518182,0,0]
[0.520661,0,0]
[0.52314,0,0]
[0.52562,0,0]
[0.528099,0,0]
[0.530579,0,0]
[0.533058,0,0]
[0.535537,0,0]
[0.538017,0,0]
[0.540496,0,0]
[0.542975,0,0]
[0.545455,0,0]
[0.547934,0,0]
[0.550413,0,0]
[0.552893,0,0]
[0.555372,0,0]
[0.557851,0,0]
[0.560331,0,0]
[0.56281,0,0]
[0.565289,0,0]
[0.567769,0,0]
[0.570248,0,0]
[0.572727,0,0]
[0.575207,0,0]
[0.577686,0,0]
[0.580165,0,0]
[0.582645,0,0]
[0.585124,0,0]
[0.587603,0,0]
[0.590083,0,0]
[0.592562,0,0]
[0.595041,0,0]
[0.597521,0,0]
[0.6,0,0]
[0.602479,0,0]
[0.604959,0,0]
[0.607438,0,0]
[0.609917,0,0]
[0.612397,0,0]
[0.614876,0,0]
[0.617355,0,0]
[0.619835,0,0]
[0.622314,0,0]
[0.624793,0,0]
[0.627273,0,0]
[0.629752,0,0]
[0.632231,0,0]
[0.634711,0,0]
[0.63719,0,0]
[0.639669,0,0]
[0.642149,0,0]
[0.644628,0,0]
[0.647107,0,0]
[0.649587,0,0]
[0.652066,0,0]
[0.654545,0,0]
[0.657025,0,0]
[0.659504,0,0]
[0.661983,0,0]
[0.664463,0,0]
[0.666942,0,0]
[0.669421,0,0]
[0.671901,0,0]
[0.67438,0,0]
[0.67686,0,0]
[0.679339,0,0]
[0.681818,0,0]
[0.684298,0,0]
[0.686777,0,0]
[0.689256,0,0]
[0.691736,0,0]
[0.694215,0,0]
[0.696694,0,0]
[0.699174,0,0]
[0.701653,0,0]
[0.704132,0,0]
[0.706612,0,0]
[0.709091,0,0]
[0.71157,0,0]
[0.71405,0,0]
[0.716529,0,0]
[0.719008,0,0]
[0.721488,0,0]
[0.723967,0,0]
[0.726446,0,0]
[0.728926,0,0]
[0.731405,0,0]
[0.733884,0,0]
[0.736364,0,0]
[0.738843,0,0]
[0.741322,0,0]
[0.743802,0,0]
[0.746281,0,0]
[0.74876,0,0]
[0.75124,0,0]
[0.753719,0,0]
[0.756198,0,0]
[0.758678,0,0]
[0.761157,0,0]
[0.763636,0,0]
[0.766116,0,0]
[0.768595,0,0]
[0.771074,0,0]
[0.773554,0,0]
[0.776033,0,0]
[0.778512,0,0]
[0.780992,0,0]
[0.783471,0,0]
[0.78595,0,0]
[0.78843,0,0]
[0.790909,0,0]
[0.793388,0,0]
[0.795868,0,0]
[0.798347,0,0]
[0.800826,0,0]
[0.803306,0,0]
[0.805785,0,0]
[0.808264,0,0]
[0.810744,0,0]
[0.813223,0,0]
[0.815702,0,0]
[0.818182,0,0]
[0.820661,0,0]
[0.82314,0,0]
[0.82562,0,0]
[0.828099,0,0]
[0.830579,0,0]
[0.833058,0,0]
[0.835537,0,0]
[0.838017,0,0]
[0.840496,0,0]
[0.842975,0,0]
[0.845455,0,0]
[0.847934,0,0]
[0.850413,0,0]
[0.852893,0,0]
[0.855372,0,0]
[0.857851,0,0]
[0.860331,0,0]
[0.86281,0,0]
[0.865289,0,0]
[0.867769,0,0]
[0.870248,0,0]
[0.872727,0,0]
[0.875207,0,0]
[0.877686,0,0]
[0.880165,0,0]
[0.882645,0,0]
[0.885124,0,0]
[0.887603,0,0]
[0.890083,0,0]
[0.892562,0,0]
[0.895041,0,0]
[0.897521,0,0]
[0.9,0,0]
[0.902479,0,0]
[0.904959,0,0]
[0.907438,0,0]
[0.909917,0,0]
[0.912397,0,0]
[0.914876,0,0]
[0.917355,0,0]
[0.919835,0,0]
[0.922314,0,0]
[0.924793,0,0]
[0.927273,0,0]
[0.929752,0,0]
[0.932231,0,0]
[0.934711,0,0]
[0.93719,0,0]
[0.939669,0,0]
[0.942149,0,0]
[0.944628,0,0]
[0.947107,0,0]
[0.949587,0,0]
[0.952066,0,0]
[0.954545,0,0]
[0.957025,0,0]
[0.959504,0,0]
[0.961983,0,0]
[0.964463,0,0]
[0.966942,0,0]
[0.969421,0,0]
[0.971901,0,0]
[0.97438,0,0]
[0.97686,0,0]
[0.979339,0,0]
[0.981818,0,0]
[0.984298,0,0]
[0.986777,0,0]
[0.989256,0,0]
[0.991736,0,0]
[0.994215,0,0]
[0.996694,0,0]
[0.999174,0,0]
[1.00165,0,0]
[1.00413,0,0]
[1.00661,0,0]
[1.00909,0,0]
[1.01157,0,0]
[1.01405,0,0]
[1.01653,0,0]
[1.01901,0,0]
[1.02149,0,0]
[1.02397,0,0]
[1.02645,0,0]
[1.02893,0,0]
[1.0314,0,0]
[1.03388,0,0]
[1.03636,0,0]
[1.03884,0,0]
[1.04132,0,0]
[1.0438,0,0]
[1.04628,0,0]
[1.04876,0,0]
[1.05124,0,0]
[1.05372,0,0]
[1.0562,0,0]
[1.05868,0,0]
[1.06116,0,0]
[1.06364,0,0]
[1.06612,0,0]
[1.0686,0,0]
[1.07107,0,0]
[1.07355,0,0]
[1.07603,0,0]
[1.07851,0,0]
[1.08099,0,0]
[1.08347,0,0]
[1.08595,0,0]
[1.08843,0,0]
[1.09091,0,0]
[1.09339,0,0]
[1.09587,0,0]
[1.09835,0,0]
[1.10083,0,0]
[1.10331,0,0]
[1.10579,0,0]
[1.10826,0,0]
[1.11074,0,0]
[1.11322,0,0]
[1.1157,0,0]
[1.11818,0,0]
[1.12066,0,0]
[1.12314,0,0]
[1.12562,0,0]
[1.1281,0,0]
[1.13058,0,0]
[1.13306,0,0]
[1.13554,0,0]
[1.13802,0,0]
[1.1405,0,0]
[1.14298,0,0]
[1.14545,0,0]
[1.14793,0,0]
[1.15041,0,0]
[1.15289,0,0]
[1.15537,0,0]
[1.15785,0,0]
[1.16033,0,0]
[1.16281,0,0]
[1.16529,0,0]
[1.16777,0,0]
[1.17025,0,0]
[1.17273,0,0]
[1.17521,0,0]
[1.17769,0,0]
[1.18017,0,0]
[1.18264,0,0]
[1.18512,0,0]
[1.1876,0,0]
[1.19008,0,0]
[1.19256,0,0]
[1.19504,0,0]
[1.19752,0,0]
[1.2,0,0]
[1.20248,0,0]
[1.20496,0,0]
[1.20744,0,0]
[1.20992,0,0]
[1.2124,0,0]
[1.21488,0,0]
[1.21736,0,0]
[1.21983,0,0]
[1.22231,0,0]
[1.22479,0,0]
[1.22727,0,0]
[1.22975,0,0]
[1.23223,0,0]
[1.23471,0,0]
[1.23719,0,0]
[1.23967,0,0]
[1.24215,0,0]
[1.24463,0,0]
[1.24711,0,0]
[1.24959,0,0]
[1.25207,0,0]
[1.25455,0,0]
[1.25702,0,0]
[1.2595,0,0]
[1.26198,0,0]
[1.26446,0,0]
[1.26694,0,0]
[1.26942,0,0]
[1.2719,0,0]
[1.27438,0,0]
[1.27686,0,0]
[1.27934,0,0]
[1.28182,0,0]
[1.2843,0,0]
[1.28678,0,0]
[1.28926,0,0]
[1.29174,0,0]
[1.29421,0,0]
[1.29669,0,0]
[1.29917,0,0]
[1.30165,0,0]
[1.30413,0,0]
[1.30661,0,0]
[1.30909,0,0]
[1.31157,0,0]
[1.31405,0,0]
[1.31653,0,0]
[1.31901,0,0]
[1.32149,0,0]
[1.32397,0,0]
[1.32645,0,0]
[1.32893,0,0]
[1.3314,0,0]
[1.33388,0,0]
[1.33636,0,0]
[1.33884,0,0]
[1.34132,0,0]
[1.3438,0,0]
[1.34628,0,0]
[1.34876,0,0]
[1.35124,0,0]
[1.35372,0,0]
[1.3562,0,0]
[1.35868,0,0]
[1.36116,0,0]
[1.36364,0,0]
[1.36612,0,0]
[1.3686,0,0]
[1.37107,0,0]
[1.37355,0,0]
[1.37603,0,0]
[1.37851,0,0]
[1.38099,0,0]
[1.38347,0,0]
[1.38595,0,0]
[1.38843,0,0]
[1.39091,0,0]
[1.39339,0,0]
[1.39587,0,0]
[1.39835,0,0]
[1.40083,0,0]
[1.40331,0,0]
[1.40579,0,0]
[1.40826,0,0]
[1.41074,0,0]
[1.41322,0,0]
[1.4157,0,0]
[1.41818,0,0]
[1.42066,0,0]
[1.42314,0,0]
[1.42562,0,0]
[1.4281,0,0]
[1.43058,0,0]
[1.43306,0,0]
[1.43554,0,0]
[1.43802,0,0]
[1.4405,0,0]
[1.44298,0,0]
[1.44545,0,0]
[1.44793,0,0]
[1.45041,0,0]
[1.45289,0,0]
[1.45537,0,0]
[1.45785,0,0]
[1.46033,0,0]
[1.46281,0,0]
[1.46529,0,0]
[1.46777,0,0]
[1.47025,0,0]
[1.47273,0,0]
[1.47521,0,0]
[1.47769,0,0]
[1.48017,0,0]
[1.48264,0,0]
[1.48512,0,0]
[1.4876,0,0]
[1.49008,0,0]
[1.49256,0,0]
[1.49504,0,0]
[1.49752,0,0]
[1.5,0,0]
[1.50248,0,0]
[1.50496,0,0]
[1.50744,0,0]
[1.50992,0,0]
[1.5124,0,0]
[1.51488,0,0]
[1.51736,0,0]
[1.51983,0,0]
[1.52231,0,0]
[1.52479,0,0]
[1.52727,0,0]
[1.52975,0,0]
[1.53223,0,0]
[1.53471,0,0]
[1.53719,0,0]
[1.53967,0,0]
[1.54215,0,0]
[1.54463,0,0]
[1.54711,0,0]
[1.54959,0,0]
[1.55207,0,0]
[1.55455,0,0]
[1.55702,0,0]
[1.5595,0,0]
[1.56198,0,0]
[1.56446,0,0]
[1.56694,0,0]
[1.56942,0,0]
[1.5719,0,0]
[1.57438,0,0]
[1.57686,0,0]
[1.57934,0,0]
[1.58182,0,0]
[1.5843,0,0]
[1.58678,0,0]
[1.58926,0,0]
[1.59174,0,0]
[1.59421,0,0]
[1.59669,0,0]
[1.59917,0,0]
[1.60165,0,0]
[1.60413,0,0]
[1.60661,0,0]
[1.60909,0,0]
[1.61157,0,0]
[1.61405,0,0]
[1.61653,0,0]
[1.61901,0,0]
[1.62149,0,0]
[1.62397,0,0]
[1.62645,0,0]
[1.62893,0,0]
[1.6314,0,0]
[1.63388,0,0]
[1.63636,0,0]
[1.63884,0,0]
[1.64132,0,0]
[1.6438,0,0]
[1.64628,0,0]
[1.64876,0,0]
[1.65124,0,0]
[1.65372,0,0]
[1.6562,0,0]
[1.65868,0,0]
[1.66116,0,0]
[1.66364,0,0]
[1.66612,0,0]
[1.6686,0,0]
[1.67107,0,0]
[1.67355,0,0]
[1.67603,0,0]
[1.67851,0,0]
[1.68099,0,0]
[1.68347,0,0]
[1.68595,0,0]
[1.68843,0,0]
[1.69091,0,0]
[1.69339,0,0]
[1.69587,0,0]
[1.69835,0,0]
[1.70083,0,0]
[1.70331,0,0]
[1.70579,0,0]
[1.70826,0,0]
[1.71074,0,0]
[1.71322,0,0]
[1.7157,0,0]
[1.71818,0,0]
[1.72066,0,0]
[1.72314,0,0]
[1.72562,0,0]
[1.7281,0,0]
[1.73058,0,0]
[1.73306,0,0]
[1.73554,0,0]
[1.73802,0,0]
[1.7405,0,0]
[1.74298,0,0]
[1.74545,0,0]
[1.74793,0,0]
[1.75041,0,0]
[1.75289,0,0]
[1.75537,0,0]
[1.75785,0,0]
[1.76033,0,0]
[1.76281,0,0]
[1.76529,0,0]
[1.76777,0,0]
[1.77025,0,0]
[1.77273,0,0]
[1.77521,0,0]
[1.77769,0,0]
[1.78017,0,0]
[1.78264,0,0]
[1.78512,0,0]
[1.7876,0,0]
[1.79008,0,0]
[1.79256,0,0]
[1.79504,0,0]
[1.79752,0,0]
[1.8,0,0]
[1.80248,0,0]
[1.80496,0,0]
[1.80744,0,0]
[1.80992,0,0]
[1.8124,0,0]
[1.81488,0,0]
[1.81736,0,0]
[1.81983,0,0]
[1.82231,0,0]
[1.82479,0,0]
[1.82727,0,0]
[1.82975,0,0]
[1.83223,0,0]
[1.83471,0,0]
[1.83719,0,0]
[1.83967,0,0]
[1.84215,0,0]
[1.84463,0,0]
[1.84711,0,0]
[1.84959,0,0]
[1.85207,0,0]
[1.85455,0,0]
[1.85702,0,0]
[1.8595,0,0]
[1.86198,0,0]
[1.86446,0,0]
[1.86694,0,0]
[1.86942,0,0]
[1.8719,0,0]
[1.87438,0,0]
[1.87686,0,0]
[1.87934,0,0]
[1.88182,0,0]
[1.8843,0,0]
[1.88678,0,0]
[1.88926,0,0]
[1.89174,0,0]
[1.89421,0,0]
[1.89669,0,0]
[1.89917,0,0]
[1.90165,0,0]
[1.90413,0,0]
[1.90661,0,0]
[1.90909,0,0]
[1.91157,0,0]
[1.91405,0,0]
[1.91653,0,0]
[1.91901,0,0]
[1.92149,0,0]
[1.92397,0,0]
[1.92645,0,0]
[1.92893,0,0]
[1.9314,0,0]
[1.93388,0,0]
[1.93636,0,0]
[1.93884,0,0]
[1.94132,0,0]
[1.9438,0,0]
[1.94628,0,0]
[1.94876,0,0]
[1.95124,0,0]
[1.95372,0,0]
[1.9562,0,0]
[1.95868,0,0]
[1.96116,0,0]
[1.96364,0,0]
[1.96612,0,0]
[1.9686,0,0]
[1.97107,0,0]
[1.97355,0,0]
[1.97603,0,0]
[1.97851,0,0]
[1.98099,0,0]
[1.98347,0,0]
[1.98595,0,0]
[1.98843,0,0]
[1.99091,0,0]
[1.99339,0,0]
[1.99587,0,0]
[1.99835,0,0]
[2.00083,0,0]
[2.00331,0,0]
[2.00579,0,0]
[2.00826,0,0]
[2.01074,0,0]
[2.01322,0,0]
[2.0157,0,0]
[2.01818,0,0]
[2.02066,0,0]
[2.02314,0,0]
[2.02562,0,0]
[2.0281,0,0]
[2.03058,0,0]
[2.03306,0,0]
[2.03554,0,0]
[2.03802,0,0]
[2.0405,0,0]
[2.04298,0,0]
[2.04545,0,0]
[2.04793,0,0]
[2.05041,0,0]
[2.05289,0,0]
[2.05537,0,0]
[2.05785,0,0]
[2.06033,0,0]
[2.06281,0,0]
[2.06529,0,0]
[2.06777,0,0]
[2.07025,0,0]
[2.07273,0,0]
[2.07521,0,0]
[2.07769,0,0]
[2.08017,0,0]
[2.08264,0,0]
[2.08512,0,0]
[2.0876,0,0]
[2.09008,0,0]
[2.09256,0,0]
[2.09504,0,0]
[2.09752,0,0]
[2.1,0,0]
[2.10248,0,0]
[2.10496,0,0]
[2.10744,0,0]
[2.10992,0,0]
[2.1124,0,0]
[2.11488,0,0]
[2.11736,0,0]
[2.11983,0,0]
[2.12231,0,0]
[2.12479,0,0]
[2.12727,0,0]
[2.12975,0,0]
[2.13223,0,0]
[2.13471,0,0]
[2.13719,0,0]
[2.13967,0,0]
[2.14215,0,0]
[2.14463,0,0]
[2.14711,0,0]
[2.14959,0,0]
[2.15207,0,0]
[2.15455,0,0]
[2.15702,0,0]
[2.1595,0,0]
[2.16198,0,0]
[2.16446,0,0]
[2.16694,0,0]
[2.16942,0,0]
[2.1719,0,0]
[2.17438,0,0]
[2.17686,0,0]
[2.17934,0,0]
[2.18182,0,0]
[2.1843,0,0]
[2.18678,0,0]
[2.18926,0,0]
[2.19174,0,0]
[2.19421,0,0]
[2.19669,0,0]
[2.19917,0,0]
[2.20165,0,0]
[2.20413,0,0]
[2.20661,0,0]
[2.20909,0,0]
[2.21157,0,0]
[2.21405,0,0]
[2.21653,0,0]
[2.21901,0,0]
[2.22149,0,0]
[2.22397,0,0]
[2.22645,0,0]
[2.22893,0,0]
[2.2314,0,0]
[2.23388,0,0]
[2.23636,0,0]
[2.23884,0,0]
[2.24132,0,0]
[2.2438,0,0]
[2.24628,0,0]
[2.24876,0,0]
[2.25124,0,0]
[2.25372,0,0]
[2.2562,0,0]
[2.25868,0,0]
[2.26116,0,0]
[2.26364,0,0]
[2.26612,0,0]
[2.2686,0,0]
[2.27107,0,0]
[2.27355,0,0]
[2.27603,0,0]
[2.27851,0,0]
[2.28099,0,0]
[2.28347,0,0]
[2.28595,0,0]
[2.28843,0,0]
[2.29091,0,0]
[2.29339,0,0]
[2.29587,0,0]
[2.29835,0,0]
[2.30083,0,0]
[2.30331,0,0]
[2.30579,0,0]
[2.30826,0,0]
[2.31074,0,0]
[2.31322,0,0]
[2.3157,0,0]
[2.31818,0,0]
[2.32066,0,0]
[2.32314,0,0]
[2.32562,0,0]
[2.3281,0,0]
[2.33058,0,0]
[2.33306,0,0]
[2.33554,0,0]
[2.33802,0,0]
[2.3405,0,0]
[2.34298,0,0]
[2.34545,0,0]
[2.34793,0,0]
[2.35041,0,0]
[2.35289,0,0]
[2.35537,0,0]
[2.35785,0,0]
[2.36033,0,0]
[2.36281,0,0]
[2.36529,0,0]
[2.36777,0,0]
[2.37025,0,0]
[2.37273,0,0]
[2.37521,0,0]
[2.37769,0,0]
[2.38017,0,0]
[2.38264,0,0]
[2.38512,0,0]
[2.3876,0,0]
[2.39008,0,0]
[2.39256,0,0]
[2.39504,0,0]
[2.39752,0,0]
[2.4,0,0]
[2.40248,0,0]
[2.40496,0,0]
[2.40744,0,0]
[2.40992,0,0]
[2.4124,0,0]
[2.41488,0,0]
[2.41736,0,0]
[2.41983,0,0]
[2.42231,0,0]
[2.42479,0,0]
[2.42727,0,0]
[2.42975,0,0]
[2.43223,0,0]
[2.43471,0,0]
[2.43719,0,0]
[2.43967,0,0]
[2.44215,0,0]
[2.44463,0,0]
[2.44711,0,0]
[2.44959,0,0]
[2.45207,0,0]
[2.45455,0,0]
[2.45702,0,0]
[2.4595,0,0]
[2.46198,0,0]
[2.46446,0,0]
[2.46694,0,0]
[2.46942,0,0]
[2.4719,0,0]
[2.47438,0,0]
[2.47686,0,0]
[2.47934,0,0]
[2.48182,0,0]
[2.4843,0,0]
[2.48678,0,0]
[2.48926,0,0]
[2.49174,0,0]
[2.49421,0,0]
[2.49669,0,0]
[2.49917,0,0]
[2.50165,0,0]
[2.50413,0,0]
[2.50661,0,0]
[2.50909,0,0]
[2.51157,0,0]
[2.51405,0,0]
[2.51653,0,0]
[2.51901,0,0]
[2.52149,0,0]
[2.52397,0,0]
[2.52645,0,0]
[2.52893,0,0]
[2.5314,0,0]
[2.53388,0,0]
[2.53636,0,0]
[2.53884,0,0]
[2.54132,0,0]
[2.5438,0,0]
[2.54628,0,0]
[2.54876,0,0]
[2.55124,0,0]
[2.55372,0,0]
[2.5562,0,0]
[2.55868,0,0]
[2.56116,0,0]
[2.56364,0,0]
[2.56612,0,0]
[2.5686,0,0]
[2.57107,0,0]
[2.57355,0,0]
[2.57603,0,0]
[2.57851,0,0]
[2.58099,0,0]
[2.58347,0,0]
[2.58595,0,0]
[2.58843,0,0]
[2.59091,0,0]
[2.59339,0,0]
[2.59587,0,0]
[2.59835,0,0]
[2.60083,0,0]
[2.60331,0,0]
[2.60579,0,0]
[2.60826,0,0]
[2.61074,0,0]
[2.61322,0,0]
[2.6157,0,0]
[2.61818,0,0]
[2.62066,0,0]
[2.62314,0,0]
[2.62562,0,0]
[2.6281,0,0]
[2.63058,0,0]
[2.63306,0,0]
[2.63554,0,0]
[2.63802,0,0]
[2.6405,0,0]
[2.64298,0,0]
[2.64545,0,0]
[2.64793,0,0]
[2.65041,0,0]
[2.65289,0,0]
[2.65537,0,0]
[2.65785,0,0]
[2.66033,0,0]
[2.66281,0,0]
[2.66529,0,0]
[2.66777,0,0]
[2.67025,0,0]
[2.67273,0,0]
[2.67521,0,0]
[2.67769,0,0]
[2.68017,0,0]
[2.68264,0,0]
[2.68512,0,0]
[2.6876,0,0]
[2.69008,0,0]
[2.69256,0,0]
[2.69504,0,0]
[2.69752,0,0]
[2.7,0,0]
[2.70248,0,0]
[2.70496,0,0]
[2.70744,0,0]
[2.70992,0,0]
[2.7124,0,0]
[2.71488,0,0]
[2.71736,0,0]
[2.71983,0,0]
[2.72231,0,0]
[2.72479,0,0]
[2.72727,0,0]
[2.72975,0,0]
[2.73223,0,0]
[2.73471,0,0]
[2.73719,0,0]
[2.73967,0,0]
[2.74215,0,0]
[2.74463,0,0]
[2.74711,0,0]
[2.74959,0,0]
[2.75207,0,0]
[2.75455,0,0]
[2.75702,0,0]
[2.7595,0,0]
[2.76198,0,0]
[2.76446,0,0]
[2.76694,0,0]
[2.76942,0,0]
[2.7719,0,0]
[2.77438,0,0]
[2.77686,0,0]
[2.77934,0,0]
[2.78182,0,0]
[2.7843,0,0]
[2.78678,0,0]
[2.78926,0,0]
[2.79174,0,0]
[2.79421,0,0]
[2.79669,0,0]
[2.79917,0,0]
[2.80165,0,0]
[2.80413,0,0]
[2.80661,0,0]
[2.80909,0,0]
[2.81157,0,0]
[2.81405,0,0]
[2.81653,0,0]
[2.81901,0,0]
[2.82149,0,0]
[2.82397,0,0]
[2.82645,0,0]
[2.82893,0,0]
[2.8314,0,0]
[2.83388,0,0]
[2.83636,0,0]
[2.83884,0,0]
[2.84132,0,0]
[2.8438,0,0]
[2.84628,0,0]
[2.84876,0,0]
[2.85124,0,0]
[2.85372,0,0]
[2.8562,0,0]
[2.85868,0,0]
[2.86116,0,0]
[2.86364,0,0]
[2.86612,0,0]
[2.8686,0,0]
[2.87107,0,0]
[2.87355,0,0]
[2.87603,0,0]
[2.87851,0,0]
[2.88099,0,0]
[2.88347,0,0]
[2.88595,0,0]
[2.88843,0,0]
[2.89091,0,0]
[2.89339,0,0]
[2.89587,0,0]
[2.89835,0,0]
[2.90083,0,0]
[2.90331,0,0]
[2.90579,0,0]
[2.90826,0,0]
[2.91074,0,0]
[2.91322,0,0]
[2.9157,0,0]
[2.91818,0,0]
[2.92066,0,0]
[2.92314,0,0]
[2.92562,0,0]
[2.9281,0,0]
[2.93058,0,0]
[2.93306,0,0]
[2.93554,0,0]
[2.93802,0,0]
[2.9405,0,0]
[2.94298,0,0]
[2.94545,0,0]
[2.94793,0,0]
[2.95041,0,0]
[2.95289,0,0]
[2.95537,0,0]
[2.95785,0,0]
[2.96033,0,0]
[2.96281,0,0]
[2.96529,0,0]
[2.96777,0,0]
[2.97025,0,0]
[2.97273,0,0]
[2.97521,0,0]
[2.97769,0,0]
[2.98017,0,0]
[2.98264,0,0]
[2.98512,0,0]
[2.9876,0,0]
[2.99008,0,0]
[2.99256,0,0]
[2.99504,0,0]
[2.99752,0,0]
[3,0,0]
[1,0,0,0]
[1,0,0,0]
[1,0,0,0]
[1,0,0,0]
[1,0,0,0]
[1,0,0,0]
[1,0,0,0]
[1,0,0,0]
[1,0,0,0]
[1,0,0,0]
[1,0,0,0]
[1,0,0,0]
[1,0,0,0]
[1,0,0,0]
[1,0,0,0]
[1,0,0,0]
[1,0,0,0]
[1,0,0,0]
[1,0,0,0]
[1,0,0,0]
[1,0,0,0]
[1,0,0,0]
[1,0,0,0]
[1,0,0,0]
[1,0,0,0]
[1,0,0,0]
[1,0,0,0]
[1,0,0,0]
[1,0,0,0]
[1,0,0,0]
[1,0,0,0]
[1,0,0,0]
[1,0,0,0]
[1,0,0,0]
[1,0,0,0]
[1,0,0,0]
[1,0,0,0]
[1,0,0,0]
[1,0,0,0]
[1,0,0,0]
[1,0,0,0]
[1,0,0,0]
[1,0,0,0]
[1,0,0,0]
[1,0,0,0]
[1,0,0,0]
[1,0,0,0]
[1,0,0,0]
[1,0,0,0]
[1,0,0,0]
[1,0,0,0]
[1,0,0,0]
[1,0,0,0]
[1,0,0,0]
[1,0,0,0]
[1,0,0,0]
[1,0,0,0]
[1,0,0,0]
[1,0,0,0]
[1,0,0,0]
[1,0,0,0]
[1,0,0,0]
[1,0,0,0]
[1,0,0,0]
[1,0,0,0]
[1,0,0,0]
[1,0,0,0]
[1,0,0,0]
[1,0,0,0]
[1,0,0,0]
[1,0,0,0]
[1,0,0,0]
[1,0,0,0]
[1,0,0,0]
[1,0,0,0]
[1,0,0,0]
[1,0,0,0]
[1,0,0,0]
[1,0,0,0]
[1,0,0,0]
[1,0,0,0]
[1,0,0,0]
[1,0,0,0]
[1,0,0,0]
[1,0,0,0]
[1,0,0,0]
[1,0,0,0]
[1,0,0,0]
[1,0,0,0]
[1,0,0,0]
[1,0,0,0]
[1,0,0,0]
[1,0,0,0]
[1,0,0,0]
[1,0,0,0]
[1,0,0,0]
[1,0,0,0]
[1,0,0,0]
[1,0,0,0]
[1,0,0,0]
[1,0,0,0]
[1,0,0,0]
[1,0,0,0]
[1,0,0,0]
[1,0,0,0]
[1,0,0,0]
[1,0,0,0]
[1,0,0,0]
[1,0,0,0]
[1,0,0,0]
[1,0,0,0]
[1,0,0,0]
[1,0,0,0]
[1,0,0,0]
[1,0,0,0]
[1,0,0,0]
[1,0,0,0]
[1,0,0,0]
[1,0,0,0]
[1,0,0,0]
[1,0,0,0]
[1,0,0,0]
[1,0,0,0]
[1,0,0,0]
[1,0,0,0]
[1,0,0,0]
[1,0,0,0]
[1,0,0,0]
[1,0,0,0]
[1,0,0,0]
[1,0,0,0]
[1,0,0,0]
[1,0,0,0]
[1,0,0,0]
[1,0,0,0]
[1,0,0,0]
[1,0,0,0]
[1,0,0,0]
[1,0,0,0]
[1,0,0,0]
[1,0,0,0]
[1,0,0,0]
[1,0,0,0]
[1,0,0,0]
[1,0,0,0]
[1,0,0,0]
[1,0,0,0]
[1,0,0,0]
[1,0,0,0]
[1,0,0,0]
[1,0,0,0]
[1,0,0,0]
[1,0,0,0]
[1,0,0,0]
[1,0,0,0]
[1,0,0,0]
[1,0,0,0]
[1,0,0,0]
[1,0,0,0]
[1,0,0,0]
[1,0,0,0]
[1,0,0,0]
[1,0,0,0]
[1,0,0,0]
[1,0,0,0]
[1,0,0,0]
[1,0,0,0]
[1,0,0,0]
[1,0,0,0]
[1,0,0,0]
[1,0,0,0]
[1,0,0,0]
[1,0,0,0]
[1,0,0,0]
[1,0,0,0]
[1,0,0,0]
[1,0,0,0]
[1,0,0,0]
[1,0,0,0]
[1,0,0,0]
[1,0,0,0]
[1,0,0,0]
[1,0,0,0]
[1,0,0,0]
[1,0,0,0]
[1,0,0,0]
[1,0,0,0]
[1,0,0,0]
[1,0,0,0]
[1,0,0,0]
[1,0,0,0]
[1,0,0,0]
[1,0,0,0]
[1,0,0,0]
[1,0,0,0]
[1,0,0,0]
[1,0,0,0]
[1,0,0,0]
[1,0,0,0]
[1,0,0,0]
[1,0,0,0]
[1,0,0,0]
[1,0,0,0]
[1,0,0,0]
[1,0,0,0]
[1,0,0,0]
[1,0,0,0]
[1,0,0,0]
[1,0,0,0]
[1,0,0,0]
[1,0,0,0]
[1,0,0,0]
[1,0,0,0]
[1,0,0,0]
[1,0,0,0]
[1,0,0,0]
[1,0,0,0]
[1,0,0,0]
[1,0,0,0]
[1,0,0,0]
[1,0,0,0]
[1,0,0,0]
[1,0,0,0]
[1,0,0,0]
[1,0,0,0]
[1,0,0,0]
[1,0,0,0]
[1,0,0,0]
[1,0,0,0]
[1,0,0,0]
[1,0,0,0]
[1,0,0,0]
[1,0,0,0]
[1,0,0,0]
[1,0,0,0]
[1,0,0,0]
[1,0,0,0]
[1,0,0,0]
[1,0,0,0]
[1,0,0,0]
[1,0,0,0]
[1,0,0,0]
[1,0,0,0]
[1,0,0,0]
[1,0,0,0]
[1,0,0,0]
[1,0,0,0]
[1,0,0,0]
[1,0,0,0]
[1,0,0,0]
[1,0,0,0]
[1,0,0,0]
[1,0,0,0]
[1,0,0,0]
[1,0,0,0]
[1,0,0,0]
[1,0,0,0]
[1,0,0,0]
[1,0,0,0]
[1,0,0,0]
[1,0,0,0]
[1,0,0,0]
[1,0,0,0]
[1,0,0,0]
[1,0,0,0]
[1,0,0,0]
[1,0,0,0]
[1,0,0,0]
[1,0,0,0]
[1,0,0,0]
[1,0,0,0]
[1,0,0,0]
[1,0,0,0]
[1,0,0,0]
[1,0,0,0]
[1,0,0,0]
[1,0,0,0]
[1,0,0,0]
[1,0,0,0]
[1,0,0,0]
[1,0,0,0]
[1,0,0,0]
[1,0,0,0]
[1,0,0,0]
[1,0,0,0]
[1,0,0,0]
[1,0,0,0]
[1,0,0,0]
[1,0,0,0]
[1,0,0,0]
[1,0,0,0]
[1,0,0,0]
[1,0,0,0]
[1,0,0,0]
[1,0,0,0]
[1,0,0,0]
[1,0,0,0]
[1,0,0,0]
[1,0,0,0]
[1,0,0,0]
[1,0,0,0]
[1,0,0,0]
[1,0,0,0]
[1,0,0,0]
[1,0,0,0]
[1,0,0,0]
[1,0,0,0]
[1,0,0,0]
[1,0,0,0]
[1,0,0,0]
[1,0,0,0]
[1,0,0,0]
[1,0,0,0]
[1,0,0,0]
[1,0,0,0]
[1,0,0,0]
[1,0,0,0]
[1,0,0,0]
[1,0,0,0]
[1,0,0,0]
[1,0,0,0]
[1,0,0,0]
[1,0,0,0]
[1,0,0,0]
[1,0,0,0]
[1,0,0,0]
[1,0,0,0]
[1,0,0,0]
[1,0,0,0]
[1,0,0,0]
[1,0,0,0]
[1,0,0,0]
[1,0,0,0]
[1,0,0,0]
[1,0,0,0]
[1,0,0,0]
[1,0,0,0]
[1,0,0,0]
[1,0,0,0]
[1,0,0,0]
[1,0,0,0]
[1,0,0,0]
[1,0,0,0]
[1,0,0,0]
[1,0,0,0]
[1,0,0,0]
[1,0,0,0]
[1,0,0,0]
[1,0,0,0]
[1,0,0,0]
[1,0,0,0]
[1,0,0,0]
[1,0,0,0]
[1,0,0,0]
[1,0,0,0]
[1,0,0,0]
[1,0,0,0]
[1,0,0,0]
[1,0,0,0]
[1,0,0,0]
[1,0,0,0]
[1,0,0,0]
[1,0,0,0]
[1,0,0,0]
[1,0,0,0]
[1,0,0,0]
[1,0,0,0]
[1,0,0,0]
[1,0,0,0]
[1,0,0,0]
[1,0,0,0]
[1,0,0,0]
[1,0,0,0]
[1,0,0,0]
[1,0,0,0]
[1,0,0,0]
[1,0,0,0]
[1,0,0,0]
[1,0,0,0]
[1,0,0,0]
[1,0,0,0]
[1,0,0,0]
[1,0,0,0]
[1,0,0,0]
[1,0,0,0]
[1,0,0,0]
[1,0,0,0]
[1,0,0,0]
[1,0,0,0]
[1,0,0,0]
[1,0,0,0]
[1,0,0,0]
[1,0,0,0]
[1,0,0,0]
[1,0,0,0]
[1,0,0,0]
[1,0,0,0]
[1,0,0,0]
[1,0,0,0]
[1,0,0,0]
[1,0,0,0]
[1,0,0,0]
[1,0,0,0]
[1,0,0,0]
[1,0,0,0]
[1,0,0,0]
[1,0,0,0]
[1,0,0,0]
[1,0,0,0]
[1,0,0,0]
[1,0,0,0]
[1,0,0,0]
[1,0,0,0]
[1,0,0,0]
[1,0,0,0]
[1,0,0,0]
[1,0,0,0]
[1,0,0,0]
[1,0,0,0]
[1,0,0,0]
[1,0,0,0]
[1,0,0,0]
[1,0,0,0]
[1,0,0,0]
[1,0,0,0]
[1,0,0,0]
[1,0,0,0]
[1,0,0,0]
[1,0,0,0]
[1,0,0,0]
[1,0,0,0]
[1,0,0,0]
[1,0,0,0]
[1,0,0,0]
[1,0,0,0]
[1,0,0,0]
[1,0,0,0]
[1,0,0,0]
[1,0,0,0]
[1,0,0,0]
[1,0,0,0]
[1,0,0,0]
[1,0,0,0]
[1,0,0,0]
[1,0,0,0]
[1,0,0,0]
[1,0,0,0]
[1,0,0,0]
[1,0,0,0]
[1,0,0,0]
[1,0,0,0]
[1,0,0,0]
[1,0,0,0]
[1,0,0,0]
[1,0,0,0]
[1,0,0,0]
[1,0,0,0]
[1,0,0,0]
[1,0,0,0]
[1,0,0,0]
[1,0,0,0]
[1,0,0,0]
[1,0,0,0]
[1,0,0,0]
[1,0,0,0]
[1,0,0,0]
[1,0,0,0]
[1,0,0,0]
[1,0,0,0]
[1,0,0,0]
[1,0,0,0]
[1,0,0,0]
[1,0,0,0]
[1,0,0,0]
[1,0,0,0]
[1,0,0,0]
[1,0,0,0]
[1,0,0,0]
[1,0,0,0]
[1,0,0,0]
[1,0,0,0]
[1,0,0,0]
[1,0,0,0]
[1,0,0,0]
[1,0,0,0]
[1,0,0,0]
[1,0,0,0]
[1,0,0,0]
[1,0,0,0]
[1,0,0,0]
[1,0,0,0]
[1,0,0,0]
[1,0,0,0]
[1,0,0,0]
[1,0,0,0]
[1,0,0,0]
[1,0,0,0]
[1,0,0,0]
[1,0,0,0]
[1,0,0,0]
[1,0,0,0]
[1,0,0,0]
[1,0,0,0]
[1,0,0,0]
[1,0,0,0]
[1,0,0,0]
[1,0,0,0]
[1,0,0,0]
[1,0,0,0]
[1,0,0,0]
[1,0,0,0]
[1,0,0,0]
[1,0,0,0]
[1,0,0,0]
[1,0,0,0]
[1,0,0,0]
[1,0,0,0]
[1,0,0,0]
[1,0,0,0]
[1,0,0,0]
[1,0,0,0]
[1,0,0,0]
[1,0,0,0]
[1,0,0,0]
[1,0,0,0]
[1,0,0,0]
[1,0,0,0]
[1,0,0,0]
[1,0,0,0]
[1,0,0,0]
[1,0,0,0]
[1,0,0,0]
[1,0,0,0]
[1,0,0,0]
[1,0,0,0]
[1,0,0,0]
[1,0,0,0]
[1,0,0,0]
[1,0,0,0]
[1,0,0,0]
[1,0,0,0]
[1,0,0,0]
[1,0,0,0]
[1,0,0,0]
[1,0,0,0]
[1,0,0,0]
[1,0,0,0]
[1,0,0,0]
[1,0,0,0]
[1,0,0,0]
[1,0,0,0]
[1,0,0,0]
[1,0,0,0]
[1,0,0,0]
[1,0,0,0]
[1,0,0,0]
[1,0,0,0]
[1,0,0,0]
[1,0,0,0]
[1,0,0,0]
[1,0,0,0]
[1,0,0,0]
[1,0,0,0]
[1,0,0,0]
[1,0,0,0]
[1,0,0,0]
[1,0,0,0]
[1,0,0,0]
[1,0,0,0]
[1,0,0,0]
[1,0,0,0]
[1,0,0,0]
[1,0,0,0]
[1,0,0,0]
[1,0,0,0]
[1,0,0,0]
[1,0,0,0]
[1,0,0,0]
[1,0,0,0]
[1,0,0,0]
[1,0,0,0]
[1,0,0,0]
[1,0,0,0]
[1,0,0,0]
[1,0,0,0]
[1,0,0,0]
[1,0,0,0]
[1,0,0,0]
[1,0,0,0]
[1,0,0,0]
[1,0,0,0]
[1,0,0,0]
[1,0,0,0]
[1,0,0,0]
[1,0,0,0]
[1,0,0,0]
[1,0,0,0]
[1,0,0,0]
[1,0,0,0]
[1,0,0,0]
[1,0,0,0]
[1,0,0,0]
[1,0,0,0]
[1,0,0,0]
[1,0,0,0]
[1,0,0,0]
[1,0,0,0]
[1,0,0,0]
[1,0,0,0]
[1,0,0,0]
[1,0,0,0]
[1,0,0,0]
[1,0,0,0]
[1,0,0,0]
[1,0,0,0]
[1,0,0,0]
[1,0,0,0]
[1,0,0,0]
[1,0,0,0]
[1,0,0,0]
[1,0,0,0]
[1,0,0,0]
[1,0,0,0]
[1,0,0,0]
[1,0,0,0]
[1,0,0,0]
[1,0,0,0]
[1,0,0,0]
[1,0,0,0]
[1,0,0,0]
[1,0,0,0]
[1,0,0,0]
[1,0,0,0]
[1,0,0,0]
[1,0,0,0]
[1,0,0,0]
[1,0,0,0]
[1,0,0,0]
[1,0,0,0]
[1,0,0,0]
[1,0,0,0]
[1,0,0,0]
[1,0,0,0]
[1,0,0,0]
[1,0,0,0]
[1,0,0,0]
[1,0,0,0]
[1,0,0,0]
[1,0,0,0]
[1,0,0,0]
[1,0,0,0]
[1,0,0,0]
[1,0,0,0]
[1,0,0,0]
[1,0,0,0]
[1,0,0,0]
[1,0,0,0]
[1,0,0,0]
[1,0,0,0]
[1,0,0,0]
[1,0,0,0]
[1,0,0,0]
[1,0,0,0]
[1,0,0,0]
[1,0,0,0]
[1,0,0,0]
[1,0,0,0]
[1,0,0,0]
[1,0,0,0]
[1,0,0,0]
[1,0,0,0]
[1,0,0,0]
[1,0,0,0]
[1,0,0,0]
[1,0,0,0]
[1,0,0,0]
[1,0,0,0]
[1,0,0,0]
[1,0,0,0]
[1,0,0,0]
[1,0,0,0]
[1,0,0,0]
[1,0,0,0]
[1,0,0,0]
[1,0,0,0]
[1,0,0,0]
[1,0,0,0]
[1,0,0,0]
[1,0,0,0]
[1,0,0,0]
[1,0,0,0]
[1,0,0,0]
[1,0,0,0]
[1,0,0,0]
[1,0,0,0]
[1,0,0,0]
[1,0,0,0]
[1,0,0,0]
[1,0,0,0]
[1,0,0,0]
[1,0,0,0]
[1,0,0,0]
[1,0,0,0]
[1,0,0,0]
[1,0,0,0]
[1,0,0,0]
[1,0,0,0]
[1,0,0,0]
[1,0,0,0]
[1,0,0,0]
[1,0,0,0]
[1,0,0,0]
[1,0,0,0]
[1,0,0,0]
[1,0,0,0]
[1,0,0,0]
[1,0,0,0]
[1,0,0,0]
[1,0,0,0]
[1,0,0,0]
[1,0,0,0]
[1,0,0,0]
[1,0,0,0]
[1,0,0,0]
[1,0,0,0]
[1,0,0,0]
[1,0,0,0]
[1,0,0,0]
[1,0,0,0]
[1,0,0,0]
[1,0,0,0]
[1,0,0,0]
[1,0,0,0]
[1,0,0,0]
[1,0,0,0]
[1,0,0,0]
[1,0,0,0]
[1,0,0,0]
[1,0,0,0]
[1,0,0,0]
[1,0,0,0]
[1,0,0,0]
[1,0,0,0]
[1,0,0,0]
[1,0,0,0]
[1,0,0,0]
[1,0,0,0]
[1,0,0,0]
[1,0,0,0]
[1,0,0,0]
[1,0,0,0]
[1,0,0,0]
[1,0,0,0]
[1,0,0,0]
[1,0,0,0]
[1,0,0,0]
[1,0,0,0]
[1,0,0,0]
[1,0,0,0]
[1,0,0,0]
[1,0,0,0]
[1,0,0,0]
[1,0,0,0]
[1,0,0,0]
[1,0,0,0]
[1,0,0,0]
[1,0,0,0]
[1,0,0,0]
[1,0,0,0]
[1,0,0,0]
[1,0,0,0]
[1,0,0,0]
[1,0,0,0]
[1,0,0,0]
[1,0,0,0]
[1,0,0,0]
[1,0,0,0]
[1,0,0,0]
[1,0,0,0]
[1,0,0,0]
[1,0,0,0]
[1,0,0,0]
[1,0,0,0]
[1,0,0,0]
[1,0,0,0]
[1,0,0,0]
[1,0,0,0]
[1,0,0,0]
[1,0,0,0]
[1,0,0,0]
[1,0,0,0]
[1,0,0,0]
[1,0,0,0]
[1,0,0,0]
[1,0,0,0]
[1,0,0,0]
[1,0,0,0]
[1,0,0,0]
[1,0,0,0]
[1,0,0,0]
[1,0,0,0]
[1,0,0,0]
[1,0,0,0]
[1,0,0,0]
[1,0,0,0]
[1,0,0,0]
[1,0,0,0]
[1,0,0,0]
[1,0,0,0]
[1,0,0,0]
[1,0,0,0]
[1,0,0,0]
[1,0,0,0]
[1,0,0,0]
[1,0,0,0]
[1,0,0,0]
[1,0,0,0]
[1,0,0,0]
[1,0,0,0]
[1,0,0,0]
[1,0,0,0]
[1,0,0,0]
[1,0,0,0]
[1,0,0,0]
[1,0,0,0]
[1,0,0,0]
[1,0,0,0]
[1,0,0,0]
[1,0,0,0]
[1,0,0,0]
[1,0,0,0]
[1,0,0,0]
[1,0,0,0]
[1,0,0,0]
[1,0,0,0]
[1,0,0,0]
[1,0,0,0]
[1,0,0,0]
[1,0,0,0]
[1,0,0,0]
[1,0,0,0]
[1,0,0,0]
[1,0,0,0]
[1,0,0,0]
[1,0,0,0]
[1,0,0,0]
[1,0,0,0]
[1,0,0,0]
[1,0,0,0]
[1,0,0,0]
[1,0,0,0]
[1,0,0,0]
[1,0,0,0]
[1,0,0,0]
[1,0,0,0]
[1,0,0,0]
[1,0,0,0]
[1,0,0,0]
[1,0,0,0]
[1,0,0,0]
[1,0,0,0]
[1,0,0,0]
[1,0,0,0]
[1,0,0,0]
[1,0,0,0]
[1,0,0,0]
[1,0,0,0]
[1,0,0,0]
[1,0,0,0]
[1,0,0,0]
[1,0,0,0]
[1,0,0,0]
[1,0,0,0]
[1,0,0,0]
[1,0,0,0]
[1,0,0,0]
[1,0,0,0]
[1,0,0,0]
[1,0,0,0]
[1,0,0,0]
[1,0,0,0]
[1,0,0,0]
[1,0,0,0]
[1,0,0,0]
[1,0,0,0]
[1,0,0,0]
[1,0,0,0]
[1,0,0,0]
[1,0,0,0]
[1,0,0,0]
[1,0,0,0]
[1,0,0,0]
[1,0,0,0]
[1,0,0,0]
[1,0,0,0]
[1,0,0,0]
[1,0,0,0]
[1,0,0,0]
[1,0,0,0]
[1,0,0,0]
[1,0,0,0]
[1,0,0,0]
[1,0,0,0]
[1,0,0,0]
[1,0,0,0]
[1,0,0,0]
[1,0,0,0]
[1,0,0,0]
[1,0,0,0]
[1,0,0,0]
[1,0,0,0]
[1,0,0,0]
[1,0,0,0]
[1,0,0,0]
[1,0,0,0]
[1,0,0,0]
[1,0,0,0]
[1,0,0,0]
[1,0,0,0]
[1,0,0,0]
[1,0,0,0]
[1,0,0,0]
[1,0,0,0]
[1,0,0,0]
[1,0,0,0]
[1,0,0,0]
[1,0,0,0]
[1,0,0,0]
[1,0,0,0]
[1,0,0,0]
[1,0,0,0]
[1,0,0,0]
[1,0,0,0]
[1,0,0,0]
[1,0,0,0]
[1,0,0,0]
[1,0,0,0]
[1,0,0,0]
[1,0,0,0]
[1,0,0,0]
[1,0,0,0]
[1,0,0,0]
[1,0,0,0]
[1,0,0,0]
[1,0,0,0]
[1,0,0,0]
[1,0,0,0]
[1,0,0,0]
[1,0,0,0]
[1,0,0,0]
[1,0,0,0]
[1,0,0,0]
[1,0,0,0]
[1,0,0,0]
[1,0,0,0]
[1,0,0,0]
[1,0,0,0]
[1,0,0,0]
[1,0,0,0]
[1,0,0,0]
[1,0,0,0]
[1,0,0,0]
[1,0,0,0]
[1,0,0,0]
[1,0,0,0]
[1,0,0,0]
[1,0,0,0]
[1,0,0,0]
[1,0,0,0]
[1,0,0,0]
[1,0,0,0]
[1,0,0,0]
[1,0,0,0]
[1,0,0,0]
[1,0,0,0]
[1,0,0,0]
[1,0,0,0]
[1,0,0,0]
[1,0,0,0]
[1,0,0,0]
[1,0,0,0]
[1,0,0,0]
[1,0,0,0]
[1,0,0,0]
[1,0,0,0]
[1,0,0,0]
[1,0,0,0]
[1,0,0,0]
[1,0,0,0]
[1,0,0,0]
[1,0,0,0]
[1,0,0,0]
[1,0,0,0]
[1,0,0,0]
[1,0,0,0]
[1,0,0,0]
[1,0,0,0]
[1,0,0,0]
[1,0,0,0]
[1,0,0,0]
[1,0,0,0]
[1,0,0,0]
[1,0,0,0]
[1,0,0,0]
[1,0,0,0]
[1,0,0,0]
[1,0,0,0]
[1,0,0,0]
[1,0,0,0]
[1,0,0,0]
[1,0,0,0]
[1,0,0,0]
[1,0,0,0]
[1,0,0,0]
[1,0,0,0]
[1,0,0,0]
[1,0,0,0]
[1,0,0,0]
[1,0,0,0]
[1,0,0,0]
[1,0,0,0]
[1,0,0,0]
[1,0,0,0]
[1,0,0,0]
[1,0,0,0]
[1,0,0,0]
[1,0,0,0]
[1,0,0,0]
[1,0,0,0]
[1,0,0,0]
[1,0,0,0]
[1,0,0,0]
[1,0,0,0]
[1,0,0,0]
[1,0,0,0]
[1,0,0,0]
[1,0,0,0]
[1,0,0,0]
[1,0,0,0]
[1,0,0,0]
[1,0,0,0]
[1,0,0,0]
[1,0,0,0]
[1,0,0,0]
[1,0,0,0]
[1,0,0,0]
[1,0,0,0]
[1,0,0,0]
[1,0,0,0]
[1,0,0,0]
[1,0,0,0]
[1,0,0,0]
[1,0,0,0]
[1,0,0,0]
[1,0,0,0]
[1,0,0,0]
[1,0,0,0]
[1,0,0,0]
[1,0,0,0]
[1,0,0,0]
[1,0,0,0]
[1,0,0,0]
[1,0,0,0]
[1,0,0,0]
[1,0,0,0]
[1,0,0,0]
[1,0,0,0]
[1,0,0,0]
[1,0,0,0]
[1,0,0,0]
[1,0,0,0]
[1,0,0,0]
[1,0,0,0]
[1,0,0,0]
[1,0,0,0]
[1,0,0,0]
[1,0,0,0]
[1,0,0,0]
[1,0,0,0]
[1,0,0,0]
[1,0,0,0]
[1,0,0,0]
[1,0,0,0]
[1,0,0,0]
[1,0,0,0]
[1,0,0,0]
[1,0,0,0]
[1,0,0,0]
[1,0,0,0]
[1,0,0,0]
[1,0,0,0]
[1,0,0,0]
[1,0,0,0]
[1,0,0,0]
[1,0,0,0]
[1,0,0,0]
[1,0,0,0]
[1,0,0,0]
[1,0,0,0]
[1,0,0,0]
[1,0,0,0]
[1,0,0,0]
[1,0,0,0]
[1,0,0,0]
[1,0,0,0]
[1,0,0,0]
[1,0,0,0]
[1,0,0,0]
[1,0,0,0]
[1,0,0,0]
[1,0,0,0]
[1,0,0,0]
[1,0,0,0]
[1,0,0,0]
[1,0,0,0]
[1,0,0,0]
[1,0,0,0]
[1,0,0,0]
[1,0,0,0]
[1,0,0,0]
[1,0,0,0]
[1,0,0,0]
[1,0,0,0]
[1,0,0,0]
[1,0,0,0]
[1,0,0,0]
[1,0,0,0]
[1,0,0,0]
[1,0,0,0]
[1,0,0,0]
[1,0,0,0]
[1,0,0,0]
[1,0,0,0]
[1,0,0,0]
[1,0,0,0]
[1,0,0,0]
[1,0,0,0]
[1,0,0,0]
[1,0,0,0]
[1,0,0,0]
[1,0,0,0]
[1,0,0,0]
[1,0,0,0]
[1,0,0,0]
[1,0,0,0]
[1,0,0,0]
[1,0,0,0]
[1,0,0,0]
[1,0,0,0]
[1,0,0,0]
[1,0,0,0]
[1,0,0,0]
[1,0,0,0]
[1,0,0,0]
[1,0,0,0]
[1,0,0,0]
[1,0,0,0]
[1,0,0,0]
[1,0,0,0]
[1,0,0,0]
[1,0,0,0]
[1,0,0,0]
[1,0,0,0]
[1,0,0,0]
[1,0,0,0]
[1,0,0,0]
[1,0,0,0]
[1,0,0,0]
[1,0,0,0]
[1,0,0,0]
[1,0,0,0]
[1,0,0,0]
[1,0,0,0]
[1,0,0,0]
[1,0,0,0]
[1,0,0,0]
[1,0,0,0]
[1,0,0,0]
[1,0,0,0]
[1,0,0,0]
[1,0,0,0]
[1,0,0,0]
[1,0,0,0]
[1,0,0,0]
[1,0,0,0]
[1,0,0,0]
[1,0,0,0]
[1,0,0,0]
[1,0,0,0]
[1,0,0,0]
[1,0,0,0]
[1,0,0,0]
[1,0,0,0]
[1,0,0,0]
[1,0,0,0]
[1,0,0,0]
[1,0,0,0]
[1,0,0,0]
[1,0,0,0]
[1,0,0,0]
[1,0,0,0]
[1,0,0,0]
[1,0,0,0]
[1,0,0,0]
[1,0,0,0]
[1,0,0,0]
[1,0,0,0]
[1,0,0,0]
[1,0,0,0]
[1,0,0,0]
