950
10
[0.00315789,0,0]
[0.00631579,0,0]
[0.00947368,0,0]
[0.0126316,0,0]
[0.0157895,0,0]
[0.0189474,0,0]
[0.0221053,0,0]
[0.0252632,0,0]
[0.0284211,0,0]
[0.0315789,0,0]
[0.0347368,0,0]
[0.0378947,0,0]
[0.0410526,0,0]
[0.0442105,0,0]
[0.0473684,0,0]
[0.0505263,0,0]
[0.0536842,0,0]
[0.0568421,0,0]
[0.06,0,0]
[0.0631579,0,0]
[0.0663158,0,0]
[0.0694737,0,0]
[0.0726316,0,0]
[0.0757895,0,0]
[0.0789474,0,0]
[0.0821053,0,0]
[0.0852632,0,0]
[0.0884211,0,0]
[0.0915789,0,0]
[0.0947368,0,0]
[0.0978947,0,0]
[0.101053,0,0]
[0.104211,0,0]
[0.107368,0,0]
[0.110526,0,0]
[0.113684,0,0]
[0.116842,0,0]
[0.12,0,0]
[0.123158,0,0]
[0.126316,0,0]
[0.129474,0,0]
[0.132632,0,0]
[0.135789,0,0]
[0.138947,0,0]
[0.142105,0,0]
[0.145263,0,0]
[0.148421,0,0]
[0.151579,0,0]
[0.154737,0,0]
[0.157895,0,0]
[0.161053,0,0]
[0.164211,0,0]
[0.167368,0,0]
[0.170526,0,0]
[0.173684,0,0]
[0.176842,0,0]
[0.18,0,0]
[0.183158,0,0]
[0.186316,0,0]
[0.189474,0,0]
[0.192632,0,0]
[0.195789,0,0]
[0.198947,0,0]
[0.202105,0,0]
[0.205263,0,0]
[0.208421,0,0]
[0.211579,0,0]
[0.214737,0,0]
[0.217895,0,0]
[0.221053,0,0]
[0.224211,0,0]
[0.227368,0,0]
[0.230526,0,0]
[0.233684,0,0]
[0.236842,0,0]
[0.24,0,0]
[0.243158,0,0]
[0.246316,0,0]
[0.249474,0,0]
[0.252632,0,0]
[0.255789,0,0]
[0.258947,0,0]
[0.262105,0,0]
[0.265263,0,0]
[0.268421,0,0]
[0.271579,0,0]
[0.274737,0,0]
[0.277895,0,0]
[0.281053,0,0]
[0.284211,0,0]
[0.287368,0,0]
[0.290526,0,0]
[0.293684,0,0]
[0.296842,0,0]
[0.3,0,0]
[0.303158,0,0]
[0.306316,0,0]
[0.309474,0,0]
[0.312632,0,0]
[0.315789,0,0]
[0.318947,0,0]
[0.322105,0,0]
[0.325263,0,0]
[0.328421,0,0]
[0.331579,0,0]
[0.334737,0,0]
[0.337895,0,0]
[0.341053,0,0]
[0.344211,0,0]
[0.347368,0,0]
[0.350526,0,0]
[0.353684,0,0]
[0.356842,0,0]
[0.36,0,0]
[0.363158,0,0]
[0.366316,0,0]
[0.369474,0,0]
[0.372632,0,0]
[0.375789,0,0]
[0.378947,0,0]
[0.382105,0,0]
[0.385263,0,0]
[0.388421,0,0]
[0.391579,0,0]
[0.394737,0,0]
[0.397895,0,0]
[0.401053,0,0]
[0.404211,0,0]
[0.407368,0,0]
[0.410526,0,0]
[0.413684,0,0]
[0.416842,0,0]
[0.42,0,0]
[0.423158,0,0]
[0.426316,0,0]
[0.429474,0,0]
[0.432632,0,0]
[0.435789,0,0]
[0.438947,0,0]
[0.442105,0,0]
[0.445263,0,0]
[0.448421,0,0]
[0.451579,0,0]
[0.454737,0,0]
[0.457895,0,0]
[0.461053,0,0]
[0.464211,0,0]
[0.467368,0,0]
[0.470526,0,0]
[0.473684,0,0]
[0.476842,0,0]
[0.48,0,0]
[0.483158,0,0]
[0.486316,0,0]
[0.489474,0,0]
[0.492632,0,0]
[0.495789,0,0]
[0.498947,0,0]
[0.502105,0,0]
[0.505263,0,0]
[0.508421,0,0]
[0.511579,0,0]
[0.514737,0,0]
[0.517895,0,0]
[0.521053,0,0]
[0.524211,0,0]
[0.527368,0,0]
[0.530526,0,0]
[0.533684,0,0]
[0.536842,0,0]
[0.54,0,0]
[0.543158,0,0]
[0.546316,0,0]
[0.549474,0,0]
[0.552632,0,0]
[0.555789,0,0]
[0.558947,0,0]
[0.562105,0,0]
[0.565263,0,0]
[0.568421,0,0]
[0.571579,0,0]
[0.574737,0,0]
[0.577895,0,0]
[0.581053,0,0]
[0.584211,0,0]
[0.587368,0,0]
[0.590526,0,0]
[0.593684,0,0]
[0.596842,0,0]
[0.6,0,0]
[0.603158,0,0]
[0.606316,0,0]
[0.609474,0,0]
[0.612632,0,0]
[0.615789,0,0]
[0.618947,0,0]
[0.622105,0,0]
[0.625263,0,0]
[0.628421,0,0]
[0.631579,0,0]
[0.634737,0,0]
[0.637895,0,0]
[0.641053,0,0]
[0.644211,0,0]
[0.647368,0,0]
[0.650526,0,0]
[0.653684,0,0]
[0.656842,0,0]
[0.66,0,0]
[0.663158,0,0]
[0.666316,0,0]
[0.669474,0,0]
[0.672632,0,0]
[0.675789,0,0]
[0.678947,0,0]
[0.682105,0,0]
[0.685263,0,0]
[0.688421,0,0]
[0.691579,0,0]
[0.694737,0,0]
[0.697895,0,0]
[0.701053,0,0]
[0.704211,0,0]
[0.707368,0,0]
[0.710526,0,0]
[0.713684,0,0]
[0.716842,0,0]
[0.72,0,0]
[0.723158,0,0]
[0.726316,0,0]
[0.729474,0,0]
[0.732632,0,0]
[0.735789,0,0]
[0.738947,0,0]
[0.742105,0,0]
[0.745263,0,0]
[0.748421,0,0]
[0.751579,0,0]
[0.754737,0,0]
[0.757895,0,0]
[0.761053,0,0]
[0.764211,0,0]
[0.767368,0,0]
[0.770526,0,0]
[0.773684,0,0]
[0.776842,0,0]
[0.78,0,0]
[0.783158,0,0]
[0.786316,0,0]
[0.789474,0,0]
[0.792632,0,0]
[0.795789,0,0]
[0.798947,0,0]
[0.802105,0,0]
[0.805263,0,0]
[0.808421,0,0]
[0.811579,0,0]
[0.814737,0,0]
[0.817895,0,0]
[0.821053,0,0]
[0.824211,0,0]
[0.827368,0,0]
[0.830526,0,0]
[0.833684,0,0]
[0.836842,0,0]
[0.84,0,0]
[0.843158,0,0]
[0.846316,0,0]
[0.849474,0,0]
[0.852632,0,0]
[0.855789,0,0]
[0.858947,0,0]
[0.862105,0,0]
[0.865263,0,0]
[0.868421,0,0]
[0.871579,0,0]
[0.874737,0,0]
[0.877895,0,0]
[0.881053,0,0]
[0.884211,0,0]
[0.887368,0,0]
[0.890526,0,0]
[0.893684,0,0]
[0.896842,0,0]
[0.9,0,0]
[0.903158,0,0]
[0.906316,0,0]
[0.909474,0,0]
[0.912632,0,0]
[0.915789,0,0]
[0.918947,0,0]
[0.922105,0,0]
[0.925263,0,0]
[0.928421,0,0]
[0.931579,0,0]
[0.934737,0,0]
[0.937895,0,0]
[0.941053,0,0]
[0.944211,0,0]
[0.947368,0,0]
[0.950526,0,0]
[0.953684,0,0]
[0.956842,0,0]
[0.96,0,0]
[0.963158,0,0]
[0.966316,0,0]
[0.969474,0,0]
[0.972632,0,0]
[0.975789,0,0]
[0.978947,0,0]
[0.982105,0,0]
[0.985263,0,0]
[0.988421,0,0]
[0.991579,0,0]
[0.994737,0,0]
[0.997895,0,0]
[1.00105,0,0]
[1.00421,0,0]
[1.00737,0,0]
[1.01053,0,0]
[1.01368,0,0]
[1.01684,0,0]
[1.02,0,0]
[1.02316,0,0]
[1.02632,0,0]
[1.02947,0,0]
[1.03263,0,0]
[1.03579,0,0]
[1.03895,0,0]
[1.04211,0,0]
[1.04526,0,0]
[1.04842,0,0]
[1.05158,0,0]
[1.05474,0,0]
[1.05789,0,0]
[1.06105,0,0]
[1.06421,0,0]
[1.06737,0,0]
[1.07053,0,0]
[1.07368,0,0]
[1.07684,0,0]
[1.08,0,0]
[1.08316,0,0]
[1.08632,0,0]
[1.08947,0,0]
[1.09263,0,0]
[1.09579,0,0]
[1.09895,0,0]
[1.10211,0,0]
[1.10526,0,0]
[1.10842,0,0]
[1.11158,0,0]
[1.11474,0,0]
[1.11789,0,0]
[1.12105,0,0]
[1.12421,0,0]
[1.12737,0,0]
[1.13053,0,0]
[1.13368,0,0]
[1.13684,0,0]
[1.14,0,0]
[1.14316,0,0]
[1.14632,0,0]
[1.14947,0,0]
[1.15263,0,0]
[1.15579,0,0]
[1.15895,0,0]
[1.16211,0,0]
[1.16526,0,0]
[1.16842,0,0]
[1.17158,0,0]
[1.17474,0,0]
[1.17789,0,0]
[1.18105,0,0]
[1.18421,0,0]
[1.18737,0,0]
[1.19053,0,0]
[1.19368,0,0]
[1.19684,0,0]
[1.2,0,0]
[1.20316,0,0]
[1.20632,0,0]
[1.20947,0,0]
[1.21263,0,0]
[1.21579,0,0]
[1.21895,0,0]
[1.22211,0,0]
[1.22526,0,0]
[1.22842,0,0]
[1.23158,0,0]
[1.23474,0,0]
[1.23789,0,0]
[1.24105,0,0]
[1.24421,0,0]
[1.24737,0,0]
[1.25053,0,0]
[1.25368,0,0]
[1.25684,0,0]
[1.26,0,0]
[1.26316,0,0]
[1.26632,0,0]
[1.26947,0,0]
[1.27263,0,0]
[1.27579,0,0]
[1.27895,0,0]
[1.28211,0,0]
[1.28526,0,0]
[1.28842,0,0]
[1.29158,0,0]
[1.29474,0,0]
[1.29789,0,0]
[1.30105,0,0]
[1.30421,0,0]
[1.30737,0,0]
[1.31053,0,0]
[1.31368,0,0]
[1.31684,0,0]
[1.32,0,0]
[1.32316,0,0]
[1.32632,0,0]
[1.32947,0,0]
[1.33263,0,0]
[1.33579,0,0]
[1.33895,0,0]
[1.34211,0,0]
[1.34526,0,0]
[1.34842,0,0]
[1.35158,0,0]
[1.35474,0,0]
[1.35789,0,0]
[1.36105,0,0]
[1.36421,0,0]
[1.36737,0,0]
[1.37053,0,0]
[1.37368,0,0]
[1.37684,0,0]
[1.38,0,0]
[1.38316,0,0]
[1.38632,0,0]
[1.38947,0,0]
[1.39263,0,0]
[1.39579,0,0]
[1.39895,0,0]
[1.40211,0,0]
[1.40526,0,0]
[1.40842,0,0]
[1.41158,0,0]
[1.41474,0,0]
[1.41789,0,0]
[1.42105,0,0]
[1.42421,0,0]
[1.42737,0,0]
[1.43053,0,0]
[1.43368,0,0]
[1.43684,0,0]
[1.44,0,0]
[1.44316,0,0]
[1.44632,0,0]
[1.44947,0,0]
[1.45263,0,0]
[1.45579,0,0]
[1.45895,0,0]
[1.46211,0,0]
[1.46526,0,0]
[1.46842,0,0]
[1.47158,0,0]
[1.47474,0,0]
[1.47789,0,0]
[1.48105,0,0]
[1.48421,0,0]
[1.48737,0,0]
[1.49053,0,0]
[1.49368,0,0]
[1.49684,0,0]
[1.5,0,0]
[1.50316,0,0]
[1.50632,0,0]
[1.50947,0,0]
[1.51263,0,0]
[1.51579,0,0]
[1.51895,0,0]
[1.52211,0,0]
[1.52526,0,0]
[1.52842,0,0]
[1.53158,0,0]
[1.53474,0,0]
[1.53789,0,0]
[1.54105,0,0]
[1.54421,0,0]
[1.54737,0,0]
[1.55053,0,0]
[1.55368,0,0]
[1.55684,0,0]
[1.56,0,0]
[1.56316,0,0]
[1.56632,0,0]
[1.56947,0,0]
[1.57263,0,0]
[1.57579,0,0]
[1.57895,0,0]
[1.58211,0,0]
[1.58526,0,0]
[1.58842,0,0]
[1.59158,0,0]
[1.59474,0,0]
[1.59789,0,0]
[1.60105,0,0]
[1.60421,0,0]
[1.60737,0,0]
[1.61053,0,0]
[1.61368,0,0]
[1.61684,0,0]
[1.62,0,0]
[1.62316,0,0]
[1.62632,0,0]
[1.62947,0,0]
[1.63263,0,0]
[1.63579,0,0]
[1.63895,0,0]
[1.64211,0,0]
[1.64526,0,0]
[1.64842,0,0]
[1.65158,0,0]
[1.65474,0,0]
[1.65789,0,0]
[1.66105,0,0]
[1.66421,0,0]
[1.66737,0,0]
[1.67053,0,0]
[1.67368,0,0]
[1.67684,0,0]
[1.68,0,0]
[1.68316,0,0]
[1.68632,0,0]
[1.68947,0,0]
[1.69263,0,0]
[1.69579,0,0]
[1.69895,0,0]
[1.70211,0,0]
[1.70526,0,0]
[1.70842,0,0]
[1.71158,0,0]
[1.71474,0,0]
[1.71789,0,0]
[1.72105,0,0]
[1.72421,0,0]
[1.72737,0,0]
[1.73053,0,0]
[1.73368,0,0]
[1.73684,0,0]
[1.74,0,0]
[1.74316,0,0]
[1.74632,0,0]
[1.74947,0,0]
[1.75263,0,0]
[1.75579,0,0]
[1.75895,0,0]
[1.76211,0,0]
[1.76526,0,0]
[1.76842,0,0]
[1.77158,0,0]
[1.77474,0,0]
[1.77789,0,0]
[1.78105,0,0]
[1.78421,0,0]
[1.78737,0,0]
[1.79053,0,0]
[1.79368,0,0]
[1.79684,0,0]
[1.8,0,0]
[1.80316,0,0]
[1.80632,0,0]
[1.80947,0,0]
[1.81263,0,0]
[1.81579,0,0]
[1.81895,0,0]
[1.82211,0,0]
[1.82526,0,0]
[1.82842,0,0]
[1.83158,0,0]
[1.83474,0,0]
[1.83789,0,0]
[1.84105,0,0]
[1.84421,0,0]
[1.84737,0,0]
[1.85053,0,0]
[1.85368,0,0]
[1.85684,0,0]
[1.86,0,0]
[1.86316,0,0]
[1.86632,0,0]
[1.86947,0,0]
[1.87263,0,0]
[1.87579,0,0]
[1.87895,0,0]
[1.88211,0,0]
[1.88526,0,0]
[1.88842,0,0]
[1.89158,0,0]
[1.89474,0,0]
[1.89789,0,0]
[1.90105,0,0]
[1.90421,0,0]
[1.90737,0,0]
[1.91053,0,0]
[1.91368,0,0]
[1.91684,0,0]
[1.92,0,0]
[1.92316,0,0]
[1.92632,0,0]
[1.92947,0,0]
[1.93263,0,0]
[1.93579,0,0]
[1.93895,0,0]
[1.94211,0,0]
[1.94526,0,0]
[1.94842,0,0]
[1.95158,0,0]
[1.95474,0,0]
[1.95789,0,0]
[1.96105,0,0]
[1.96421,0,0]
[1.96737,0,0]
[1.97053,0,0]
[1.97368,0,0]
[1.97684,0,0]
[1.98,0,0]
[1.98316,0,0]
[1.98632,0,0]
[1.98947,0,0]
[1.99263,0,0]
[1.99579,0,0]
[1.99895,0,0]
[2.00211,0,0]
[2.00526,0,0]
[2.00842,0,0]
[2.01158,0,0]
[2.01474,0,0]
[2.01789,0,0]
[2.02105,0,0]
[2.02421,0,0]
[2.02737,0,0]
[2.03053,0,0]
[2.03368,0,0]
[2.03684,0,0]
[2.04,0,0]
[2.04316,0,0]
[2.04632,0,0]
[2.04947,0,0]
[2.05263,0,0]
[2.05579,0,0]
[2.05895,0,0]
[2.06211,0,0]
[2.06526,0,0]
[2.06842,0,0]
[2.07158,0,0]
[2.07474,0,0]
[2.07789,0,0]
[2.08105,0,0]
[2.08421,0,0]
[2.08737,0,0]
[2.09053,0,0]
[2.09368,0,0]
[2.09684,0,0]
[2.1,0,0]
[2.10316,0,0]
[2.10632,0,0]
[2.10947,0,0]
[2.11263,0,0]
[2.11579,0,0]
[2.11895,0,0]
[2.12211,0,0]
[2.12526,0,0]
[2.12842,0,0]
[2.13158,0,0]
[2.13474,0,0]
[2.13789,0,0]
[2.14105,0,0]
[2.14421,0,0]
[2.14737,0,0]
[2.15053,0,0]
[2.15368,0,0]
[2.15684,0,0]
[2.16,0,0]
[2.16316,0,0]
[2.16632,0,0]
[2.16947,0,0]
[2.17263,0,0]
[2.17579,0,0]
[2.17895,0,0]
[2.18211,0,0]
[2.18526,0,0]
[2.18842,0,0]
[2.19158,0,0]
[2.19474,0,0]
[2.19789,0,0]
[2.20105,0,0]
[2.20421,0,0]
[2.20737,0,0]
[2.21053,0,0]
[2.21368,0,0]
[2.21684,0,0]
[2.22,0,0]
[2.22316,0,0]
[2.22632,0,0]
[2.22947,0,0]
[2.23263,0,0]
[2.23579,0,0]
[2.23895,0,0]
[2.24211,0,0]
[2.24526,0,0]
[2.24842,0,0]
[2.25158,0,0]
[2.25474,0,0]
[2.25789,0,0]
[2.26105,0,0]
[2.26421,0,0]
[2.26737,0,0]
[2.27053,0,0]
[2.27368,0,0]
[2.27684,0,0]
[2.28,0,0]
[2.28316,0,0]
[2.28632,0,0]
[2.28947,0,0]
[2.29263,0,0]
[2.29579,0,0]
[2.29895,0,0]
[2.30211,0,0]
[2.30526,0,0]
[2.30842,0,0]
[2.31158,0,0]
[2.31474,0,0]
[2.31789,0,0]
[2.32105,0,0]
[2.32421,0,0]
[2.32737,0,0]
[2.33053,0,0]
[2.33368,0,0]
[2.33684,0,0]
[2.34,0,0]
[2.34316,0,0]
[2.34632,0,0]
[2.34947,0,0]
[2.35263,0,0]
[2.35579,0,0]
[2.35895,0,0]
[2.36211,0,0]
[2.36526,0,0]
[2.36842,0,0]
[2.37158,0,0]
[2.37474,0,0]
[2.37789,0,0]
[2.38105,0,0]
[2.38421,0,0]
[2.38737,0,0]
[2.39053,0,0]
[2.39368,0,0]
[2.39684,0,0]
[2.4,0,0]
[2.40316,0,0]
[2.40632,0,0]
[2.40947,0,0]
[2.41263,0,0]
[2.41579,0,0]
[2.41895,0,0]
[2.42211,0,0]
[2.42526,0,0]
[2.42842,0,0]
[2.43158,0,0]
[2.43474,0,0]
[2.43789,0,0]
[2.44105,0,0]
[2.44421,0,0]
[2.44737,0,0]
[2.45053,0,0]
[2.45368,0,0]
[2.45684,0,0]
[2.46,0,0]
[2.46316,0,0]
[2.46632,0,0]
[2.46947,0,0]
[2.47263,0,0]
[2.47579,0,0]
[2.47895,0,0]
[2.48211,0,0]
[2.48526,0,0]
[2.48842,0,0]
[2.49158,0,0]
[2.49474,0,0]
[2.49789,0,0]
[2.50105,0,0]
[2.50421,0,0]
[2.50737,0,0]
[2.51053,0,0]
[2.51368,0,0]
[2.51684,0,0]
[2.52,0,0]
[2.52316,0,0]
[2.52632,0,0]
[2.52947,0,0]
[2.53263,0,0]
[2.53579,0,0]
[2.53895,0,0]
[2.54211,0,0]
[2.54526,0,0]
[2.54842,0,0]
[2.55158,0,0]
[2.55474,0,0]
[2.55789,0,0]
[2.56105,0,0]
[2.56421,0,0]
[2.56737,0,0]
[2.57053,0,0]
[2.57368,0,0]
[2.57684,0,0]
[2.58,0,0]
[2.58316,0,0]
[2.58632,0,0]
[2.58947,0,0]
[2.59263,0,0]
[2.59579,0,0]
[2.59895,0,0]
[2.60211,0,0]
[2.60526,0,0]
[2.60842,0,0]
[2.61158,0,0]
[2.61474,0,0]
[2.61789,0,0]
[2.62105,0,0]
[2.62421,0,0]
[2.62737,0,0]
[2.63053,0,0]
[2.63368,0,0]
[2.63684,0,0]
[2.64,0,0]
[2.64316,0,0]
[2.64632,0,0]
[2.64947,0,0]
[2.65263,0,0]
[2.65579,0,0]
[2.65895,0,0]
[2.66211,0,0]
[2.66526,0,0]
[2.66842,0,0]
[2.67158,0,0]
[2.67474,0,0]
[2.67789,0,0]
[2.68105,0,0]
[2.68421,0,0]
[2.68737,0,0]
[2.69053,0,0]
[2.69368,0,0]
[2.69684,0,0]
[2.7,0,0]
[2.70316,0,0]
[2.70632,0,0]
[2.70947,0,0]
[2.71263,0,0]
[2.71579,0,0]
[2.71895,0,0]
[2.72211,0,0]
[2.72526,0,0]
[2.72842,0,0]
[2.73158,0,0]
[2.73474,0,0]
[2.73789,0,0]
[2.74105,0,0]
[2.74421,0,0]
[2.74737,0,0]
[2.75053,0,0]
[2.75368,0,0]
[2.75684,0,0]
[2.76,0,0]
[2.76316,0,0]
[2.76632,0,0]
[2.76947,0,0]
[2.77263,0,0]
[2.77579,0,0]
[2.77895,0,0]
[2.78211,0,0]
[2.78526,0,0]
[2.78842,0,0]
[2.79158,0,0]
[2.79474,0,0]
[2.79789,0,0]
[2.80105,0,0]
[2.80421,0,0]
[2.80737,0,0]
[2.81053,0,0]
[2.81368,0,0]
[2.81684,0,0]
[2.82,0,0]
[2.82316,0,0]
[2.82632,0,0]
[2.82947,0,0]
[2.83263,0,0]
[2.83579,0,0]
[2.83895,0,0]
[2.84211,0,0]
[2.84526,0,0]
[2.84842,0,0]
[2.85158,0,0]
[2.85474,0,0]
[2.85789,0,0]
[2.86105,0,0]
[2.86421,0,0]
[2.86737,0,0]
[2.87053,0,0]
[2.87368,0,0]
[2.87684,0,0]
[2.88,0,0]
[2.88316,0,0]
[2.88632,0,0]
[2.88947,0,0]
[2.89263,0,0]
[2.89579,0,0]
[2.89895,0,0]
[2.90211,0,0]
[2.90526,0,0]
[2.90842,0,0]
[2.91158,0,0]
[2.91474,0,0]
[2.91789,0,0]
[2.92105,0,0]
[2.92421,0,0]
[2.92737,0,0]
[2.93053,0,0]
[2.93368,0,0]
[2.93684,0,0]
[2.94,0,0]
[2.94316,0,0]
[2.94632,0,0]
[2.94947,0,0]
[2.95263,0,0]
[2.95579,0,0]
[2.95895,0,0]
[2.96211,0,0]
[2.96526,0,0]
[2.96842,0,0]
[2.97158,0,0]
[2.97474,0,0]
[2.97789,0,0]
[2.98105,0,0]
[2.98421,0,0]
[2.98737,0,0]
[2.99053,0,0]
[2.99368,0,0]
[2.99684,0,0]
[3,0,0]
[1,0,0,0]
[1,0,0,0]
[1,0,0,0]
[1,0,0,0]
[1,0,0,0]
[1,0,0,0]
[1,0,0,0]
[1,0,0,0]
[1,0,0,0]
[1,0,0,0]
[1,0,0,0]
[1,0,0,0]
[1,0,0,0]
[1,0,0,0]
[1,0,0,0]
[1,0,0,0]
[1,0,0,0]
[1,0,0,0]
[1,0,0,0]
[1,0,0,0]
[1,0,0,0]
[1,0,0,0]
[1,0,0,0]
[1,0,0,0]
[1,0,0,0]
[1,0,0,0]
[1,0,0,0]
[1,0,0,0]
[1,0,0,0]
[1,0,0,0]
[1,0,0,0]
[1,0,0,0]
[1,0,0,0]
[1,0,0,0]
[1,0,0,0]
[1,0,0,0]
[1,0,0,0]
[1,0,0,0]
[1,0,0,0]
[1,0,0,0]
[1,0,0,0]
[1,0,0,0]
[1,0,0,0]
[1,0,0,0]
[1,0,0,0]
[1,0,0,0]
[1,0,0,0]
[1,0,0,0]
[1,0,0,0]
[1,0,0,0]
[1,0,0,0]
[1,0,0,0]
[1,0,0,0]
[1,0,0,0]
[1,0,0,0]
[1,0,0,0]
[1,0,0,0]
[1,0,0,0]
[1,0,0,0]
[1,0,0,0]
[1,0,0,0]
[1,0,0,0]
[1,0,0,0]
[1,0,0,0]
[1,0,0,0]
[1,0,0,0]
[1,0,0,0]
[1,0,0,0]
[1,0,0,0]
[1,0,0,0]
[1,0,0,0]
[1,0,0,0]
[1,0,0,0]
[1,0,0,0]
[1,0,0,0]
[1,0,0,0]
[1,0,0,0]
[1,0,0,0]
[1,0,0,0]
[1,0,0,0]
[1,0,0,0]
[1,0,0,0]
[1,0,0,0]
[1,0,0,0]
[1,0,0,0]
[1,0,0,0]
[1,0,0,0]
[1,0,0,0]
[1,0,0,0]
[1,0,0,0]
[1,0,0,0]
[1,0,0,0]
[1,0,0,0]
[1,0,0,0]
[1,0,0,0]
[1,0,0,0]
[1,0,0,0]
[1,0,0,0]
[1,0,0,0]
[1,0,0,0]
[1,0,0,0]
[1,0,0,0]
[1,0,0,0]
[1,0,0,0]
[1,0,0,0]
[1,0,0,0]
[1,0,0,0]
[1,0,0,0]
[1,0,0,0]
[1,0,0,0]
[1,0,0,0]
[1,0,0,0]
[1,0,0,0]
[1,0,0,0]
[1,0,0,0]
[1,0,0,0]
[1,0,0,0]
[1,0,0,0]
[1,0,0,0]
[1,0,0,0]
[1,0,0,0]
[1,0,0,0]
[1,0,0,0]
[1,0,0,0]
[1,0,0,0]
[1,0,0,0]
[1,0,0,0]
[1,0,0,0]
[1,0,0,0]
[1,0,0,0]
[1,0,0,0]
[1,0,0,0]
[1,0,0,0]
[1,0,0,0]
[1,0,0,0]
[1,0,0,0]
[1,0,0,0]
[1,0,0,0]
[1,0,0,0]
[1,0,0,0]
[1,0,0,0]
[1,0,0,0]
[1,0,0,0]
[1,0,0,0]
[1,0,0,0]
[1,0,0,0]
[1,0,0,0]
[1,0,0,0]
[1,0,0,0]
[1,0,0,0]
[1,0,0,0]
[1,0,0,0]
[1,0,0,0]
[1,0,0,0]
[1,0,0,0]
[1,0,0,0]
[1,0,0,0]
[1,0,0,0]
[1,0,0,0]
[1,0,0,0]
[1,0,0,0]
[1,0,0,0]
[1,0,0,0]
[1,0,0,0]
[1,0,0,0]
[1,0,0,0]
[1,0,0,0]
[1,0,0,0]
[1,0,0,0]
[1,0,0,0]
[1,0,0,0]
[1,0,0,0]
[1,0,0,0]
[1,0,0,0]
[1,0,0,0]
[1,0,0,0]
[1,0,0,0]
[1,0,0,0]
[1,0,0,0]
[1,0,0,0]
[1,0,0,0]
[1,0,0,0]
[1,0,0,0]
[1,0,0,0]
[1,0,0,0]
[1,0,0,0]
[1,0,0,0]
[1,0,0,0]
[1,0,0,0]
[1,0,0,0]
[1,0,0,0]
[1,0,0,0]
[1,0,0,0]
[1,0,0,0]
[1,0,0,0]
[1,0,0,0]
[1,0,0,0]
[1,0,0,0]
[1,0,0,0]
[1,0,0,0]
[1,0,0,0]
[1,0,0,0]
[1,0,0,0]
[1,0,0,0]
[1,0,0,0]
[1,0,0,0]
[1,0,0,0]
[1,0,0,0]
[1,0,0,0]
[1,0,0,0]
[1,0,0,0]
[1,0,0,0]
[1,0,0,0]
[1,0,0,0]
[1,0,0,0]
[1,0,0,0]
[1,0,0,0]
[1,0,0,0]
[1,0,0,0]
[1,0,0,0]
[1,0,0,0]
[1,0,0,0]
[1,0,0,0]
[1,0,0,0]
[1,0,0,0]
[1,0,0,0]
[1,0,0,0]
[1,0,0,0]
[1,0,0,0]
[1,0,0,0]
[1,0,0,0]
[1,0,0,0]
[1,0,0,0]
[1,0,0,0]
[1,0,0,0]
[1,0,0,0]
[1,0,0,0]
[1,0,0,0]
[1,0,0,0]
[1,0,0,0]
[1,0,0,0]
[1,0,0,0]
[1,0,0,0]
[1,0,0,0]
[1,0,0,0]
[1,0,0,0]
[1,0,0,0]
[1,0,0,0]
[1,0,0,0]
[1,0,0,0]
[1,0,0,0]
[1,0,0,0]
[1,0,0,0]
[1,0,0,0]
[1,0,0,0]
[1,0,0,0]
[1,0,0,0]
[1,0,0,0]
[1,0,0,0]
[1,0,0,0]
[1,0,0,0]
[1,0,0,0]
[1,0,0,0]
[1,0,0,0]
[1,0,0,0]
[1,0,0,0]
[1,0,0,0]
[1,0,0,0]
[1,0,0,0]
[1,0,0,0]
[1,0,0,0]
[1,0,0,0]
[1,0,0,0]
[1,0,0,0]
[1,0,0,0]
[1,0,0,0]
[1,0,0,0]
[1,0,0,0]
[1,0,0,0]
[1,0,0,0]
[1,0,0,0]
[1,0,0,0]
[1,0,0,0]
[1,0,0,0]
[1,0,0,0]
[1,0,0,0]
[1,0,0,0]
[1,0,0,0]
[1,0,0,0]
[1,0,0,0]
[1,0,0,0]
[1,0,0,0]
[1,0,0,0]
[1,0,0,0]
[1,0,0,0]
[1,0,0,0]
[1,0,0,0]
[1,0,0,0]
[1,0,0,0]
[1,0,0,0]
[1,0,0,0]
[1,0,0,0]
[1,0,0,0]
[1,0,0,0]
[1,0,0,0]
[1,0,0,0]
[1,0,0,0]
[1,0,0,0]
[1,0,0,0]
[1,0,0,0]
[1,0,0,0]
[1,0,0,0]
[1,0,0,0]
[1,0,0,0]
[1,0,0,0]
[1,0,0,0]
[1,0,0,0]
[1,0,0,0]
[1,0,0,0]
[1,0,0,0]
[1,0,0,0]
[1,0,0,0]
[1,0,0,0]
[1,0,0,0]
[1,0,0,0]
[1,0,0,0]
[1,0,0,0]
[1,0,0,0]
[1,0,0,0]
[1,0,0,0]
[1,0,0,0]
[1,0,0,0]
[1,0,0,0]
[1,0,0,0]
[1,0,0,0]
[1,0,0,0]
[1,0,0,0]
[1,0,0,0]
[1,0,0,0]
[1,0,0,0]
[1,0,0,0]
[1,0,0,0]
[1,0,0,0]
[1,0,0,0]
[1,0,0,0]
[1,0,0,0]
[1,0,0,0]
[1,0,0,0]
[1,0,0,0]
[1,0,0,0]
[1,0,0,0]
[1,0,0,0]
[1,0,0,0]
[1,0,0,0]
[1,0,0,0]
[1,0,0,0]
[1,0,0,0]
[1,0,0,0]
[1,0,0,0]
[1,0,0,0]
[1,0,0,0]
[1,0,0,0]
[1,0,0,0]
[1,0,0,0]
[1,0,0,0]
[1,0,0,0]
[1,0,0,0]
[1,0,0,0]
[1,0,0,0]
[1,0,0,0]
[1,0,0,0]
[1,0,0,0]
[1,0,0,0]
[1,0,0,0]
[1,0,0,0]
[1,0,0,0]
[1,0,0,0]
[1,0,0,0]
[1,0,0,0]
[1,0,0,0]
[1,0,0,0]
[1,0,0,0]
[1,0,0,0]
[1,0,0,0]
[1,0,0,0]
[1,0,0,0]
[1,0,0,0]
[1,0,0,0]
[1,0,0,0]
[1,0,0,0]
[1,0,0,0]
[1,0,0,0]
[1,0,0,0]
[1,0,0,0]
[1,0,0,0]
[1,0,0,0]
[1,0,0,0]
[1,0,0,0]
[1,0,0,0]
[1,0,0,0]
[1,0,0,0]
[1,0,0,0]
[1,0,0,0]
[1,0,0,0]
[1,0,0,0]
[1,0,0,0]
[1,0,0,0]
[1,0,0,0]
[1,0,0,0]
[1,0,0,0]
[1,0,0,0]
[1,0,0,0]
[1,0,0,0]
[1,0,0,0]
[1,0,0,0]
[1,0,0,0]
[1,0,0,0]
[1,0,0,0]
[1,0,0,0]
[1,0,0,0]
[1,0,0,0]
[1,0,0,0]
[1,0,0,0]
[1,0,0,0]
[1,0,0,0]
[1,0,0,0]
[1,0,0,0]
[1,0,0,0]
[1,0,0,0]
[1,0,0,0]
[1,0,0,0]
[1,0,0,0]
[1,0,0,0]
[1,0,0,0]
[1,0,0,0]
[1,0,0,0]
[1,0,0,0]
[1,0,0,0]
[1,0,0,0]
[1,0,0,0]
[1,0,0,0]
[1,0,0,0]
[1,0,0,0]
[1,0,0,0]
[1,0,0,0]
[1,0,0,0]
[1,0,0,0]
[1,0,0,0]
[1,0,0,0]
[1,0,0,0]
[1,0,0,0]
[1,0,0,0]
[1,0,0,0]
[1,0,0,0]
[1,0,0,0]
[1,0,0,0]
[1,0,0,0]
[1,0,0,0]
[1,0,0,0]
[1,0,0,0]
[1,0,0,0]
[1,0,0,0]
[1,0,0,0]
[1,0,0,0]
[1,0,0,0]
[1,0,0,0]
[1,0,0,0]
[1,0,0,0]
[1,0,0,0]
[1,0,0,0]
[1,0,0,0]
[1,0,0,0]
[1,0,0,0]
[1,0,0,0]
[1,0,0,0]
[1,0,0,0]
[1,0,0,0]
[1,0,0,0]
[1,0,0,0]
[1,0,0,0]
[1,0,0,0]
[1,0,0,0]
[1,0,0,0]
[1,0,0,0]
[1,0,0,0]
[1,0,0,0]
[1,0,0,0]
[1,0,0,0]
[1,0,0,0]
[1,0,0,0]
[1,0,0,0]
[1,0,0,0]
[1,0,0,0]
[1,0,0,0]
[1,0,0,0]
[1,0,0,0]
[1,0,0,0]
[1,0,0,0]
[1,0,0,0]
[1,0,0,0]
[1,0,0,0]
[1,0,0,0]
[1,0,0,0]
[1,0,0,0]
[1,0,0,0]
[1,0,0,0]
[1,0,0,0]
[1,0,0,0]
[1,0,0,0]
[1,0,0,0]
[1,0,0,0]
[1,0,0,0]
[1,0,0,0]
[1,0,0,0]
[1,0,0,0]
[1,0,0,0]
[1,0,0,0]
[1,0,0,0]
[1,0,0,0]
[1,0,0,0]
[1,0,0,0]
[1,0,0,0]
[1,0,0,0]
[1,0,0,0]
[1,0,0,0]
[1,0,0,0]
[1,0,0,0]
[1,0,0,0]
[1,0,0,0]
[1,0,0,0]
[1,0,0,0]
[1,0,0,0]
[1,0,0,0]
[1,0,0,0]
[1,0,0,0]
[1,0,0,0]
[1,0,0,0]
[1,0,0,0]
[1,0,0,0]
[1,0,0,0]
[1,0,0,0]
[1,0,0,0]
[1,0,0,0]
[1,0,0,0]
[1,0,0,0]
[1,0,0,0]
[1,0,0,0]
[1,0,0,0]
[1,0,0,0]
[1,0,0,0]
[1,0,0,0]
[1,0,0,0]
[1,0,0,0]
[1,0,0,0]
[1,0,0,0]
[1,0,0,0]
[1,0,0,0]
[1,0,0,0]
[1,0,0,0]
[1,0,0,0]
[1,0,0,0]
[1,0,0,0]
[1,0,0,0]
[1,0,0,0]
[1,0,0,0]
[1,0,0,0]
[1,0,0,0]
[1,0,0,0]
[1,0,0,0]
[1,0,0,0]
[1,0,0,0]
[1,0,0,0]
[1,0,0,0]
[1,0,0,0]
[1,0,0,0]
[1,0,0,0]
[1,0,0,0]
[1,0,0,0]
[1,0,0,0]
[1,0,0,0]
[1,0,0,0]
[1,0,0,0]
[1,0,0,0]
[1,0,0,0]
[1,0,0,0]
[1,0,0,0]
[1,0,0,0]
[1,0,0,0]
[1,0,0,0]
[1,0,0,0]
[1,0,0,0]
[1,0,0,0]
[1,0,0,0]
[1,0,0,0]
[1,0,0,0]
[1,0,0,0]
[1,0,0,0]
[1,0,0,0]
[1,0,0,0]
[1,0,0,0]
[1,0,0,0]
[1,0,0,0]
[1,0,0,0]
[1,0,0,0]
[1,0,0,0]
[1,0,0,0]
[1,0,0,0]
[1,0,0,0]
[1,0,0,0]
[1,0,0,0]
[1,0,0,0]
[1,0,0,0]
[1,0,0,0]
[1,0,0,0]
[1,0,0,0]
[1,0,0,0]
[1,0,0,0]
[1,0,0,0]
[1,0,0,0]
[1,0,0,0]
[1,0,0,0]
[1,0,0,0]
[1,0,0,0]
[1,0,0,0]
[1,0,0,0]
[1,0,0,0]
[1,0,0,0]
[1,0,0,0]
[1,0,0,0]
[1,0,0,0]
[1,0,0,0]
[1,0,0,0]
[1,0,0,0]
[1,0,0,0]
[1,0,0,0]
[1,0,0,0]
[1,0,0,0]
[1,0,0,0]
[1,0,0,0]
[1,0,0,0]
[1,0,0,0]
[1,0,0,0]
[1,0,0,0]
[1,0,0,0]
[1,0,0,0]
[1,0,0,0]
[1,0,0,0]
[1,0,0,0]
[1,0,0,0]
[1,0,0,0]
[1,0,0,0]
[1,0,0,0]
[1,0,0,0]
[1,0,0,0]
[1,0,0,0]
[1,0,0,0]
[1,0,0,0]
[1,0,0,0]
[1,0,0,0]
[1,0,0,0]
[1,0,0,0]
[1,0,0,0]
[1,0,0,0]
[1,0,0,0]
[1,0,0,0]
[1,0,0,0]
[1,0,0,0]
[1,0,0,0]
[1,0,0,0]
[1,0,0,0]
[1,0,0,0]
[1,0,0,0]
[1,0,0,0]
[1,0,0,0]
[1,0,0,0]
[1,0,0,0]
[1,0,0,0]
[1,0,0,0]
[1,0,0,0]
[1,0,0,0]
[1,0,0,0]
[1,0,0,0]
[1,0,0,0]
[1,0,0,0]
[1,0,0,0]
[1,0,0,0]
[1,0,0,0]
[1,0,0,0]
[1,0,0,0]
[1,0,0,0]
[1,0,0,0]
[1,0,0,0]
[1,0,0,0]
[1,0,0,0]
[1,0,0,0]
[1,0,0,0]
[1,0,0,0]
[1,0,0,0]
[1,0,0,0]
[1,0,0,0]
[1,0,0,0]
[1,0,0,0]
[1,0,0,0]
[1,0,0,0]
[1,0,0,0]
[1,0,0,0]
[1,0,0,0]
[1,0,0,0]
[1,0,0,0]
[1,0,0,0]
[1,0,0,0]
[1,0,0,0]
[1,0,0,0]
[1,0,0,0]
[1,0,0,0]
[1,0,0,0]
[1,0,0,0]
[1,0,0,0]
[1,0,0,0]
[1,0,0,0]
[1,0,0,0]
[1,0,0,0]
[1,0,0,0]
[1,0,0,0]
[1,0,0,0]
[1,0,0,0]
[1,0,0,0]
[1,0,0,0]
[1,0,0,0]
[1,0,0,0]
[1,0,0,0]
[1,0,0,0]
[1,0,0,0]
[1,0,0,0]
[1,0,0,0]
[1,0,0,0]
[1,0,0,0]
[1,0,0,0]
[1,0,0,0]
[1,0,0,0]
[1,0,0,0]
[1,0,0,0]
[1,0,0,0]
[1,0,0,0]
[1,0,0,0]
[1,0,0,0]
[1,0,0,0]
[1,0,0,0]
[1,0,0,0]
[1,0,0,0]
[1,0,0,0]
[1,0,0,0]
[1,0,0,0]
[1,0,0,0]
[1,0,0,0]
[1,0,0,0]
[1,0,0,0]
[1,0,0,0]
[1,0,0,0]
[1,0,0,0]
[1,0,0,0]
[1,0,0,0]
[1,0,0,0]
[1,0,0,0]
[1,0,0,0]
[1,0,0,0]
[1,0,0,0]
[1,0,0,0]
[1,0,0,0]
[1,0,0,0]
[1,0,0,0]
[1,0,0,0]
[1,0,0,0]
[1,0,0,0]
[1,0,0,0]
[1,0,0,0]
[1,0,0,0]
[1,0,0,0]
[1,0,0,0]
[1,0,0,0]
[1,0,0,0]
[1,0,0,0]
[1,0,0,0]
[1,0,0,0]
[1,0,0,0]
[1,0,0,0]
[1,0,0,0]
[1,0,0,0]
[1,0,0,0]
[1,0,0,0]
[1,0,0,0]
[1,0,0,0]
[1,0,0,0]
[1,0,0,0]
[1,0,0,0]
[1,0,0,0]
[1,0,0,0]
[1,0,0,0]
[1,0,0,0]
[1,0,0,0]
[1,0,0,0]
[1,0,0,0]
[1,0,0,0]
[1,0,0,0]
[1,0,0,0]
[1,0,0,0]
[1,0,0,0]
[1,0,0,0]
[1,0,0,0]
[1,0,0,0]
[1,0,0,0]
[1,0,0,0]
[1,0,0,0]
[1,0,0,0]
[1,0,0,0]
[1,0,0,0]
[1,0,0,0]
[1,0,0,0]
[1,0,0,0]
[1,0,0,0]
[1,0,0,0]
[1,0,0,0]
[1,0,0,0]
[1,0,0,0]
[1,0,0,0]
[1,0,0,0]
[1,0,0,0]
[1,0,0,0]
[1,0,0,0]
[1,0,0,0]
[1,0,0,0]
[1,0,0,0]
[1,0,0,0]
[1,0,0,0]
[1,0,0,0]
[1,0,0,0]
[1,0,0,0]
[1,0,0,0]
[1,0,0,0]
[1,0,0,0]
[1,0,0,0]
[1,0,0,0]
[1,0,0,0]
[1,0,0,0]
[1,0,0,0]
[1,0,0,0]
[1,0,0,0]
[1,0,0,0]
[1,0,0,0]
[1,0,0,0]
[1,0,0,0]
[1,0,0,0]
[1,0,0,0]
[1,0,0,0]
[1,0,0,0]
[1,0,0,0]
[1,0,0,0]
[1,0,0,0]
[1,0,0,0]
[1,0,0,0]
[1,0,0,0]
[1,0,0,0]
[1,0,0,0]
[1,0,0,0]
[1,0,0,0]
[1,0,0,0]
[1,0,0,0]
[1,0,0,0]
[1,0,0,0]
[1,0,0,0]
[1,0,0,0]
[1,0,0,0]
[1,0,0,0]
[1,0,0,0]
[1,0,0,0]
[1,0,0,0]
[1,0,0,0]
[1,0,0,0]
[1,0,0,0]
[1,0,0,0]
[1,0,0,0]
[1,0,0,0]
[1,0,0,0]
[1,0,0,0]
[1,0,0,0]
[1,0,0,0]
[1,0,0,0]
[1,0,0,0]
[1,0,0,0]
[1,0,0,0]
[1,0,0,0]
[1,0,0,0]
[1,0,0,0]
[1,0,0,0]
[1,0,0,0]
[1,0,0,0]
[1,0,0,0]
[1,0,0,0]
[1,0,0,0]
[1,0,0,0]
[1,0,0,0]
[1,0,0,0]
[1,0,0,0]
[1,0,0,0]
[1,0,0,0]
[1,0,0,0]
[1,0,0,0]
[1,0,0,0]
[1,0,0,0]
[1,0,0,0]
[1,0,0,0]
[1,0,0,0]
[1,0,0,0]
[1,0,0,0]
[1,0,0,0]
[1,0,0,0]
[1,0,0,0]
[1,0,0,0]
[1,0,0,0]
[1,0,0,0]
[1,0,0,0]
[1,0,0,0]
[1,0,0,0]
[1,0,0,0]
[1,0,0,0]
[1,0,0,0]
[1,0,0,0]
[1,0,0,0]
[1,0,0,0]
[1,0,0,0]
[1,0,0,0]
[1,0,0,0]
[1,0,0,0]
[1,0,0,0]
[1,0,0,0]
[1,0,0,0]
[1,0,0,0]
[1,0,0,0]
[1,0,0,0]
[1,0,0,0]
[1,0,0,0]
[1,0,0,0]
[1,0,0,0]
[1,0,0,0]
[1,0,0,0]
[1,0,0,0]
[1,0,0,0]
[1,0,0,0]
[1,0,0,0]
[1,0,0,0]
