80
10
[-0.4,30.814,-2.955]
[-0.4,30.814,-2.955]
[-0.4,30.814,-2.955]
[-0.4,30.814,-2.955]
[-0.4,30.814,-2.955]
[-0.4,30.814,-2.955]
[-0.4,30.814,-2.955]
[-0.4,30.814,-2.955]
[-0.4,30.814,-2.955]
[-0.4,30.814,-2.955]
[-0.4,31.6512,-2.955]
[-0.4,32.4884,-2.955]
[-0.4,33.3256,-2.955]
[-0.4,34.1628,-2.955]
[-0.4,35,-2.955]
[-0.4,35,-2.955]
[-0.4,35,-2.955]
[-0.4,35,-2.955]
[-0.4,35,-2.955]
[-0.4,35,-2.955]
[-0.4,35,-2.955]
[-0.4,35,-2.955]
[-0.4,35,-2.955]
[-0.4,35,-2.955]
[-0.4,35,-2.955]
[-0.4,35,-2.955]
[-0.4,35,-2.955]
[-0.4,35,-2.955]
[-0.4,35,-2.955]
[-0.4,35,-2.955]
[-0.4,35,-2.955]
[-0.4,35,-2.955]
[-0.4,35,-2.955]
[-0.4,35,-2.955]
[-0.4,35,-2.955]
[-0.4,35,-2.955]
[-0.4,35,-2.955]
[-0.4,35,-2.955]
[-0.4,35,-2.955]
[-0.4,35,-2.955]
[-0.4,35,-2.955]
[-0.4,35,-2.955]
[-0.4,35,-2.955]
[-0.4,35,-2.955]
[-0.4,35,-2.955]
[-0.4,35,-2.955]
[-0.4,35,-2.955]
[-0.4,35,-2.955]
[-0.4,35,-2.955]
[-0.4,35,-2.955]
[-0.4,35,-2.955]
[-0.4,35,-2.955]
[-0.4,35,-2.955]
[-0.4,35,-2.955]
[-0.4,35,-2.955]
[-0.4,35,-2.955]
[-0.4,35,-2.955]
[-0.4,35,-2.955]
[-0.4,35,-2.955]
[-0.4,35,-2.955]
[-0.4,35,-2.955]
[-0.4,35,-2.955]
[-0.4,35,-2.955]
[-0.4,35,-2.955]
[-0.4,35,-2.955]
[-0.4,35,-2.955]
[-0.4,35,-2.955]
[-0.4,35,-2.955]
[-0.4,35,-2.955]
[-0.4,35,-2.955]
[-0.4,34.5814,-2.955]
[-0.4,34.1628,-2.955]
[-0.4,33.7442,-2.955]
[-0.4,33.3256,-2.955]
[-0.4,32.907,-2.955]
[-0.4,32.4884,-2.955]
[-0.4,32.0698,-2.955]
[-0.4,31.6512,-2.955]
[-0.4,31.2326,-2.955]
[-0.4,30.814,-2.955]
[1,0,0,0]
[1,0,0,0]
[1,0,0,0]
[1,0,0,0]
[1,0,0,0]
[1,0,0,0]
[1,0,0,0]
[1,0,0,0]
[1,0,0,0]
[1,0,0,0]
[1,0,0,0]
[1,0,0,0]
[1,0,0,0]
[1,0,0,0]
[1,0,0,0]
[1,0,0,0]
[1,0,0,0]
[1,0,0,0]
[1,0,0,0]
[1,0,0,0]
[1,0,0,0]
[1,0,0,0]
[1,0,0,0]
[1,0,0,0]
[1,0,0,0]
[1,0,0,0]
[1,0,0,0]
[1,0,0,0]
[1,0,0,0]
[1,0,0,0]
[1,0,0,0]
[1,0,0,0]
[1,0,0,0]
[1,0,0,0]
[1,0,0,0]
[1,0,0,0]
[1,0,0,0]
[1,0,0,0]
[1,0,0,0]
[1,0,0,0]
[1,0,0,0]
[1,0,0,0]
[1,0,0,0]
[1,0,0,0]
[1,0,0,0]
[1,0,0,0]
[1,0,0,0]
[1,0,0,0]
[1,0,0,0]
[1,0,0,0]
[1,0,0,0]
[1,0,0,0]
[1,0,0,0]
[1,0,0,0]
[1,0,0,0]
[1,0,0,0]
[1,0,0,0]
[1,0,0,0]
[1,0,0,0]
[1,0,0,0]
[1,0,0,0]
[1,0,0,0]
[1,0,0,0]
[1,0,0,0]
[1,0,0,0]
[1,0,0,0]
[1,0,0,0]
[1,0,0,0]
[1,0,0,0]
[1,0,0,0]
[1,0,0,0]
[1,0,0,0]
[1,0,0,0]
[1,0,0,0]
[1,0,0,0]
[1,0,0,0]
[1,0,0,0]
[1,0,0,0]
[1,0,0,0]
[1,0,0,0]
