80
10
[-12.407,7.65,-7.588]
[-12.407,7.65,-7.588]
[-12.407,7.65,-7.588]
[-12.407,7.65,-7.588]
[-12.407,7.65,-7.588]
[-12.407,7.65,-7.588]
[-12.407,7.65,-7.588]
[-12.407,7.65,-7.588]
[-12.407,7.65,-7.588]
[-12.407,7.65,-7.588]
[-12.407,7.65,-7.588]
[-12.407,7.65,-7.588]
[-12.407,7.65,-7.588]
[-12.407,7.65,-7.588]
[-12.407,7.65,-7.588]
[-12.407,7.65,-7.588]
[-12.407,7.65,-7.588]
[-12.407,7.65,-7.588]
[-12.407,7.65,-7.588]
[-12.407,7.65,-7.588]
[-12.407,7.65,-7.588]
[-12.407,7.65,-7.588]
[-12.407,7.65,-7.588]
[-12.407,7.65,-7.588]
[-12.407,7.65,-7.588]
[-12.407,7.65,-7.588]
[-12.407,7.65,-7.588]
[-12.407,7.65,-7.588]
[-12.407,7.65,-7.588]
[-12.407,7.65,-7.588]
[-12.407,7.65,-7.9161]
[-12.407,7.65,-8.2442]
[-12.407,7.65,-8.5723]
[-12.407,7.65,-8.9004]
[-12.407,7.65,-9.2285]
[-12.407,7.65,-9.5566]
[-12.407,7.65,-9.8847]
[-12.407,7.65,-10.2128]
[-12.407,7.65,-10.5409]
[-12.407,7.65,-10.869]
[-12.407,7.65,-10.869]
[-12.407,7.65,-10.869]
[-12.407,7.65,-10.869]
[-12.407,7.65,-10.869]
[-12.407,7.65,-10.869]
[-12.407,7.65,-10.869]
[-12.407,7.65,-10.869]
[-12.407,7.65,-10.869]
[-12.407,7.65,-10.869]
[-12.407,7.65,-10.869]
[-12.407,7.65,-10.869]
[-12.407,7.65,-10.869]
[-12.407,7.65,-10.869]
[-12.407,7.65,-10.869]
[-12.407,7.65,-10.869]
[-12.407,7.65,-10.869]
[-12.407,7.65,-10.869]
[-12.407,7.65,-10.869]
[-12.407,7.65,-10.869]
[-12.407,7.65,-10.869]
[-12.407,7.65,-10.869]
[-12.407,7.65,-10.869]
[-12.407,7.65,-10.869]
[-12.407,7.65,-10.869]
[-12.407,7.65,-10.869]
[-12.407,7.65,-10.869]
[-12.407,7.65,-10.869]
[-12.407,7.65,-10.869]
[-12.407,7.65,-10.869]
[-12.407,7.65,-10.869]
[-12.407,7.65,-10.5409]
[-12.407,7.65,-10.2128]
[-12.407,7.65,-9.8847]
[-12.407,7.65,-9.5566]
[-12.407,7.65,-9.2285]
[-12.407,7.65,-8.9004]
[-12.407,7.65,-8.5723]
[-12.407,7.65,-8.2442]
[-12.407,7.65,-7.9161]
[-12.407,7.65,-7.588]
[1,0,0,0]
[1,0,0,0]
[1,0,0,0]
[1,0,0,0]
[1,0,0,0]
[1,0,0,0]
[1,0,0,0]
[1,0,0,0]
[1,0,0,0]
[1,0,0,0]
[1,0,0,0]
[1,0,0,0]
[1,0,0,0]
[1,0,0,0]
[1,0,0,0]
[1,0,0,0]
[1,0,0,0]
[1,0,0,0]
[1,0,0,0]
[1,0,0,0]
[1,0,0,0]
[1,0,0,0]
[1,0,0,0]
[1,0,0,0]
[1,0,0,0]
[1,0,0,0]
[1,0,0,0]
[1,0,0,0]
[1,0,0,0]
[1,0,0,0]
[1,0,0,0]
[1,0,0,0]
[1,0,0,0]
[1,0,0,0]
[1,0,0,0]
[1,0,0,0]
[1,0,0,0]
[1,0,0,0]
[1,0,0,0]
[1,0,0,0]
[1,0,0,0]
[1,0,0,0]
[1,0,0,0]
[1,0,0,0]
[1,0,0,0]
[1,0,0,0]
[1,0,0,0]
[1,0,0,0]
[1,0,0,0]
[1,0,0,0]
[1,0,0,0]
[1,0,0,0]
[1,0,0,0]
[1,0,0,0]
[1,0,0,0]
[1,0,0,0]
[1,0,0,0]
[1,0,0,0]
[1,0,0,0]
[1,0,0,0]
[1,0,0,0]
[1,0,0,0]
[1,0,0,0]
[1,0,0,0]
[1,0,0,0]
[1,0,0,0]
[1,0,0,0]
[1,0,0,0]
[1,0,0,0]
[1,0,0,0]
[1,0,0,0]
[1,0,0,0]
[1,0,0,0]
[1,0,0,0]
[1,0,0,0]
[1,0,0,0]
[1,0,0,0]
[1,0,0,0]
[1,0,0,0]
[1,0,0,0]
