80
10
[-0.563,-4.8,-17.1]
[-0.563,-4.8,-17.1]
[-0.563,-4.8,-17.1]
[-0.563,-4.8,-17.1]
[-0.563,-4.8,-17.1]
[-0.563,-4.8,-17.1]
[-0.563,-4.8,-17.1]
[-0.563,-4.8,-17.1]
[-0.563,-4.8,-17.1]
[-0.563,-4.8,-17.1]
[-0.563,-4.8,-17.1]
[-0.563,-4.8,-17.1]
[-0.563,-4.8,-17.1]
[-0.563,-4.8,-17.1]
[-0.563,-4.8,-17.1]
[-0.563,-4.8,-17.1]
[-0.563,-4.8,-17.1]
[-0.563,-4.8,-17.1]
[-0.563,-4.8,-17.1]
[-0.563,-4.8,-17.1]
[-0.563,-4.8,-17.1]
[-0.563,-4.8,-17.1]
[-0.563,-4.8,-17.1]
[-0.563,-4.8,-17.1]
[-0.563,-4.8,-17.1]
[-0.563,-4.8,-17.1]
[-0.563,-4.8,-17.1]
[-0.563,-4.8,-17.1]
[-0.563,-4.8,-17.1]
[-0.563,-4.8,-17.1]
[-0.563,-5.4448,-17.1]
[-0.563,-6.0896,-17.1]
[-0.563,-6.7344,-17.1]
[-0.563,-7.3792,-17.1]
[-0.563,-8.024,-17.1]
[-0.563,-8.6688,-17.1]
[-0.563,-9.3136,-17.1]
[-0.563,-9.9584,-17.1]
[-0.563,-10.6032,-17.1]
[-0.563,-11.248,-17.1]
[-0.563,-11.248,-17.1]
[-0.563,-11.248,-17.1]
[-0.563,-11.248,-17.1]
[-0.563,-11.248,-17.1]
[-0.563,-11.248,-17.1]
[-0.563,-11.248,-17.1]
[-0.563,-11.248,-17.1]
[-0.563,-11.248,-17.1]
[-0.563,-11.248,-17.1]
[-0.563,-11.248,-17.1]
[-0.563,-11.248,-17.1]
[-0.563,-11.248,-17.1]
[-0.563,-11.248,-17.1]
[-0.563,-11.248,-17.1]
[-0.563,-11.248,-17.1]
[-0.563,-11.248,-17.1]
[-0.563,-11.248,-17.1]
[-0.563,-11.248,-17.1]
[-0.563,-11.248,-17.1]
[-0.563,-11.248,-17.1]
[-0.563,-10.6032,-17.1]
[-0.563,-9.9584,-17.1]
[-0.563,-9.3136,-17.1]
[-0.563,-8.6688,-17.1]
[-0.563,-8.024,-17.1]
[-0.563,-7.3792,-17.1]
[-0.563,-6.7344,-17.1]
[-0.563,-6.0896,-17.1]
[-0.563,-5.4448,-17.1]
[-0.563,-4.8,-17.1]
[-0.563,-4.8,-17.1]
[-0.563,-4.8,-17.1]
[-0.563,-4.8,-17.1]
[-0.563,-4.8,-17.1]
[-0.563,-4.8,-17.1]
[-0.563,-4.8,-17.1]
[-0.563,-4.8,-17.1]
[-0.563,-4.8,-17.1]
[-0.563,-4.8,-17.1]
[-0.563,-4.8,-17.1]
[1,0,0,0]
[1,0,0,0]
[1,0,0,0]
[1,0,0,0]
[1,0,0,0]
[1,0,0,0]
[1,0,0,0]
[1,0,0,0]
[1,0,0,0]
[1,0,0,0]
[1,0,0,0]
[1,0,0,0]
[1,0,0,0]
[1,0,0,0]
[1,0,0,0]
[1,0,0,0]
[1,0,0,0]
[1,0,0,0]
[1,0,0,0]
[1,0,0,0]
[1,0,0,0]
[1,0,0,0]
[1,0,0,0]
[1,0,0,0]
[1,0,0,0]
[1,0,0,0]
[1,0,0,0]
[1,0,0,0]
[1,0,0,0]
[1,0,0,0]
[1,0,0,0]
[1,0,0,0]
[1,0,0,0]
[1,0,0,0]
[1,0,0,0]
[1,0,0,0]
[1,0,0,0]
[1,0,0,0]
[1,0,0,0]
[1,0,0,0]
[1,0,0,0]
[1,0,0,0]
[1,0,0,0]
[1,0,0,0]
[1,0,0,0]
[1,0,0,0]
[1,0,0,0]
[1,0,0,0]
[1,0,0,0]
[1,0,0,0]
[1,0,0,0]
[1,0,0,0]
[1,0,0,0]
[1,0,0,0]
[1,0,0,0]
[1,0,0,0]
[1,0,0,0]
[1,0,0,0]
[1,0,0,0]
[1,0,0,0]
[1,0,0,0]
[1,0,0,0]
[1,0,0,0]
[1,0,0,0]
[1,0,0,0]
[1,0,0,0]
[1,0,0,0]
[1,0,0,0]
[1,0,0,0]
[1,0,0,0]
[1,0,0,0]
[1,0,0,0]
[1,0,0,0]
[1,0,0,0]
[1,0,0,0]
[1,0,0,0]
[1,0,0,0]
[1,0,0,0]
[1,0,0,0]
[1,0,0,0]
