80
10
[-0.563,-5,-17.1]
[-0.563,-5,-17.1]
[-0.563,-5,-17.1]
[-0.563,-5,-17.1]
[-0.563,-5,-17.1]
[-0.563,-5,-17.1]
[-0.563,-5,-17.1]
[-0.563,-5,-17.1]
[-0.563,-5,-17.1]
[-0.563,-5,-17.1]
[-0.563,-5,-17.1]
[-0.563,-5,-17.1]
[-0.563,-5,-17.1]
[-0.563,-5,-17.1]
[-0.563,-5,-17.1]
[-0.563,-5,-17.1]
[-0.563,-5,-17.1]
[-0.563,-5,-17.1]
[-0.563,-5,-17.1]
[-0.563,-5,-17.1]
[-0.563,-5,-17.1]
[-0.563,-5,-17.1]
[-0.563,-5,-17.1]
[-0.563,-5,-17.1]
[-0.563,-5,-17.1]
[-0.563,-5,-17.1]
[-0.563,-5,-17.1]
[-0.563,-5,-17.1]
[-0.563,-5,-17.1]
[-0.563,-5,-17.1]
[-0.563,-5.7007,-17.1]
[-0.563,-6.4014,-17.1]
[-0.563,-7.1021,-17.1]
[-0.563,-7.8028,-17.1]
[-0.563,-8.5035,-17.1]
[-0.563,-9.2042,-17.1]
[-0.563,-9.9049,-17.1]
[-0.563,-10.6056,-17.1]
[-0.563,-11.3063,-17.1]
[-0.563,-12.007,-17.1]
[-0.563,-12.007,-17.1]
[-0.563,-12.007,-17.1]
[-0.563,-12.007,-17.1]
[-0.563,-12.007,-17.1]
[-0.563,-12.007,-17.1]
[-0.563,-12.007,-17.1]
[-0.563,-12.007,-17.1]
[-0.563,-12.007,-17.1]
[-0.563,-12.007,-17.1]
[-0.563,-12.007,-17.1]
[-0.563,-12.007,-17.1]
[-0.563,-12.007,-17.1]
[-0.563,-12.007,-17.1]
[-0.563,-12.007,-17.1]
[-0.563,-12.007,-17.1]
[-0.563,-12.007,-17.1]
[-0.563,-12.007,-17.1]
[-0.563,-12.007,-17.1]
[-0.563,-12.007,-17.1]
[-0.563,-12.007,-17.1]
[-0.563,-11.3063,-17.1]
[-0.563,-10.6056,-17.1]
[-0.563,-9.9049,-17.1]
[-0.563,-9.2042,-17.1]
[-0.563,-8.5035,-17.1]
[-0.563,-7.8028,-17.1]
[-0.563,-7.1021,-17.1]
[-0.563,-6.4014,-17.1]
[-0.563,-5.7007,-17.1]
[-0.563,-5,-17.1]
[-0.563,-5,-17.1]
[-0.563,-5,-17.1]
[-0.563,-5,-17.1]
[-0.563,-5,-17.1]
[-0.563,-5,-17.1]
[-0.563,-5,-17.1]
[-0.563,-5,-17.1]
[-0.563,-5,-17.1]
[-0.563,-5,-17.1]
[-0.563,-5,-17.1]
[1,0,0,0]
[1,0,0,0]
[1,0,0,0]
[1,0,0,0]
[1,0,0,0]
[1,0,0,0]
[1,0,0,0]
[1,0,0,0]
[1,0,0,0]
[1,0,0,0]
[1,0,0,0]
[1,0,0,0]
[1,0,0,0]
[1,0,0,0]
[1,0,0,0]
[1,0,0,0]
[1,0,0,0]
[1,0,0,0]
[1,0,0,0]
[1,0,0,0]
[1,0,0,0]
[1,0,0,0]
[1,0,0,0]
[1,0,0,0]
[1,0,0,0]
[1,0,0,0]
[1,0,0,0]
[1,0,0,0]
[1,0,0,0]
[1,0,0,0]
[1,0,0,0]
[1,0,0,0]
[1,0,0,0]
[1,0,0,0]
[1,0,0,0]
[1,0,0,0]
[1,0,0,0]
[1,0,0,0]
[1,0,0,0]
[1,0,0,0]
[1,0,0,0]
[1,0,0,0]
[1,0,0,0]
[1,0,0,0]
[1,0,0,0]
[1,0,0,0]
[1,0,0,0]
[1,0,0,0]
[1,0,0,0]
[1,0,0,0]
[1,0,0,0]
[1,0,0,0]
[1,0,0,0]
[1,0,0,0]
[1,0,0,0]
[1,0,0,0]
[1,0,0,0]
[1,0,0,0]
[1,0,0,0]
[1,0,0,0]
[1,0,0,0]
[1,0,0,0]
[1,0,0,0]
[1,0,0,0]
[1,0,0,0]
[1,0,0,0]
[1,0,0,0]
[1,0,0,0]
[1,0,0,0]
[1,0,0,0]
[1,0,0,0]
[1,0,0,0]
[1,0,0,0]
[1,0,0,0]
[1,0,0,0]
[1,0,0,0]
[1,0,0,0]
[1,0,0,0]
[1,0,0,0]
[1,0,0,0]
