80
10
[-12.407,7.65,-7.588]
[-12.407,7.65,-7.588]
[-12.407,7.65,-7.588]
[-12.407,7.65,-7.588]
[-12.407,7.65,-7.588]
[-12.407,7.65,-7.588]
[-12.407,7.65,-7.588]
[-12.407,7.65,-7.588]
[-12.407,7.65,-7.588]
[-12.407,7.65,-7.588]
[-12.407,7.65,-7.588]
[-12.407,7.65,-7.588]
[-12.407,7.65,-7.588]
[-12.407,7.65,-7.588]
[-12.407,7.65,-7.588]
[-12.407,7.65,-7.588]
[-12.407,7.65,-7.588]
[-12.407,7.65,-7.588]
[-12.407,7.65,-7.588]
[-12.407,7.65,-7.588]
[-12.407,7.65,-7.588]
[-12.407,7.65,-7.588]
[-12.407,7.65,-7.588]
[-12.407,7.65,-7.588]
[-12.407,7.65,-7.588]
[-12.407,7.65,-7.588]
[-12.407,7.65,-7.588]
[-12.407,7.65,-7.588]
[-12.407,7.65,-7.588]
[-12.407,7.65,-7.588]
[-12.407,7.65,-7.8207]
[-12.407,7.65,-8.0534]
[-12.407,7.65,-8.2861]
[-12.407,7.65,-8.5188]
[-12.407,7.65,-8.7515]
[-12.407,7.65,-8.9842]
[-12.407,7.65,-9.2169]
[-12.407,7.65,-9.4496]
[-12.407,7.65,-9.6823]
[-12.407,7.65,-9.915]
[-12.407,7.65,-9.915]
[-12.407,7.65,-9.915]
[-12.407,7.65,-9.915]
[-12.407,7.65,-9.915]
[-12.407,7.65,-9.915]
[-12.407,7.65,-9.915]
[-12.407,7.65,-9.915]
[-12.407,7.65,-9.915]
[-12.407,7.65,-9.915]
[-12.407,7.65,-9.915]
[-12.407,7.65,-9.915]
[-12.407,7.65,-9.915]
[-12.407,7.65,-9.915]
[-12.407,7.65,-9.915]
[-12.407,7.65,-9.915]
[-12.407,7.65,-9.915]
[-12.407,7.65,-9.915]
[-12.407,7.65,-9.915]
[-12.407,7.65,-9.915]
[-12.407,7.65,-9.915]
[-12.407,7.65,-9.915]
[-12.407,7.65,-9.915]
[-12.407,7.65,-9.915]
[-12.407,7.65,-9.915]
[-12.407,7.65,-9.915]
[-12.407,7.65,-9.915]
[-12.407,7.65,-9.915]
[-12.407,7.65,-9.915]
[-12.407,7.65,-9.915]
[-12.407,7.65,-9.915]
[-12.407,7.65,-9.6823]
[-12.407,7.65,-9.4496]
[-12.407,7.65,-9.2169]
[-12.407,7.65,-8.9842]
[-12.407,7.65,-8.7515]
[-12.407,7.65,-8.5188]
[-12.407,7.65,-8.2861]
[-12.407,7.65,-8.0534]
[-12.407,7.65,-7.8207]
[-12.407,7.65,-7.588]
[1,0,0,0]
[1,0,0,0]
[1,0,0,0]
[1,0,0,0]
[1,0,0,0]
[1,0,0,0]
[1,0,0,0]
[1,0,0,0]
[1,0,0,0]
[1,0,0,0]
[1,0,0,0]
[1,0,0,0]
[1,0,0,0]
[1,0,0,0]
[1,0,0,0]
[1,0,0,0]
[1,0,0,0]
[1,0,0,0]
[1,0,0,0]
[1,0,0,0]
[1,0,0,0]
[1,0,0,0]
[1,0,0,0]
[1,0,0,0]
[1,0,0,0]
[1,0,0,0]
[1,0,0,0]
[1,0,0,0]
[1,0,0,0]
[1,0,0,0]
[1,0,0,0]
[1,0,0,0]
[1,0,0,0]
[1,0,0,0]
[1,0,0,0]
[1,0,0,0]
[1,0,0,0]
[1,0,0,0]
[1,0,0,0]
[1,0,0,0]
[1,0,0,0]
[1,0,0,0]
[1,0,0,0]
[1,0,0,0]
[1,0,0,0]
[1,0,0,0]
[1,0,0,0]
[1,0,0,0]
[1,0,0,0]
[1,0,0,0]
[1,0,0,0]
[1,0,0,0]
[1,0,0,0]
[1,0,0,0]
[1,0,0,0]
[1,0,0,0]
[1,0,0,0]
[1,0,0,0]
[1,0,0,0]
[1,0,0,0]
[1,0,0,0]
[1,0,0,0]
[1,0,0,0]
[1,0,0,0]
[1,0,0,0]
[1,0,0,0]
[1,0,0,0]
[1,0,0,0]
[1,0,0,0]
[1,0,0,0]
[1,0,0,0]
[1,0,0,0]
[1,0,0,0]
[1,0,0,0]
[1,0,0,0]
[1,0,0,0]
[1,0,0,0]
[1,0,0,0]
[1,0,0,0]
[1,0,0,0]
