80
10
[-0.563,-5,-17.1]
[-0.563,-5,-17.1]
[-0.563,-5,-17.1]
[-0.563,-5,-17.1]
[-0.563,-5,-17.1]
[-0.563,-5,-17.1]
[-0.563,-5,-17.1]
[-0.563,-5,-17.1]
[-0.563,-5,-17.1]
[-0.563,-5,-17.1]
[-0.563,-5,-17.1]
[-0.563,-5,-17.1]
[-0.563,-5,-17.1]
[-0.563,-5,-17.1]
[-0.563,-5,-17.1]
[-0.563,-5,-17.1]
[-0.563,-5,-17.1]
[-0.563,-5,-17.1]
[-0.563,-5,-17.1]
[-0.563,-5,-17.1]
[-0.563,-5,-17.1]
[-0.563,-5,-17.1]
[-0.563,-5,-17.1]
[-0.563,-5,-17.1]
[-0.563,-5,-17.1]
[-0.563,-5,-17.1]
[-0.563,-5,-17.1]
[-0.563,-5,-17.1]
[-0.563,-5,-17.1]
[-0.563,-5,-17.1]
[-0.563,-5.62,-17.1]
[-0.563,-6.24,-17.1]
[-0.563,-6.86,-17.1]
[-0.563,-7.48,-17.1]
[-0.563,-8.1,-17.1]
[-0.563,-8.72,-17.1]
[-0.563,-9.34,-17.1]
[-0.563,-9.96,-17.1]
[-0.563,-10.58,-17.1]
[-0.563,-11.2,-17.1]
[-0.563,-11.2,-17.1]
[-0.563,-11.2,-17.1]
[-0.563,-11.2,-17.1]
[-0.563,-11.2,-17.1]
[-0.563,-11.2,-17.1]
[-0.563,-11.2,-17.1]
[-0.563,-11.2,-17.1]
[-0.563,-11.2,-17.1]
[-0.563,-11.2,-17.1]
[-0.563,-11.2,-17.1]
[-0.563,-11.2,-17.1]
[-0.563,-11.2,-17.1]
[-0.563,-11.2,-17.1]
[-0.563,-11.2,-17.1]
[-0.563,-11.2,-17.1]
[-0.563,-11.2,-17.1]
[-0.563,-11.2,-17.1]
[-0.563,-11.2,-17.1]
[-0.563,-11.2,-17.1]
[-0.563,-11.2,-17.1]
[-0.563,-10.58,-17.1]
[-0.563,-9.96,-17.1]
[-0.563,-9.34,-17.1]
[-0.563,-8.72,-17.1]
[-0.563,-8.1,-17.1]
[-0.563,-7.48,-17.1]
[-0.563,-6.86,-17.1]
[-0.563,-6.24,-17.1]
[-0.563,-5.62,-17.1]
[-0.563,-5,-17.1]
[-0.563,-5,-17.1]
[-0.563,-5,-17.1]
[-0.563,-5,-17.1]
[-0.563,-5,-17.1]
[-0.563,-5,-17.1]
[-0.563,-5,-17.1]
[-0.563,-5,-17.1]
[-0.563,-5,-17.1]
[-0.563,-5,-17.1]
[-0.563,-5,-17.1]
[1,0,0,0]
[1,0,0,0]
[1,0,0,0]
[1,0,0,0]
[1,0,0,0]
[1,0,0,0]
[1,0,0,0]
[1,0,0,0]
[1,0,0,0]
[1,0,0,0]
[1,0,0,0]
[1,0,0,0]
[1,0,0,0]
[1,0,0,0]
[1,0,0,0]
[1,0,0,0]
[1,0,0,0]
[1,0,0,0]
[1,0,0,0]
[1,0,0,0]
[1,0,0,0]
[1,0,0,0]
[1,0,0,0]
[1,0,0,0]
[1,0,0,0]
[1,0,0,0]
[1,0,0,0]
[1,0,0,0]
[1,0,0,0]
[1,0,0,0]
[1,0,0,0]
[1,0,0,0]
[1,0,0,0]
[1,0,0,0]
[1,0,0,0]
[1,0,0,0]
[1,0,0,0]
[1,0,0,0]
[1,0,0,0]
[1,0,0,0]
[1,0,0,0]
[1,0,0,0]
[1,0,0,0]
[1,0,0,0]
[1,0,0,0]
[1,0,0,0]
[1,0,0,0]
[1,0,0,0]
[1,0,0,0]
[1,0,0,0]
[1,0,0,0]
[1,0,0,0]
[1,0,0,0]
[1,0,0,0]
[1,0,0,0]
[1,0,0,0]
[1,0,0,0]
[1,0,0,0]
[1,0,0,0]
[1,0,0,0]
[1,0,0,0]
[1,0,0,0]
[1,0,0,0]
[1,0,0,0]
[1,0,0,0]
[1,0,0,0]
[1,0,0,0]
[1,0,0,0]
[1,0,0,0]
[1,0,0,0]
[1,0,0,0]
[1,0,0,0]
[1,0,0,0]
[1,0,0,0]
[1,0,0,0]
[1,0,0,0]
[1,0,0,0]
[1,0,0,0]
[1,0,0,0]
[1,0,0,0]
