80
10
[1.275,-4,-2.3]
[1.275,-4,-2.3]
[1.275,-4,-2.3]
[1.275,-4,-2.3]
[1.275,-4,-2.3]
[1.275,-4,-2.3]
[1.275,-4,-2.3]
[1.275,-4,-2.3]
[1.275,-4,-2.3]
[1.275,-4,-2.3]
[1.275,-4,-2.19]
[1.275,-4,-2.08]
[1.275,-4,-1.97]
[1.275,-4,-1.86]
[1.275,-4,-1.75]
[1.275,-4,-1.64]
[1.275,-4,-1.53]
[1.275,-4,-1.42]
[1.275,-4,-1.31]
[1.275,-4,-1.2]
[1.275,-4,-1.2]
[1.275,-4,-1.2]
[1.275,-4,-1.2]
[1.275,-4,-1.2]
[1.275,-4,-1.2]
[1.275,-4,-1.2]
[1.275,-4,-1.2]
[1.275,-4,-1.2]
[1.275,-4,-1.2]
[1.275,-4,-1.2]
[1.275,-4,-1.2]
[1.275,-4,-1.2]
[1.275,-4,-1.2]
[1.275,-4,-1.2]
[1.275,-4,-1.2]
[1.275,-4,-1.2]
[1.275,-4,-1.2]
[1.275,-4,-1.2]
[1.275,-4,-1.2]
[1.275,-4,-1.2]
[1.275,-4,-1.2]
[1.275,-4,-1.2]
[1.275,-4,-1.2]
[1.275,-4,-1.2]
[1.275,-4,-1.2]
[1.275,-4,-1.2]
[1.275,-4,-1.2]
[1.275,-4,-1.2]
[1.275,-4,-1.2]
[1.275,-4,-1.2]
[1.275,-4,-1.2]
[1.275,-4,-1.2]
[1.275,-4,-1.2]
[1.275,-4,-1.2]
[1.275,-4,-1.2]
[1.275,-4,-1.2]
[1.275,-4,-1.2]
[1.275,-4,-1.2]
[1.275,-4,-1.2]
[1.275,-4,-1.2]
[1.275,-4,-1.31]
[1.275,-4,-1.42]
[1.275,-4,-1.53]
[1.275,-4,-1.64]
[1.275,-4,-1.75]
[1.275,-4,-1.86]
[1.275,-4,-1.97]
[1.275,-4,-2.08]
[1.275,-4,-2.19]
[1.275,-4,-2.3]
[1.275,-4,-2.3]
[1.275,-4,-2.3]
[1.275,-4,-2.3]
[1.275,-4,-2.3]
[1.275,-4,-2.3]
[1.275,-4,-2.3]
[1.275,-4,-2.3]
[1.275,-4,-2.3]
[1.275,-4,-2.3]
[1.275,-4,-2.3]
[1,0,0,0]
[1,0,0,0]
[1,0,0,0]
[1,0,0,0]
[1,0,0,0]
[1,0,0,0]
[1,0,0,0]
[1,0,0,0]
[1,0,0,0]
[1,0,0,0]
[1,0,0,0]
[1,0,0,0]
[1,0,0,0]
[1,0,0,0]
[1,0,0,0]
[1,0,0,0]
[1,0,0,0]
[1,0,0,0]
[1,0,0,0]
[1,0,0,0]
[1,0,0,0]
[1,0,0,0]
[1,0,0,0]
[1,0,0,0]
[1,0,0,0]
[1,0,0,0]
[1,0,0,0]
[1,0,0,0]
[1,0,0,0]
[1,0,0,0]
[1,0,0,0]
[1,0,0,0]
[1,0,0,0]
[1,0,0,0]
[1,0,0,0]
[1,0,0,0]
[1,0,0,0]
[1,0,0,0]
[1,0,0,0]
[1,0,0,0]
[1,0,0,0]
[1,0,0,0]
[1,0,0,0]
[1,0,0,0]
[1,0,0,0]
[1,0,0,0]
[1,0,0,0]
[1,0,0,0]
[1,0,0,0]
[1,0,0,0]
[1,0,0,0]
[1,0,0,0]
[1,0,0,0]
[1,0,0,0]
[1,0,0,0]
[1,0,0,0]
[1,0,0,0]
[1,0,0,0]
[1,0,0,0]
[1,0,0,0]
[1,0,0,0]
[1,0,0,0]
[1,0,0,0]
[1,0,0,0]
[1,0,0,0]
[1,0,0,0]
[1,0,0,0]
[1,0,0,0]
[1,0,0,0]
[1,0,0,0]
[1,0,0,0]
[1,0,0,0]
[1,0,0,0]
[1,0,0,0]
[1,0,0,0]
[1,0,0,0]
[1,0,0,0]
[1,0,0,0]
[1,0,0,0]
[1,0,0,0]
