80
10
[1.275,-4,-2.5]
[1.275,-4,-2.5]
[1.275,-4,-2.5]
[1.275,-4,-2.5]
[1.275,-4,-2.5]
[1.275,-4,-2.5]
[1.275,-4,-2.5]
[1.275,-4,-2.5]
[1.275,-4,-2.5]
[1.275,-4,-2.5]
[1.275,-4,-2.14]
[1.275,-4,-1.78]
[1.275,-4,-1.42]
[1.275,-4,-1.06]
[1.275,-4,-0.7]
[1.275,-4,-0.7]
[1.275,-4,-0.7]
[1.275,-4,-0.7]
[1.275,-4,-0.7]
[1.275,-4,-0.7]
[1.275,-4,-0.7]
[1.275,-4,-0.7]
[1.275,-4,-0.7]
[1.275,-4,-0.7]
[1.275,-4,-0.7]
[1.275,-4,-0.7]
[1.275,-4,-0.7]
[1.275,-4,-0.7]
[1.275,-4,-0.7]
[1.275,-4,-0.7]
[1.275,-4,-0.7]
[1.275,-4,-0.7]
[1.275,-4,-0.7]
[1.275,-4,-0.7]
[1.275,-4,-0.7]
[1.275,-4,-0.7]
[1.275,-4,-0.7]
[1.275,-4,-0.7]
[1.275,-4,-0.7]
[1.275,-4,-0.7]
[1.275,-4,-0.7]
[1.275,-4,-0.7]
[1.275,-4,-0.7]
[1.275,-4,-0.7]
[1.275,-4,-0.7]
[1.275,-4,-0.7]
[1.275,-4,-0.7]
[1.275,-4,-0.7]
[1.275,-4,-0.7]
[1.275,-4,-0.7]
[1.275,-4,-0.7]
[1.275,-4,-0.7]
[1.275,-4,-0.7]
[1.275,-4,-0.7]
[1.275,-4,-0.7]
[1.275,-4,-0.7]
[1.275,-4,-0.7]
[1.275,-4,-0.7]
[1.275,-4,-0.7]
[1.275,-4,-0.7]
[1.275,-4,-0.88]
[1.275,-4,-1.06]
[1.275,-4,-1.24]
[1.275,-4,-1.42]
[1.275,-4,-1.6]
[1.275,-4,-1.78]
[1.275,-4,-1.96]
[1.275,-4,-2.14]
[1.275,-4,-2.32]
[1.275,-4,-2.5]
[1.275,-4,-2.5]
[1.275,-4,-2.5]
[1.275,-4,-2.5]
[1.275,-4,-2.5]
[1.275,-4,-2.5]
[1.275,-4,-2.5]
[1.275,-4,-2.5]
[1.275,-4,-2.5]
[1.275,-4,-2.5]
[1.275,-4,-2.5]
[1,0,0,0]
[1,0,0,0]
[1,0,0,0]
[1,0,0,0]
[1,0,0,0]
[1,0,0,0]
[1,0,0,0]
[1,0,0,0]
[1,0,0,0]
[1,0,0,0]
[1,0,0,0]
[1,0,0,0]
[1,0,0,0]
[1,0,0,0]
[1,0,0,0]
[1,0,0,0]
[1,0,0,0]
[1,0,0,0]
[1,0,0,0]
[1,0,0,0]
[1,0,0,0]
[1,0,0,0]
[1,0,0,0]
[1,0,0,0]
[1,0,0,0]
[1,0,0,0]
[1,0,0,0]
[1,0,0,0]
[1,0,0,0]
[1,0,0,0]
[1,0,0,0]
[1,0,0,0]
[1,0,0,0]
[1,0,0,0]
[1,0,0,0]
[1,0,0,0]
[1,0,0,0]
[1,0,0,0]
[1,0,0,0]
[1,0,0,0]
[1,0,0,0]
[1,0,0,0]
[1,0,0,0]
[1,0,0,0]
[1,0,0,0]
[1,0,0,0]
[1,0,0,0]
[1,0,0,0]
[1,0,0,0]
[1,0,0,0]
[1,0,0,0]
[1,0,0,0]
[1,0,0,0]
[1,0,0,0]
[1,0,0,0]
[1,0,0,0]
[1,0,0,0]
[1,0,0,0]
[1,0,0,0]
[1,0,0,0]
[1,0,0,0]
[1,0,0,0]
[1,0,0,0]
[1,0,0,0]
[1,0,0,0]
[1,0,0,0]
[1,0,0,0]
[1,0,0,0]
[1,0,0,0]
[1,0,0,0]
[1,0,0,0]
[1,0,0,0]
[1,0,0,0]
[1,0,0,0]
[1,0,0,0]
[1,0,0,0]
[1,0,0,0]
[1,0,0,0]
[1,0,0,0]
[1,0,0,0]
