80
10
[2.095,36.9,2.663]
[2.095,36.9,2.663]
[2.095,36.9,2.663]
[2.095,36.9,2.663]
[2.095,36.9,2.663]
[2.095,36.9,2.663]
[2.095,36.9,2.663]
[2.095,36.9,2.663]
[2.095,36.9,2.663]
[2.095,36.9,2.663]
[2.095,36.9,2.663]
[2.095,36.9,2.663]
[2.095,36.9,2.663]
[2.095,36.9,2.663]
[2.095,36.9,2.663]
[4.0785,36.9,2.663]
[6.062,36.9,2.663]
[8.0455,36.9,2.663]
[10.029,36.9,2.663]
[12.0125,36.9,2.663]
[13.996,36.9,2.663]
[15.9795,36.9,2.663]
[17.963,36.9,2.663]
[19.9465,36.9,2.663]
[21.93,36.9,2.663]
[21.93,36.9,2.663]
[21.93,36.9,2.663]
[21.93,36.9,2.663]
[21.93,36.9,2.663]
[21.93,36.9,2.663]
[21.93,36.9,2.663]
[21.93,36.9,2.663]
[21.93,36.9,2.663]
[21.93,36.9,2.663]
[21.93,36.9,2.663]
[21.93,36.9,2.663]
[21.93,36.9,2.663]
[21.93,36.9,2.663]
[21.93,36.9,2.663]
[21.93,36.9,2.663]
[21.93,36.9,2.663]
[21.93,36.9,2.663]
[21.93,36.9,2.663]
[21.93,36.9,2.663]
[21.93,36.9,2.663]
[21.93,36.9,2.663]
[21.93,36.9,2.663]
[21.93,36.9,2.663]
[21.93,36.9,2.663]
[21.93,36.9,2.663]
[21.93,36.9,2.663]
[21.93,36.9,2.663]
[21.93,36.9,2.663]
[21.93,36.9,2.663]
[21.93,36.9,2.663]
[21.93,36.9,2.663]
[21.93,36.9,2.663]
[21.93,36.9,2.663]
[21.93,36.9,2.663]
[21.93,36.9,2.663]
[21.93,36.9,2.663]
[21.93,36.9,2.663]
[21.93,36.9,2.663]
[21.93,36.9,2.663]
[21.93,36.9,2.663]
[21.93,36.9,2.663]
[21.93,36.9,2.663]
[21.93,36.9,2.663]
[21.93,36.9,2.663]
[21.93,36.9,2.663]
[19.9465,36.9,2.663]
[17.963,36.9,2.663]
[15.9795,36.9,2.663]
[13.996,36.9,2.663]
[12.0125,36.9,2.663]
[10.029,36.9,2.663]
[8.0455,36.9,2.663]
[6.062,36.9,2.663]
[4.0785,36.9,2.663]
[2.095,36.9,2.663]
[1,0,0,0]
[1,0,0,0]
[1,0,0,0]
[1,0,0,0]
[1,0,0,0]
[1,0,0,0]
[1,0,0,0]
[1,0,0,0]
[1,0,0,0]
[1,0,0,0]
[1,0,0,0]
[1,0,0,0]
[1,0,0,0]
[1,0,0,0]
[1,0,0,0]
[1,0,0,0]
[1,0,0,0]
[1,0,0,0]
[1,0,0,0]
[1,0,0,0]
[1,0,0,0]
[1,0,0,0]
[1,0,0,0]
[1,0,0,0]
[1,0,0,0]
[1,0,0,0]
[1,0,0,0]
[1,0,0,0]
[1,0,0,0]
[1,0,0,0]
[1,0,0,0]
[1,0,0,0]
[1,0,0,0]
[1,0,0,0]
[1,0,0,0]
[1,0,0,0]
[1,0,0,0]
[1,0,0,0]
[1,0,0,0]
[1,0,0,0]
[1,0,0,0]
[1,0,0,0]
[1,0,0,0]
[1,0,0,0]
[1,0,0,0]
[1,0,0,0]
[1,0,0,0]
[1,0,0,0]
[1,0,0,0]
[1,0,0,0]
[1,0,0,0]
[1,0,0,0]
[1,0,0,0]
[1,0,0,0]
[1,0,0,0]
[1,0,0,0]
[1,0,0,0]
[1,0,0,0]
[1,0,0,0]
[1,0,0,0]
[1,0,0,0]
[1,0,0,0]
[1,0,0,0]
[1,0,0,0]
[1,0,0,0]
[1,0,0,0]
[1,0,0,0]
[1,0,0,0]
[1,0,0,0]
[1,0,0,0]
[1,0,0,0]
[1,0,0,0]
[1,0,0,0]
[1,0,0,0]
[1,0,0,0]
[1,0,0,0]
[1,0,0,0]
[1,0,0,0]
[1,0,0,0]
[1,0,0,0]
