80
10
[-12.407,7.65,-7.588]
[-12.407,7.65,-7.588]
[-12.407,7.65,-7.588]
[-12.407,7.65,-7.588]
[-12.407,7.65,-7.588]
[-12.407,7.65,-7.588]
[-12.407,7.65,-7.588]
[-12.407,7.65,-7.588]
[-12.407,7.65,-7.588]
[-12.407,7.65,-7.588]
[-12.407,7.65,-7.588]
[-12.407,7.65,-7.588]
[-12.407,7.65,-7.588]
[-12.407,7.65,-7.588]
[-12.407,7.65,-7.588]
[-12.407,7.65,-7.588]
[-12.407,7.65,-7.588]
[-12.407,7.65,-7.588]
[-12.407,7.65,-7.588]
[-12.407,7.65,-8.3814]
[-12.407,7.65,-9.1748]
[-12.407,7.65,-9.9682]
[-12.407,7.65,-10.7616]
[-12.407,7.65,-11.555]
[-12.407,7.65,-11.555]
[-12.407,7.65,-11.555]
[-12.407,7.65,-11.555]
[-12.407,7.65,-11.555]
[-12.407,7.65,-11.555]
[-12.407,7.65,-11.555]
[-12.407,7.65,-11.555]
[-12.407,7.65,-11.555]
[-12.407,7.65,-11.555]
[-12.407,7.65,-11.555]
[-12.407,7.65,-11.555]
[-12.407,7.65,-11.555]
[-12.407,7.65,-11.555]
[-12.407,7.65,-11.555]
[-12.407,7.65,-11.555]
[-12.407,7.65,-11.555]
[-12.407,7.65,-11.555]
[-12.407,7.65,-11.555]
[-12.407,7.65,-11.555]
[-12.407,7.65,-11.555]
[-12.407,7.65,-11.555]
[-12.407,7.65,-11.555]
[-12.407,7.65,-11.555]
[-12.407,7.65,-11.555]
[-12.407,7.65,-11.555]
[-12.407,7.65,-11.555]
[-12.407,7.65,-11.555]
[-12.407,7.65,-11.555]
[-12.407,7.65,-11.555]
[-12.407,7.65,-11.555]
[-12.407,7.65,-11.555]
[-12.407,7.65,-11.555]
[-12.407,7.65,-11.555]
[-12.407,7.65,-11.555]
[-12.407,7.65,-11.555]
[-12.407,7.65,-11.555]
[-12.407,7.65,-11.555]
[-12.407,7.65,-11.555]
[-12.407,7.65,-11.555]
[-12.407,7.65,-11.555]
[-12.407,7.65,-11.555]
[-12.407,7.65,-11.555]
[-12.407,7.65,-11.555]
[-12.407,7.65,-11.555]
[-12.407,7.65,-11.555]
[-12.407,7.65,-11.555]
[-12.407,7.65,-11.1583]
[-12.407,7.65,-10.7616]
[-12.407,7.65,-10.3649]
[-12.407,7.65,-9.9682]
[-12.407,7.65,-9.5715]
[-12.407,7.65,-9.1748]
[-12.407,7.65,-8.7781]
[-12.407,7.65,-8.3814]
[-12.407,7.65,-7.9847]
[-12.407,7.65,-7.588]
[1,0,0,0]
[1,0,0,0]
[1,0,0,0]
[1,0,0,0]
[1,0,0,0]
[1,0,0,0]
[1,0,0,0]
[1,0,0,0]
[1,0,0,0]
[1,0,0,0]
[1,0,0,0]
[1,0,0,0]
[1,0,0,0]
[1,0,0,0]
[1,0,0,0]
[1,0,0,0]
[1,0,0,0]
[1,0,0,0]
[1,0,0,0]
[1,0,0,0]
[1,0,0,0]
[1,0,0,0]
[1,0,0,0]
[1,0,0,0]
[1,0,0,0]
[1,0,0,0]
[1,0,0,0]
[1,0,0,0]
[1,0,0,0]
[1,0,0,0]
[1,0,0,0]
[1,0,0,0]
[1,0,0,0]
[1,0,0,0]
[1,0,0,0]
[1,0,0,0]
[1,0,0,0]
[1,0,0,0]
[1,0,0,0]
[1,0,0,0]
[1,0,0,0]
[1,0,0,0]
[1,0,0,0]
[1,0,0,0]
[1,0,0,0]
[1,0,0,0]
[1,0,0,0]
[1,0,0,0]
[1,0,0,0]
[1,0,0,0]
[1,0,0,0]
[1,0,0,0]
[1,0,0,0]
[1,0,0,0]
[1,0,0,0]
[1,0,0,0]
[1,0,0,0]
[1,0,0,0]
[1,0,0,0]
[1,0,0,0]
[1,0,0,0]
[1,0,0,0]
[1,0,0,0]
[1,0,0,0]
[1,0,0,0]
[1,0,0,0]
[1,0,0,0]
[1,0,0,0]
[1,0,0,0]
[1,0,0,0]
[1,0,0,0]
[1,0,0,0]
[1,0,0,0]
[1,0,0,0]
[1,0,0,0]
[1,0,0,0]
[1,0,0,0]
[1,0,0,0]
[1,0,0,0]
[1,0,0,0]
