150
10
[0,0,19.8667]
[0,0,19.7333]
[0,0,19.6]
[0,0,19.4667]
[0,0,19.3333]
[0,0,19.2]
[0,0,19.0667]
[0,0,18.9333]
[0,0,18.8]
[0,0,18.6667]
[0,0,18.5333]
[0,0,18.4]
[0,0,18.2667]
[0,0,18.1333]
[0,0,18]
[0,0,17.8667]
[0,0,17.7333]
[0,0,17.6]
[0,0,17.4667]
[0,0,17.3333]
[0,0,17.2]
[0,0,17.0667]
[0,0,16.9333]
[0,0,16.8]
[0,0,16.6667]
[0,0,16.5333]
[0,0,16.4]
[0,0,16.2667]
[0,0,16.1333]
[0,0,16]
[0,0,15.8667]
[0,0,15.7333]
[0,0,15.6]
[0,0,15.4667]
[0,0,15.3333]
[0,0,15.2]
[0,0,15.0667]
[0,0,14.9333]
[0,0,14.8]
[0,0,14.6667]
[0,0,14.5333]
[0,0,14.4]
[0,0,14.2667]
[0,0,14.1333]
[0,0,14]
[0,0,13.8667]
[0,0,13.7333]
[0,0,13.6]
[0,0,13.4667]
[0,0,13.3333]
[0,0,13.2]
[0,0,13.0667]
[0,0,12.9333]
[0,0,12.8]
[0,0,12.6667]
[0,0,12.5333]
[0,0,12.4]
[0,0,12.2667]
[0,0,12.1333]
[0,0,12]
[0,0,11.8667]
[0,0,11.7333]
[0,0,11.6]
[0,0,11.4667]
[0,0,11.3333]
[0,0,11.2]
[0,0,11.0667]
[0,0,10.9333]
[0,0,10.8]
[0,0,10.6667]
[0,0,10.5333]
[0,0,10.4]
[0,0,10.2667]
[0,0,10.1333]
[0,0,10]
[0,0,9.86667]
[0,0,9.73333]
[0,0,9.6]
[0,0,9.46667]
[0,0,9.33333]
[0,0,9.2]
[0,0,9.06667]
[0,0,8.93333]
[0,0,8.8]
[0,0,8.66667]
[0,0,8.53333]
[0,0,8.4]
[0,0,8.26667]
[0,0,8.13333]
[0,0,8]
[0,0,7.86667]
[0,0,7.73333]
[0,0,7.6]
[0,0,7.46667]
[0,0,7.33333]
[0,0,7.2]
[0,0,7.06667]
[0,0,6.93333]
[0,0,6.8]
[0,0,6.66667]
[0,0,6.53333]
[0,0,6.4]
[0,0,6.26667]
[0,0,6.13333]
[0,0,6]
[0,0,5.86667]
[0,0,5.73333]
[0,0,5.6]
[0,0,5.46667]
[0,0,5.33333]
[0,0,5.2]
[0,0,5.06667]
[0,0,4.93333]
[0,0,4.8]
[0,0,4.66667]
[0,0,4.53333]
[0,0,4.4]
[0,0,4.26667]
[0,0,4.13333]
[0,0,4]
[0,0,3.86667]
[0,0,3.73333]
[0,0,3.6]
[0,0,3.46667]
[0,0,3.33333]
[0,0,3.2]
[0,0,3.06667]
[0,0,2.93333]
[0,0,2.8]
[0,0,2.66667]
[0,0,2.53333]
[0,0,2.4]
[0,0,2.26667]
[0,0,2.13333]
[0,0,2]
[0,0,1.86667]
[0,0,1.73333]
[0,0,1.6]
[0,0,1.46667]
[0,0,1.33333]
[0,0,1.2]
[0,0,1.06667]
[0,0,0.933333]
[0,0,0.8]
[0,0,0.666667]
[0,0,0.533333]
[0,0,0.4]
[0,0,0.266667]
[0,0,0.133333]
[0,0,0]
[1,0,0,0]
[1,0,0,0]
[1,0,0,0]
[1,0,0,0]
[1,0,0,0]
[1,0,0,0]
[1,0,0,0]
[1,0,0,0]
[1,0,0,0]
[1,0,0,0]
[1,0,0,0]
[1,0,0,0]
[1,0,0,0]
[1,0,0,0]
[1,0,0,0]
[1,0,0,0]
[1,0,0,0]
[1,0,0,0]
[1,0,0,0]
[1,0,0,0]
[1,0,0,0]
[1,0,0,0]
[1,0,0,0]
[1,0,0,0]
[1,0,0,0]
[1,0,0,0]
[1,0,0,0]
[1,0,0,0]
[1,0,0,0]
[1,0,0,0]
[1,0,0,0]
[1,0,0,0]
[1,0,0,0]
[1,0,0,0]
[1,0,0,0]
[1,0,0,0]
[1,0,0,0]
[1,0,0,0]
[1,0,0,0]
[1,0,0,0]
[1,0,0,0]
[1,0,0,0]
[1,0,0,0]
[1,0,0,0]
[1,0,0,0]
[1,0,0,0]
[1,0,0,0]
[1,0,0,0]
[1,0,0,0]
[1,0,0,0]
[1,0,0,0]
[1,0,0,0]
[1,0,0,0]
[1,0,0,0]
[1,0,0,0]
[1,0,0,0]
[1,0,0,0]
[1,0,0,0]
[1,0,0,0]
[1,0,0,0]
[1,0,0,0]
[1,0,0,0]
[1,0,0,0]
[1,0,0,0]
[1,0,0,0]
[1,0,0,0]
[1,0,0,0]
[1,0,0,0]
[1,0,0,0]
[1,0,0,0]
[1,0,0,0]
[1,0,0,0]
[1,0,0,0]
[1,0,0,0]
[1,0,0,0]
[1,0,0,0]
[1,0,0,0]
[1,0,0,0]
[1,0,0,0]
[1,0,0,0]
[1,0,0,0]
[1,0,0,0]
[1,0,0,0]
[1,0,0,0]
[1,0,0,0]
[1,0,0,0]
[1,0,0,0]
[1,0,0,0]
[1,0,0,0]
[1,0,0,0]
[1,0,0,0]
[1,0,0,0]
[1,0,0,0]
[1,0,0,0]
[1,0,0,0]
[1,0,0,0]
[1,0,0,0]
[1,0,0,0]
[1,0,0,0]
[1,0,0,0]
[1,0,0,0]
[1,0,0,0]
[1,0,0,0]
[1,0,0,0]
[1,0,0,0]
[1,0,0,0]
[1,0,0,0]
[1,0,0,0]
[1,0,0,0]
[1,0,0,0]
[1,0,0,0]
[1,0,0,0]
[1,0,0,0]
[1,0,0,0]
[1,0,0,0]
[1,0,0,0]
[1,0,0,0]
[1,0,0,0]
[1,0,0,0]
[1,0,0,0]
[1,0,0,0]
[1,0,0,0]
[1,0,0,0]
[1,0,0,0]
[1,0,0,0]
[1,0,0,0]
[1,0,0,0]
[1,0,0,0]
[1,0,0,0]
[1,0,0,0]
[1,0,0,0]
[1,0,0,0]
[1,0,0,0]
[1,0,0,0]
[1,0,0,0]
[1,0,0,0]
[1,0,0,0]
[1,0,0,0]
[1,0,0,0]
[1,0,0,0]
[1,0,0,0]
[1,0,0,0]
[1,0,0,0]
[1,0,0,0]
[1,0,0,0]
[1,0,0,0]
[1,0,0,0]
[1,0,0,0]
[1,0,0,0]
[1,0,0,0]
