160
20
[-4.275,1.87,1.27]
[-4.275,1.87,1.27]
[-4.275,1.87,1.27]
[-4.275,1.87,1.27]
[-4.275,1.87,1.27]
[-4.275,1.87,1.27]
[-4.275,1.87,1.27]
[-4.275,1.87,1.27]
[-4.275,1.87,1.27]
[-4.275,1.87,1.27]
[-4.275,1.87,1.27]
[-4.275,1.87,1.27]
[-4.275,1.87,1.27]
[-4.275,1.87,1.27]
[-4.275,1.87,1.27]
[-4.275,1.87,1.27]
[-4.275,1.87,1.27]
[-4.275,1.87,1.27]
[-4.275,1.87,1.27]
[-4.275,1.87,1.27]
[-4.275,1.87,1.27]
[-4.275,1.87,1.27]
[-4.275,1.87,1.27]
[-4.275,1.87,1.27]
[-4.275,1.87,1.27]
[-4.275,1.87,1.27]
[-4.275,1.87,1.27]
[-4.275,1.87,1.27]
[-4.275,1.87,1.27]
[-4.275,1.87,1.27]
[-3.39167,1.87,1.27]
[-2.50833,1.87,1.27]
[-1.625,1.87,1.27]
[-0.741667,1.87,1.27]
[0.141667,1.87,1.27]
[1.025,1.87,1.27]
[1.90833,1.87,1.27]
[2.79167,1.87,1.27]
[3.675,1.87,1.27]
[4.55833,1.87,1.27]
[5.44167,1.87,1.27]
[6.325,1.87,1.27]
[7.20833,1.87,1.27]
[8.09167,1.87,1.27]
[8.975,1.87,1.27]
[9.85833,1.87,1.27]
[10.7417,1.87,1.27]
[11.625,1.87,1.27]
[12.5083,1.87,1.27]
[13.3917,1.87,1.27]
[14.275,1.87,1.27]
[15.1583,1.87,1.27]
[16.0417,1.87,1.27]
[16.925,1.87,1.27]
[17.8083,1.87,1.27]
[18.6917,1.87,1.27]
[19.575,1.87,1.27]
[20.4583,1.87,1.27]
[21.3417,1.87,1.27]
[22.225,1.87,1.27]
[22.225,1.87,1.27]
[22.225,1.87,1.27]
[22.225,1.87,1.27]
[22.225,1.87,1.27]
[22.225,1.87,1.27]
[22.225,1.87,1.27]
[22.225,1.87,1.27]
[22.225,1.87,1.27]
[22.225,1.87,1.27]
[22.225,1.87,1.27]
[22.225,1.87,1.27]
[22.225,1.87,1.27]
[22.225,1.87,1.27]
[22.225,1.87,1.27]
[22.225,1.87,1.27]
[22.225,1.87,1.27]
[22.225,1.87,1.27]
[22.225,1.87,1.27]
[22.225,1.87,1.27]
[22.225,1.87,1.27]
[22.225,1.87,1.27]
[22.225,1.87,1.27]
[22.225,1.87,1.27]
[22.225,1.87,1.27]
[22.225,1.87,1.27]
[22.225,1.87,1.27]
[22.225,1.87,1.27]
[22.225,1.87,1.27]
[22.225,1.87,1.27]
[22.225,1.87,1.27]
[22.225,1.87,1.27]
[22.225,1.87,1.27]
[22.225,1.87,1.27]
[22.225,1.87,1.27]
[22.225,1.87,1.27]
[22.225,1.87,1.27]
[22.225,1.87,1.27]
[22.225,1.87,1.27]
[22.225,1.87,1.27]
[22.225,1.87,1.27]
[22.225,1.87,1.27]
[22.225,1.87,1.27]
[22.225,1.87,1.27]
[22.225,1.87,1.27]
[22.225,1.87,1.27]
[22.225,1.87,1.27]
[22.225,1.87,1.27]
[22.225,1.87,1.27]
[22.225,1.87,1.27]
[22.225,1.87,1.27]
[22.225,1.87,1.27]
[22.225,1.87,1.27]
[22.225,1.87,1.27]
[22.225,1.87,1.27]
[22.225,1.87,1.27]
[22.225,1.87,1.27]
[22.225,1.87,1.27]
[22.225,1.87,1.27]
[22.225,1.87,1.27]
[22.225,1.87,1.27]
[22.225,1.87,1.27]
[22.225,1.87,1.27]
[22.225,1.87,1.27]
[22.225,1.87,1.27]
[22.225,1.87,1.27]
[22.225,1.87,1.27]
[22.225,1.87,1.27]
[22.225,1.87,1.27]
[22.225,1.87,1.27]
[22.225,1.87,1.27]
[22.225,1.87,1.27]
[22.225,1.87,1.27]
[22.225,1.87,1.27]
[22.225,1.87,1.27]
[22.225,1.87,1.27]
[22.225,1.87,1.27]
[22.225,1.87,1.27]
[22.225,1.87,1.27]
[22.225,1.87,1.27]
[22.225,1.87,1.27]
[20.9,1.87,1.27]
[19.575,1.87,1.27]
[18.25,1.87,1.27]
[16.925,1.87,1.27]
[15.6,1.87,1.27]
[14.275,1.87,1.27]
[12.95,1.87,1.27]
[11.625,1.87,1.27]
[10.3,1.87,1.27]
[8.975,1.87,1.27]
[7.65,1.87,1.27]
[6.325,1.87,1.27]
[5,1.87,1.27]
[3.675,1.87,1.27]
[2.35,1.87,1.27]
[1.025,1.87,1.27]
[-0.3,1.87,1.27]
[-1.625,1.87,1.27]
[-2.95,1.87,1.27]
[-4.275,1.87,1.27]
[1,0,0,0]
[1,0,0,0]
[1,0,0,0]
[1,0,0,0]
[1,0,0,0]
[1,0,0,0]
[1,0,0,0]
[1,0,0,0]
[1,0,0,0]
[1,0,0,0]
[1,0,0,0]
[1,0,0,0]
[1,0,0,0]
[1,0,0,0]
[1,0,0,0]
[1,0,0,0]
[1,0,0,0]
[1,0,0,0]
[1,0,0,0]
[1,0,0,0]
[1,0,0,0]
[1,0,0,0]
[1,0,0,0]
[1,0,0,0]
[1,0,0,0]
[1,0,0,0]
[1,0,0,0]
[1,0,0,0]
[1,0,0,0]
[1,0,0,0]
[1,0,0,0]
[1,0,0,0]
[1,0,0,0]
[1,0,0,0]
[1,0,0,0]
[1,0,0,0]
[1,0,0,0]
[1,0,0,0]
[1,0,0,0]
[1,0,0,0]
[1,0,0,0]
[1,0,0,0]
[1,0,0,0]
[1,0,0,0]
[1,0,0,0]
[1,0,0,0]
[1,0,0,0]
[1,0,0,0]
[1,0,0,0]
[1,0,0,0]
[1,0,0,0]
[1,0,0,0]
[1,0,0,0]
[1,0,0,0]
[1,0,0,0]
[1,0,0,0]
[1,0,0,0]
[1,0,0,0]
[1,0,0,0]
[1,0,0,0]
[1,0,0,0]
[1,0,0,0]
[1,0,0,0]
[1,0,0,0]
[1,0,0,0]
[1,0,0,0]
[1,0,0,0]
[1,0,0,0]
[1,0,0,0]
[1,0,0,0]
[1,0,0,0]
[1,0,0,0]
[1,0,0,0]
[1,0,0,0]
[1,0,0,0]
[1,0,0,0]
[1,0,0,0]
[1,0,0,0]
[1,0,0,0]
[1,0,0,0]
[1,0,0,0]
[1,0,0,0]
[1,0,0,0]
[1,0,0,0]
[1,0,0,0]
[1,0,0,0]
[1,0,0,0]
[1,0,0,0]
[1,0,0,0]
[1,0,0,0]
[1,0,0,0]
[1,0,0,0]
[1,0,0,0]
[1,0,0,0]
[1,0,0,0]
[1,0,0,0]
[1,0,0,0]
[1,0,0,0]
[1,0,0,0]
[1,0,0,0]
[1,0,0,0]
[1,0,0,0]
[1,0,0,0]
[1,0,0,0]
[1,0,0,0]
[1,0,0,0]
[1,0,0,0]
[1,0,0,0]
[1,0,0,0]
[1,0,0,0]
[1,0,0,0]
[1,0,0,0]
[1,0,0,0]
[1,0,0,0]
[1,0,0,0]
[1,0,0,0]
[1,0,0,0]
[1,0,0,0]
[1,0,0,0]
[1,0,0,0]
[1,0,0,0]
[1,0,0,0]
[1,0,0,0]
[1,0,0,0]
[1,0,0,0]
[1,0,0,0]
[1,0,0,0]
[1,0,0,0]
[1,0,0,0]
[1,0,0,0]
[1,0,0,0]
[1,0,0,0]
[1,0,0,0]
[1,0,0,0]
[1,0,0,0]
[1,0,0,0]
[1,0,0,0]
[1,0,0,0]
[1,0,0,0]
[1,0,0,0]
[1,0,0,0]
[1,0,0,0]
[1,0,0,0]
[1,0,0,0]
[1,0,0,0]
[1,0,0,0]
[1,0,0,0]
[1,0,0,0]
[1,0,0,0]
[1,0,0,0]
[1,0,0,0]
[1,0,0,0]
[1,0,0,0]
[1,0,0,0]
[1,0,0,0]
[1,0,0,0]
[1,0,0,0]
[1,0,0,0]
[1,0,0,0]
[1,0,0,0]
