160
20
[-0.4,30.814,-2.955]
[-0.4,30.814,-2.955]
[-0.4,30.814,-2.955]
[-0.4,30.814,-2.955]
[-0.4,30.814,-2.955]
[-0.4,30.814,-2.955]
[-0.4,30.814,-2.955]
[-0.4,30.814,-2.955]
[-0.4,30.814,-2.955]
[-0.4,30.814,-2.955]
[-0.4,30.814,-2.955]
[-0.4,30.814,-2.955]
[-0.4,30.814,-2.955]
[-0.4,30.814,-2.955]
[-0.4,30.814,-2.955]
[-0.4,30.814,-2.955]
[-0.4,30.814,-2.955]
[-0.4,30.814,-2.955]
[-0.4,30.814,-2.955]
[-0.4,30.814,-2.955]
[-0.4,31.2326,-2.955]
[-0.4,31.6512,-2.955]
[-0.4,32.0698,-2.955]
[-0.4,32.4884,-2.955]
[-0.4,32.907,-2.955]
[-0.4,33.3256,-2.955]
[-0.4,33.7442,-2.955]
[-0.4,34.1628,-2.955]
[-0.4,34.5814,-2.955]
[-0.4,35,-2.955]
[-0.4,35,-2.955]
[-0.4,35,-2.955]
[-0.4,35,-2.955]
[-0.4,35,-2.955]
[-0.4,35,-2.955]
[-0.4,35,-2.955]
[-0.4,35,-2.955]
[-0.4,35,-2.955]
[-0.4,35,-2.955]
[-0.4,35,-2.955]
[-0.4,35,-2.955]
[-0.4,35,-2.955]
[-0.4,35,-2.955]
[-0.4,35,-2.955]
[-0.4,35,-2.955]
[-0.4,35,-2.955]
[-0.4,35,-2.955]
[-0.4,35,-2.955]
[-0.4,35,-2.955]
[-0.4,35,-2.955]
[-0.4,35,-2.955]
[-0.4,35,-2.955]
[-0.4,35,-2.955]
[-0.4,35,-2.955]
[-0.4,35,-2.955]
[-0.4,35,-2.955]
[-0.4,35,-2.955]
[-0.4,35,-2.955]
[-0.4,35,-2.955]
[-0.4,35,-2.955]
[-0.4,35,-2.955]
[-0.4,35,-2.955]
[-0.4,35,-2.955]
[-0.4,35,-2.955]
[-0.4,35,-2.955]
[-0.4,35,-2.955]
[-0.4,35,-2.955]
[-0.4,35,-2.955]
[-0.4,35,-2.955]
[-0.4,35,-2.955]
[-0.4,35,-2.955]
[-0.4,35,-2.955]
[-0.4,35,-2.955]
[-0.4,35,-2.955]
[-0.4,35,-2.955]
[-0.4,35,-2.955]
[-0.4,35,-2.955]
[-0.4,35,-2.955]
[-0.4,35,-2.955]
[-0.4,35,-2.955]
[-0.4,35,-2.955]
[-0.4,35,-2.955]
[-0.4,35,-2.955]
[-0.4,35,-2.955]
[-0.4,35,-2.955]
[-0.4,35,-2.955]
[-0.4,35,-2.955]
[-0.4,35,-2.955]
[-0.4,35,-2.955]
[-0.4,35,-2.955]
[-0.4,35,-2.955]
[-0.4,35,-2.955]
[-0.4,35,-2.955]
[-0.4,35,-2.955]
[-0.4,35,-2.955]
[-0.4,35,-2.955]
[-0.4,35,-2.955]
[-0.4,35,-2.955]
[-0.4,35,-2.955]
[-0.4,35,-2.955]
[-0.4,35,-2.955]
[-0.4,35,-2.955]
[-0.4,35,-2.955]
[-0.4,35,-2.955]
[-0.4,35,-2.955]
[-0.4,35,-2.955]
[-0.4,35,-2.955]
[-0.4,35,-2.955]
[-0.4,35,-2.955]
[-0.4,35,-2.955]
[-0.4,35,-2.955]
[-0.4,35,-2.955]
[-0.4,35,-2.955]
[-0.4,35,-2.955]
[-0.4,35,-2.955]
[-0.4,35,-2.955]
[-0.4,35,-2.955]
[-0.4,35,-2.955]
[-0.4,35,-2.955]
[-0.4,35,-2.955]
[-0.4,35,-2.955]
[-0.4,35,-2.955]
[-0.4,35,-2.955]
[-0.4,35,-2.955]
[-0.4,35,-2.955]
[-0.4,35,-2.955]
[-0.4,35,-2.955]
[-0.4,35,-2.955]
[-0.4,35,-2.955]
[-0.4,35,-2.955]
[-0.4,35,-2.955]
[-0.4,35,-2.955]
[-0.4,35,-2.955]
[-0.4,35,-2.955]
[-0.4,35,-2.955]
[-0.4,35,-2.955]
[-0.4,35,-2.955]
[-0.4,35,-2.955]
[-0.4,35,-2.955]
[-0.4,35,-2.955]
[-0.4,34.7907,-2.955]
[-0.4,34.5814,-2.955]
[-0.4,34.3721,-2.955]
[-0.4,34.1628,-2.955]
[-0.4,33.9535,-2.955]
[-0.4,33.7442,-2.955]
[-0.4,33.5349,-2.955]
[-0.4,33.3256,-2.955]
[-0.4,33.1163,-2.955]
[-0.4,32.907,-2.955]
[-0.4,32.6977,-2.955]
[-0.4,32.4884,-2.955]
[-0.4,32.2791,-2.955]
[-0.4,32.0698,-2.955]
[-0.4,31.8605,-2.955]
[-0.4,31.6512,-2.955]
[-0.4,31.4419,-2.955]
[-0.4,31.2326,-2.955]
[-0.4,31.0233,-2.955]
[-0.4,30.814,-2.955]
[1,0,0,0]
[1,0,0,0]
[1,0,0,0]
[1,0,0,0]
[1,0,0,0]
[1,0,0,0]
[1,0,0,0]
[1,0,0,0]
[1,0,0,0]
[1,0,0,0]
[1,0,0,0]
[1,0,0,0]
[1,0,0,0]
[1,0,0,0]
[1,0,0,0]
[1,0,0,0]
[1,0,0,0]
[1,0,0,0]
[1,0,0,0]
[1,0,0,0]
[1,0,0,0]
[1,0,0,0]
[1,0,0,0]
[1,0,0,0]
[1,0,0,0]
[1,0,0,0]
[1,0,0,0]
[1,0,0,0]
[1,0,0,0]
[1,0,0,0]
[1,0,0,0]
[1,0,0,0]
[1,0,0,0]
[1,0,0,0]
[1,0,0,0]
[1,0,0,0]
[1,0,0,0]
[1,0,0,0]
[1,0,0,0]
[1,0,0,0]
[1,0,0,0]
[1,0,0,0]
[1,0,0,0]
[1,0,0,0]
[1,0,0,0]
[1,0,0,0]
[1,0,0,0]
[1,0,0,0]
[1,0,0,0]
[1,0,0,0]
[1,0,0,0]
[1,0,0,0]
[1,0,0,0]
[1,0,0,0]
[1,0,0,0]
[1,0,0,0]
[1,0,0,0]
[1,0,0,0]
[1,0,0,0]
[1,0,0,0]
[1,0,0,0]
[1,0,0,0]
[1,0,0,0]
[1,0,0,0]
[1,0,0,0]
[1,0,0,0]
[1,0,0,0]
[1,0,0,0]
[1,0,0,0]
[1,0,0,0]
[1,0,0,0]
[1,0,0,0]
[1,0,0,0]
[1,0,0,0]
[1,0,0,0]
[1,0,0,0]
[1,0,0,0]
[1,0,0,0]
[1,0,0,0]
[1,0,0,0]
[1,0,0,0]
[1,0,0,0]
[1,0,0,0]
[1,0,0,0]
[1,0,0,0]
[1,0,0,0]
[1,0,0,0]
[1,0,0,0]
[1,0,0,0]
[1,0,0,0]
[1,0,0,0]
[1,0,0,0]
[1,0,0,0]
[1,0,0,0]
[1,0,0,0]
[1,0,0,0]
[1,0,0,0]
[1,0,0,0]
[1,0,0,0]
[1,0,0,0]
[1,0,0,0]
[1,0,0,0]
[1,0,0,0]
[1,0,0,0]
[1,0,0,0]
[1,0,0,0]
[1,0,0,0]
[1,0,0,0]
[1,0,0,0]
[1,0,0,0]
[1,0,0,0]
[1,0,0,0]
[1,0,0,0]
[1,0,0,0]
[1,0,0,0]
[1,0,0,0]
[1,0,0,0]
[1,0,0,0]
[1,0,0,0]
[1,0,0,0]
[1,0,0,0]
[1,0,0,0]
[1,0,0,0]
[1,0,0,0]
[1,0,0,0]
[1,0,0,0]
[1,0,0,0]
[1,0,0,0]
[1,0,0,0]
[1,0,0,0]
[1,0,0,0]
[1,0,0,0]
[1,0,0,0]
[1,0,0,0]
[1,0,0,0]
[1,0,0,0]
[1,0,0,0]
[1,0,0,0]
[1,0,0,0]
[1,0,0,0]
[1,0,0,0]
[1,0,0,0]
[1,0,0,0]
[1,0,0,0]
[1,0,0,0]
[1,0,0,0]
[1,0,0,0]
[1,0,0,0]
[1,0,0,0]
[1,0,0,0]
[1,0,0,0]
[1,0,0,0]
[1,0,0,0]
[1,0,0,0]
[1,0,0,0]
[1,0,0,0]
[1,0,0,0]
[1,0,0,0]
[1,0,0,0]
[1,0,0,0]
