160
20
[1.8,-4.12,3.5]
[1.8,-4.12,3.5]
[1.8,-4.12,3.5]
[1.8,-4.12,3.5]
[1.8,-4.12,3.5]
[1.8,-4.12,3.5]
[1.8,-4.12,3.5]
[1.8,-4.12,3.5]
[1.8,-4.12,3.5]
[1.8,-4.12,3.5]
[1.8,-4.12,3.5]
[1.8,-4.12,3.5]
[1.8,-4.12,3.5]
[1.8,-4.12,3.5]
[1.8,-4.12,3.5]
[1.8,-4.12,3.5]
[1.8,-4.12,3.5]
[1.8,-4.12,3.5]
[1.8,-4.12,3.5]
[1.8,-4.12,3.5]
[1.8,-4.12,3.485]
[1.8,-4.12,3.47]
[1.8,-4.12,3.455]
[1.8,-4.12,3.44]
[1.8,-4.12,3.425]
[1.8,-4.12,3.41]
[1.8,-4.12,3.395]
[1.8,-4.12,3.38]
[1.8,-4.12,3.365]
[1.8,-4.12,3.35]
[1.8,-4.12,3.335]
[1.8,-4.12,3.32]
[1.8,-4.12,3.305]
[1.8,-4.12,3.29]
[1.8,-4.12,3.275]
[1.8,-4.12,3.26]
[1.8,-4.12,3.245]
[1.8,-4.12,3.23]
[1.8,-4.12,3.215]
[1.8,-4.12,3.2]
[1.8,-4.12,3.2]
[1.8,-4.12,3.2]
[1.8,-4.12,3.2]
[1.8,-4.12,3.2]
[1.8,-4.12,3.2]
[1.8,-4.12,3.2]
[1.8,-4.12,3.2]
[1.8,-4.12,3.2]
[1.8,-4.12,3.2]
[1.8,-4.12,3.2]
[1.8,-4.12,3.2]
[1.8,-4.12,3.2]
[1.8,-4.12,3.2]
[1.8,-4.12,3.2]
[1.8,-4.12,3.2]
[1.8,-4.12,3.2]
[1.8,-4.12,3.2]
[1.8,-4.12,3.2]
[1.8,-4.12,3.2]
[1.8,-4.12,3.2]
[1.8,-4.12,3.2]
[1.8,-4.12,3.2]
[1.8,-4.12,3.2]
[1.8,-4.12,3.2]
[1.8,-4.12,3.2]
[1.8,-4.12,3.2]
[1.8,-4.12,3.2]
[1.8,-4.12,3.2]
[1.8,-4.12,3.2]
[1.8,-4.12,3.2]
[1.8,-4.12,3.2]
[1.8,-4.12,3.2]
[1.8,-4.12,3.2]
[1.8,-4.12,3.2]
[1.8,-4.12,3.2]
[1.8,-4.12,3.2]
[1.8,-4.12,3.2]
[1.8,-4.12,3.2]
[1.8,-4.12,3.2]
[1.8,-4.12,3.2]
[1.8,-4.12,3.2]
[1.8,-4.12,3.2]
[1.8,-4.12,3.2]
[1.8,-4.12,3.2]
[1.8,-4.12,3.2]
[1.8,-4.12,3.2]
[1.8,-4.12,3.2]
[1.8,-4.12,3.2]
[1.8,-4.12,3.2]
[1.8,-4.12,3.2]
[1.8,-4.12,3.2]
[1.8,-4.12,3.2]
[1.8,-4.12,3.2]
[1.8,-4.12,3.2]
[1.8,-4.12,3.2]
[1.8,-4.12,3.2]
[1.8,-4.12,3.2]
[1.8,-4.12,3.2]
[1.8,-4.12,3.2]
[1.8,-4.12,3.2]
[1.8,-4.12,3.2]
[1.8,-4.12,3.2]
[1.8,-4.12,3.2]
[1.8,-4.12,3.2]
[1.8,-4.12,3.2]
[1.8,-4.12,3.2]
[1.8,-4.12,3.2]
[1.8,-4.12,3.2]
[1.8,-4.12,3.2]
[1.8,-4.12,3.2]
[1.8,-4.12,3.2]
[1.8,-4.12,3.2]
[1.8,-4.12,3.2]
[1.8,-4.12,3.2]
[1.8,-4.12,3.2]
[1.8,-4.12,3.2]
[1.8,-4.12,3.2]
[1.8,-4.12,3.2]
[1.8,-4.12,3.2]
[1.8,-4.12,3.2]
[1.8,-4.12,3.215]
[1.8,-4.12,3.23]
[1.8,-4.12,3.245]
[1.8,-4.12,3.26]
[1.8,-4.12,3.275]
[1.8,-4.12,3.29]
[1.8,-4.12,3.305]
[1.8,-4.12,3.32]
[1.8,-4.12,3.335]
[1.8,-4.12,3.35]
[1.8,-4.12,3.365]
[1.8,-4.12,3.38]
[1.8,-4.12,3.395]
[1.8,-4.12,3.41]
[1.8,-4.12,3.425]
[1.8,-4.12,3.44]
[1.8,-4.12,3.455]
[1.8,-4.12,3.47]
[1.8,-4.12,3.485]
[1.8,-4.12,3.5]
[1.8,-4.12,3.5]
[1.8,-4.12,3.5]
[1.8,-4.12,3.5]
[1.8,-4.12,3.5]
[1.8,-4.12,3.5]
[1.8,-4.12,3.5]
[1.8,-4.12,3.5]
[1.8,-4.12,3.5]
[1.8,-4.12,3.5]
[1.8,-4.12,3.5]
[1.8,-4.12,3.5]
[1.8,-4.12,3.5]
[1.8,-4.12,3.5]
[1.8,-4.12,3.5]
[1.8,-4.12,3.5]
[1.8,-4.12,3.5]
[1.8,-4.12,3.5]
[1.8,-4.12,3.5]
[1.8,-4.12,3.5]
[1.8,-4.12,3.5]
[1,0,0,0]
[1,0,0,0]
[1,0,0,0]
[1,0,0,0]
[1,0,0,0]
[1,0,0,0]
[1,0,0,0]
[1,0,0,0]
[1,0,0,0]
[1,0,0,0]
[1,0,0,0]
[1,0,0,0]
[1,0,0,0]
[1,0,0,0]
[1,0,0,0]
[1,0,0,0]
[1,0,0,0]
[1,0,0,0]
[1,0,0,0]
[1,0,0,0]
[1,0,0,0]
[1,0,0,0]
[1,0,0,0]
[1,0,0,0]
[1,0,0,0]
[1,0,0,0]
[1,0,0,0]
[1,0,0,0]
[1,0,0,0]
[1,0,0,0]
[1,0,0,0]
[1,0,0,0]
[1,0,0,0]
[1,0,0,0]
[1,0,0,0]
[1,0,0,0]
[1,0,0,0]
[1,0,0,0]
[1,0,0,0]
[1,0,0,0]
[1,0,0,0]
[1,0,0,0]
[1,0,0,0]
[1,0,0,0]
[1,0,0,0]
[1,0,0,0]
[1,0,0,0]
[1,0,0,0]
[1,0,0,0]
[1,0,0,0]
[1,0,0,0]
[1,0,0,0]
[1,0,0,0]
[1,0,0,0]
[1,0,0,0]
[1,0,0,0]
[1,0,0,0]
[1,0,0,0]
[1,0,0,0]
[1,0,0,0]
[1,0,0,0]
[1,0,0,0]
[1,0,0,0]
[1,0,0,0]
[1,0,0,0]
[1,0,0,0]
[1,0,0,0]
[1,0,0,0]
[1,0,0,0]
[1,0,0,0]
[1,0,0,0]
[1,0,0,0]
[1,0,0,0]
[1,0,0,0]
[1,0,0,0]
[1,0,0,0]
[1,0,0,0]
[1,0,0,0]
[1,0,0,0]
[1,0,0,0]
[1,0,0,0]
[1,0,0,0]
[1,0,0,0]
[1,0,0,0]
[1,0,0,0]
[1,0,0,0]
[1,0,0,0]
[1,0,0,0]
[1,0,0,0]
[1,0,0,0]
[1,0,0,0]
[1,0,0,0]
[1,0,0,0]
[1,0,0,0]
[1,0,0,0]
[1,0,0,0]
[1,0,0,0]
[1,0,0,0]
[1,0,0,0]
[1,0,0,0]
[1,0,0,0]
[1,0,0,0]
[1,0,0,0]
[1,0,0,0]
[1,0,0,0]
[1,0,0,0]
[1,0,0,0]
[1,0,0,0]
[1,0,0,0]
[1,0,0,0]
[1,0,0,0]
[1,0,0,0]
[1,0,0,0]
[1,0,0,0]
[1,0,0,0]
[1,0,0,0]
[1,0,0,0]
[1,0,0,0]
[1,0,0,0]
[1,0,0,0]
[1,0,0,0]
[1,0,0,0]
[1,0,0,0]
[1,0,0,0]
[1,0,0,0]
[1,0,0,0]
[1,0,0,0]
[1,0,0,0]
[1,0,0,0]
[1,0,0,0]
[1,0,0,0]
[1,0,0,0]
[1,0,0,0]
[1,0,0,0]
[1,0,0,0]
[1,0,0,0]
[1,0,0,0]
[1,0,0,0]
[1,0,0,0]
[1,0,0,0]
[1,0,0,0]
[1,0,0,0]
[1,0,0,0]
[1,0,0,0]
[1,0,0,0]
[1,0,0,0]
[1,0,0,0]
[1,0,0,0]
[1,0,0,0]
[1,0,0,0]
[1,0,0,0]
[1,0,0,0]
[1,0,0,0]
[1,0,0,0]
[1,0,0,0]
[1,0,0,0]
[1,0,0,0]
[1,0,0,0]
[1,0,0,0]
[1,0,0,0]
