160
20
[-12.407,7.65,-7.588]
[-12.407,7.65,-7.588]
[-12.407,7.65,-7.588]
[-12.407,7.65,-7.588]
[-12.407,7.65,-7.588]
[-12.407,7.65,-7.588]
[-12.407,7.65,-7.588]
[-12.407,7.65,-7.588]
[-12.407,7.65,-7.588]
[-12.407,7.65,-7.588]
[-12.407,7.65,-7.588]
[-12.407,7.65,-7.588]
[-12.407,7.65,-7.588]
[-12.407,7.65,-7.588]
[-12.407,7.65,-7.588]
[-12.407,7.65,-7.588]
[-12.407,7.65,-7.588]
[-12.407,7.65,-7.588]
[-12.407,7.65,-7.588]
[-12.407,7.65,-7.588]
[-12.407,7.65,-7.588]
[-12.407,7.65,-7.588]
[-12.407,7.65,-7.588]
[-12.407,7.65,-7.588]
[-12.407,7.65,-7.588]
[-12.407,7.65,-7.588]
[-12.407,7.65,-7.588]
[-12.407,7.65,-7.588]
[-12.407,7.65,-7.588]
[-12.407,7.65,-7.588]
[-12.407,7.65,-7.588]
[-12.407,7.65,-7.588]
[-12.407,7.65,-7.588]
[-12.407,7.65,-7.588]
[-12.407,7.65,-7.588]
[-12.407,7.65,-7.588]
[-12.407,7.65,-7.588]
[-12.407,7.65,-7.588]
[-12.407,7.65,-7.588]
[-12.407,7.65,-7.588]
[-12.407,7.65,-7.588]
[-12.407,7.65,-7.588]
[-12.407,7.65,-7.588]
[-12.407,7.65,-7.588]
[-12.407,7.65,-7.588]
[-12.407,7.65,-7.588]
[-12.407,7.65,-7.588]
[-12.407,7.65,-7.588]
[-12.407,7.65,-7.588]
[-12.407,7.65,-7.588]
[-12.407,7.65,-7.588]
[-12.407,7.65,-7.588]
[-12.407,7.65,-7.588]
[-12.407,7.65,-7.588]
[-12.407,7.65,-7.588]
[-12.407,7.65,-7.588]
[-12.407,7.65,-7.588]
[-12.407,7.65,-7.588]
[-12.407,7.65,-7.588]
[-12.407,7.65,-7.588]
[-12.407,7.65,-7.38545]
[-12.407,7.65,-7.1829]
[-12.407,7.65,-6.98035]
[-12.407,7.65,-6.7778]
[-12.407,7.65,-6.57525]
[-12.407,7.65,-6.3727]
[-12.407,7.65,-6.17015]
[-12.407,7.65,-5.9676]
[-12.407,7.65,-5.76505]
[-12.407,7.65,-5.5625]
[-12.407,7.65,-5.35995]
[-12.407,7.65,-5.1574]
[-12.407,7.65,-4.95485]
[-12.407,7.65,-4.7523]
[-12.407,7.65,-4.54975]
[-12.407,7.65,-4.3472]
[-12.407,7.65,-4.14465]
[-12.407,7.65,-3.9421]
[-12.407,7.65,-3.73955]
[-12.407,7.65,-3.537]
[-12.407,7.65,-3.537]
[-12.407,7.65,-3.537]
[-12.407,7.65,-3.537]
[-12.407,7.65,-3.537]
[-12.407,7.65,-3.537]
[-12.407,7.65,-3.537]
[-12.407,7.65,-3.537]
[-12.407,7.65,-3.537]
[-12.407,7.65,-3.537]
[-12.407,7.65,-3.537]
[-12.407,7.65,-3.537]
[-12.407,7.65,-3.537]
[-12.407,7.65,-3.537]
[-12.407,7.65,-3.537]
[-12.407,7.65,-3.537]
[-12.407,7.65,-3.537]
[-12.407,7.65,-3.537]
[-12.407,7.65,-3.537]
[-12.407,7.65,-3.537]
[-12.407,7.65,-3.537]
[-12.407,7.65,-3.6498]
[-12.407,7.65,-3.7626]
[-12.407,7.65,-3.8754]
[-12.407,7.65,-3.9882]
[-12.407,7.65,-4.101]
[-12.407,7.65,-4.2138]
[-12.407,7.65,-4.3266]
[-12.407,7.65,-4.4394]
[-12.407,7.65,-4.5522]
[-12.407,7.65,-4.665]
[-12.407,7.65,-4.7778]
[-12.407,7.65,-4.8906]
[-12.407,7.65,-5.0034]
[-12.407,7.65,-5.1162]
[-12.407,7.65,-5.229]
[-12.407,7.65,-5.3418]
[-12.407,7.65,-5.4546]
[-12.407,7.65,-5.5674]
[-12.407,7.65,-5.6802]
[-12.407,7.65,-5.793]
[-12.407,7.65,-5.793]
[-12.407,7.65,-5.793]
[-12.407,7.65,-5.793]
[-12.407,7.65,-5.793]
[-12.407,7.65,-5.793]
[-12.407,7.65,-5.793]
[-12.407,7.65,-5.793]
[-12.407,7.65,-5.793]
[-12.407,7.65,-5.793]
[-12.407,7.65,-5.793]
[-12.407,7.65,-5.793]
[-12.407,7.65,-5.793]
[-12.407,7.65,-5.793]
[-12.407,7.65,-5.793]
[-12.407,7.65,-5.793]
[-12.407,7.65,-5.793]
[-12.407,7.65,-5.793]
[-12.407,7.65,-5.793]
[-12.407,7.65,-5.793]
[-12.407,7.65,-5.793]
[-12.407,7.65,-5.88275]
[-12.407,7.65,-5.9725]
[-12.407,7.65,-6.06225]
[-12.407,7.65,-6.152]
[-12.407,7.65,-6.24175]
[-12.407,7.65,-6.3315]
[-12.407,7.65,-6.42125]
[-12.407,7.65,-6.511]
[-12.407,7.65,-6.60075]
[-12.407,7.65,-6.6905]
[-12.407,7.65,-6.78025]
[-12.407,7.65,-6.87]
[-12.407,7.65,-6.95975]
[-12.407,7.65,-7.0495]
[-12.407,7.65,-7.13925]
[-12.407,7.65,-7.229]
[-12.407,7.65,-7.31875]
[-12.407,7.65,-7.4085]
[-12.407,7.65,-7.49825]
[-12.407,7.65,-7.588]
[1,0,0,0]
[1,0,0,0]
[1,0,0,0]
[1,0,0,0]
[1,0,0,0]
[1,0,0,0]
[1,0,0,0]
[1,0,0,0]
[1,0,0,0]
[1,0,0,0]
[1,0,0,0]
[1,0,0,0]
[1,0,0,0]
[1,0,0,0]
[1,0,0,0]
[1,0,0,0]
[1,0,0,0]
[1,0,0,0]
[1,0,0,0]
[1,0,0,0]
[1,0,0,0]
[1,0,0,0]
[1,0,0,0]
[1,0,0,0]
[1,0,0,0]
[1,0,0,0]
[1,0,0,0]
[1,0,0,0]
[1,0,0,0]
[1,0,0,0]
[1,0,0,0]
[1,0,0,0]
[1,0,0,0]
[1,0,0,0]
[1,0,0,0]
[1,0,0,0]
[1,0,0,0]
[1,0,0,0]
[1,0,0,0]
[1,0,0,0]
[1,0,0,0]
[1,0,0,0]
[1,0,0,0]
[1,0,0,0]
[1,0,0,0]
[1,0,0,0]
[1,0,0,0]
[1,0,0,0]
[1,0,0,0]
[1,0,0,0]
[1,0,0,0]
[1,0,0,0]
[1,0,0,0]
[1,0,0,0]
[1,0,0,0]
[1,0,0,0]
[1,0,0,0]
[1,0,0,0]
[1,0,0,0]
[1,0,0,0]
[1,0,0,0]
[1,0,0,0]
[1,0,0,0]
[1,0,0,0]
[1,0,0,0]
[1,0,0,0]
[1,0,0,0]
[1,0,0,0]
[1,0,0,0]
[1,0,0,0]
[1,0,0,0]
[1,0,0,0]
[1,0,0,0]
[1,0,0,0]
[1,0,0,0]
[1,0,0,0]
[1,0,0,0]
[1,0,0,0]
[1,0,0,0]
[1,0,0,0]
[1,0,0,0]
[1,0,0,0]
[1,0,0,0]
[1,0,0,0]
[1,0,0,0]
[1,0,0,0]
[1,0,0,0]
[1,0,0,0]
[1,0,0,0]
[1,0,0,0]
[1,0,0,0]
[1,0,0,0]
[1,0,0,0]
[1,0,0,0]
[1,0,0,0]
[1,0,0,0]
[1,0,0,0]
[1,0,0,0]
[1,0,0,0]
[1,0,0,0]
[1,0,0,0]
[1,0,0,0]
[1,0,0,0]
[1,0,0,0]
[1,0,0,0]
[1,0,0,0]
[1,0,0,0]
[1,0,0,0]
[1,0,0,0]
[1,0,0,0]
[1,0,0,0]
[1,0,0,0]
[1,0,0,0]
[1,0,0,0]
[1,0,0,0]
[1,0,0,0]
[1,0,0,0]
[1,0,0,0]
[1,0,0,0]
[1,0,0,0]
[1,0,0,0]
[1,0,0,0]
[1,0,0,0]
[1,0,0,0]
[1,0,0,0]
[1,0,0,0]
[1,0,0,0]
[1,0,0,0]
[1,0,0,0]
[1,0,0,0]
[1,0,0,0]
[1,0,0,0]
[1,0,0,0]
[1,0,0,0]
[1,0,0,0]
[1,0,0,0]
[1,0,0,0]
[1,0,0,0]
[1,0,0,0]
[1,0,0,0]
[1,0,0,0]
[1,0,0,0]
[1,0,0,0]
[1,0,0,0]
[1,0,0,0]
[1,0,0,0]
[1,0,0,0]
[1,0,0,0]
[1,0,0,0]
[1,0,0,0]
[1,0,0,0]
[1,0,0,0]
[1,0,0,0]
[1,0,0,0]
[1,0,0,0]
[1,0,0,0]
[1,0,0,0]
[1,0,0,0]
[1,0,0,0]
[1,0,0,0]
