160
20
[-0.563,-4.8,-17.1]
[-0.563,-4.8,-17.1]
[-0.563,-4.8,-17.1]
[-0.563,-4.8,-17.1]
[-0.563,-4.8,-17.1]
[-0.563,-4.8,-17.1]
[-0.563,-4.8,-17.1]
[-0.563,-4.8,-17.1]
[-0.563,-4.8,-17.1]
[-0.563,-4.8,-17.1]
[-0.563,-4.8,-17.1]
[-0.563,-4.8,-17.1]
[-0.563,-4.8,-17.1]
[-0.563,-4.8,-17.1]
[-0.563,-4.8,-17.1]
[-0.563,-4.8,-17.1]
[-0.563,-4.8,-17.1]
[-0.563,-4.8,-17.1]
[-0.563,-4.8,-17.1]
[-0.563,-4.8,-17.1]
[-0.563,-4.8,-17.1]
[-0.563,-4.8,-17.1]
[-0.563,-4.8,-17.1]
[-0.563,-4.8,-17.1]
[-0.563,-4.8,-17.1]
[-0.563,-4.8,-17.1]
[-0.563,-4.8,-17.1]
[-0.563,-4.8,-17.1]
[-0.563,-4.8,-17.1]
[-0.563,-4.8,-17.1]
[-0.563,-4.8,-17.1]
[-0.563,-4.8,-17.1]
[-0.563,-4.8,-17.1]
[-0.563,-4.8,-17.1]
[-0.563,-4.8,-17.1]
[-0.563,-4.8,-17.1]
[-0.563,-4.8,-17.1]
[-0.563,-4.8,-17.1]
[-0.563,-4.8,-17.1]
[-0.563,-4.8,-17.1]
[-0.563,-4.8,-17.1]
[-0.563,-4.8,-17.1]
[-0.563,-4.8,-17.1]
[-0.563,-4.8,-17.1]
[-0.563,-4.8,-17.1]
[-0.563,-4.8,-17.1]
[-0.563,-4.8,-17.1]
[-0.563,-4.8,-17.1]
[-0.563,-4.8,-17.1]
[-0.563,-4.8,-17.1]
[-0.563,-4.8,-17.1]
[-0.563,-4.8,-17.1]
[-0.563,-4.8,-17.1]
[-0.563,-4.8,-17.1]
[-0.563,-4.8,-17.1]
[-0.563,-4.8,-17.1]
[-0.563,-4.8,-17.1]
[-0.563,-4.8,-17.1]
[-0.563,-4.8,-17.1]
[-0.563,-4.8,-17.1]
[-0.563,-5.1224,-17.1]
[-0.563,-5.4448,-17.1]
[-0.563,-5.7672,-17.1]
[-0.563,-6.0896,-17.1]
[-0.563,-6.412,-17.1]
[-0.563,-6.7344,-17.1]
[-0.563,-7.0568,-17.1]
[-0.563,-7.3792,-17.1]
[-0.563,-7.7016,-17.1]
[-0.563,-8.024,-17.1]
[-0.563,-8.3464,-17.1]
[-0.563,-8.6688,-17.1]
[-0.563,-8.9912,-17.1]
[-0.563,-9.3136,-17.1]
[-0.563,-9.636,-17.1]
[-0.563,-9.9584,-17.1]
[-0.563,-10.2808,-17.1]
[-0.563,-10.6032,-17.1]
[-0.563,-10.9256,-17.1]
[-0.563,-11.248,-17.1]
[-0.563,-11.248,-17.1]
[-0.563,-11.248,-17.1]
[-0.563,-11.248,-17.1]
[-0.563,-11.248,-17.1]
[-0.563,-11.248,-17.1]
[-0.563,-11.248,-17.1]
[-0.563,-11.248,-17.1]
[-0.563,-11.248,-17.1]
[-0.563,-11.248,-17.1]
[-0.563,-11.248,-17.1]
[-0.563,-11.248,-17.1]
[-0.563,-11.248,-17.1]
[-0.563,-11.248,-17.1]
[-0.563,-11.248,-17.1]
[-0.563,-11.248,-17.1]
[-0.563,-11.248,-17.1]
[-0.563,-11.248,-17.1]
[-0.563,-11.248,-17.1]
[-0.563,-11.248,-17.1]
[-0.563,-11.248,-17.1]
[-0.563,-11.248,-17.1]
[-0.563,-11.248,-17.1]
[-0.563,-11.248,-17.1]
[-0.563,-11.248,-17.1]
[-0.563,-11.248,-17.1]
[-0.563,-11.248,-17.1]
[-0.563,-11.248,-17.1]
[-0.563,-11.248,-17.1]
[-0.563,-11.248,-17.1]
[-0.563,-11.248,-17.1]
[-0.563,-10.7874,-17.1]
[-0.563,-10.3269,-17.1]
[-0.563,-9.86629,-17.1]
[-0.563,-9.40571,-17.1]
[-0.563,-8.94514,-17.1]
[-0.563,-8.48457,-17.1]
[-0.563,-8.024,-17.1]
[-0.563,-7.56343,-17.1]
[-0.563,-7.10286,-17.1]
[-0.563,-6.64229,-17.1]
[-0.563,-6.18171,-17.1]
[-0.563,-5.72114,-17.1]
[-0.563,-5.26057,-17.1]
[-0.563,-4.8,-17.1]
[-0.563,-4.8,-17.1]
[-0.563,-4.8,-17.1]
[-0.563,-4.8,-17.1]
[-0.563,-4.8,-17.1]
[-0.563,-4.8,-17.1]
[-0.563,-4.8,-17.1]
[-0.563,-4.8,-17.1]
[-0.563,-4.8,-17.1]
[-0.563,-4.8,-17.1]
[-0.563,-4.8,-17.1]
[-0.563,-4.8,-17.1]
[-0.563,-4.8,-17.1]
[-0.563,-4.8,-17.1]
[-0.563,-4.8,-17.1]
[-0.563,-4.8,-17.1]
[-0.563,-4.8,-17.1]
[-0.563,-4.8,-17.1]
[-0.563,-4.8,-17.1]
[-0.563,-4.8,-17.1]
[-0.563,-4.8,-17.1]
[-0.563,-4.8,-17.1]
[-0.563,-4.8,-17.1]
[-0.563,-4.8,-17.1]
[-0.563,-4.8,-17.1]
[-0.563,-4.8,-17.1]
[-0.563,-4.8,-17.1]
[-0.563,-4.8,-17.1]
[-0.563,-4.8,-17.1]
[-0.563,-4.8,-17.1]
[-0.563,-4.8,-17.1]
[-0.563,-4.8,-17.1]
[-0.563,-4.8,-17.1]
[-0.563,-4.8,-17.1]
[-0.563,-4.8,-17.1]
[-0.563,-4.8,-17.1]
[-0.563,-4.8,-17.1]
[1,0,0,0]
[1,0,0,0]
[1,0,0,0]
[1,0,0,0]
[1,0,0,0]
[1,0,0,0]
[1,0,0,0]
[1,0,0,0]
[1,0,0,0]
[1,0,0,0]
[1,0,0,0]
[1,0,0,0]
[1,0,0,0]
[1,0,0,0]
[1,0,0,0]
[1,0,0,0]
[1,0,0,0]
[1,0,0,0]
[1,0,0,0]
[1,0,0,0]
[1,0,0,0]
[1,0,0,0]
[1,0,0,0]
[1,0,0,0]
[1,0,0,0]
[1,0,0,0]
[1,0,0,0]
[1,0,0,0]
[1,0,0,0]
[1,0,0,0]
[1,0,0,0]
[1,0,0,0]
[1,0,0,0]
[1,0,0,0]
[1,0,0,0]
[1,0,0,0]
[1,0,0,0]
[1,0,0,0]
[1,0,0,0]
[1,0,0,0]
[1,0,0,0]
[1,0,0,0]
[1,0,0,0]
[1,0,0,0]
[1,0,0,0]
[1,0,0,0]
[1,0,0,0]
[1,0,0,0]
[1,0,0,0]
[1,0,0,0]
[1,0,0,0]
[1,0,0,0]
[1,0,0,0]
[1,0,0,0]
[1,0,0,0]
[1,0,0,0]
[1,0,0,0]
[1,0,0,0]
[1,0,0,0]
[1,0,0,0]
[1,0,0,0]
[1,0,0,0]
[1,0,0,0]
[1,0,0,0]
[1,0,0,0]
[1,0,0,0]
[1,0,0,0]
[1,0,0,0]
[1,0,0,0]
[1,0,0,0]
[1,0,0,0]
[1,0,0,0]
[1,0,0,0]
[1,0,0,0]
[1,0,0,0]
[1,0,0,0]
[1,0,0,0]
[1,0,0,0]
[1,0,0,0]
[1,0,0,0]
[1,0,0,0]
[1,0,0,0]
[1,0,0,0]
[1,0,0,0]
[1,0,0,0]
[1,0,0,0]
[1,0,0,0]
[1,0,0,0]
[1,0,0,0]
[1,0,0,0]
[1,0,0,0]
[1,0,0,0]
[1,0,0,0]
[1,0,0,0]
[1,0,0,0]
[1,0,0,0]
[1,0,0,0]
[1,0,0,0]
[1,0,0,0]
[1,0,0,0]
[1,0,0,0]
[1,0,0,0]
[1,0,0,0]
[1,0,0,0]
[1,0,0,0]
[1,0,0,0]
[1,0,0,0]
[1,0,0,0]
[1,0,0,0]
[1,0,0,0]
[1,0,0,0]
[1,0,0,0]
[1,0,0,0]
[1,0,0,0]
[1,0,0,0]
[1,0,0,0]
[1,0,0,0]
[1,0,0,0]
[1,0,0,0]
[1,0,0,0]
[1,0,0,0]
[1,0,0,0]
[1,0,0,0]
[1,0,0,0]
[1,0,0,0]
[1,0,0,0]
[1,0,0,0]
[1,0,0,0]
[1,0,0,0]
[1,0,0,0]
[1,0,0,0]
[1,0,0,0]
[1,0,0,0]
[1,0,0,0]
[1,0,0,0]
[1,0,0,0]
[1,0,0,0]
[1,0,0,0]
[1,0,0,0]
[1,0,0,0]
[1,0,0,0]
[1,0,0,0]
[1,0,0,0]
[1,0,0,0]
[1,0,0,0]
[1,0,0,0]
[1,0,0,0]
[1,0,0,0]
[1,0,0,0]
[1,0,0,0]
[1,0,0,0]
[1,0,0,0]
[1,0,0,0]
[1,0,0,0]
[1,0,0,0]
[1,0,0,0]
[1,0,0,0]
[1,0,0,0]
[1,0,0,0]
[1,0,0,0]
