160
20
[1.275,-4,-1.9]
[1.275,-4,-1.9]
[1.275,-4,-1.9]
[1.275,-4,-1.9]
[1.275,-4,-1.9]
[1.275,-4,-1.9]
[1.275,-4,-1.9]
[1.275,-4,-1.9]
[1.275,-4,-1.9]
[1.275,-4,-1.9]
[1.275,-4,-1.9]
[1.275,-4,-1.9]
[1.275,-4,-1.9]
[1.275,-4,-1.9]
[1.275,-4,-1.9]
[1.275,-4,-1.9]
[1.275,-4,-1.9]
[1.275,-4,-1.9]
[1.275,-4,-1.9]
[1.275,-4,-1.9]
[1.275,-4,-1.845]
[1.275,-4,-1.79]
[1.275,-4,-1.735]
[1.275,-4,-1.68]
[1.275,-4,-1.625]
[1.275,-4,-1.57]
[1.275,-4,-1.515]
[1.275,-4,-1.46]
[1.275,-4,-1.405]
[1.275,-4,-1.35]
[1.275,-4,-1.295]
[1.275,-4,-1.24]
[1.275,-4,-1.185]
[1.275,-4,-1.13]
[1.275,-4,-1.075]
[1.275,-4,-1.02]
[1.275,-4,-0.965]
[1.275,-4,-0.91]
[1.275,-4,-0.855]
[1.275,-4,-0.8]
[1.275,-4,-0.8]
[1.275,-4,-0.8]
[1.275,-4,-0.8]
[1.275,-4,-0.8]
[1.275,-4,-0.8]
[1.275,-4,-0.8]
[1.275,-4,-0.8]
[1.275,-4,-0.8]
[1.275,-4,-0.8]
[1.275,-4,-0.8]
[1.275,-4,-0.8]
[1.275,-4,-0.8]
[1.275,-4,-0.8]
[1.275,-4,-0.8]
[1.275,-4,-0.8]
[1.275,-4,-0.8]
[1.275,-4,-0.8]
[1.275,-4,-0.8]
[1.275,-4,-0.8]
[1.275,-4,-0.8]
[1.275,-4,-0.8]
[1.275,-4,-0.8]
[1.275,-4,-0.8]
[1.275,-4,-0.8]
[1.275,-4,-0.8]
[1.275,-4,-0.8]
[1.275,-4,-0.8]
[1.275,-4,-0.8]
[1.275,-4,-0.8]
[1.275,-4,-0.8]
[1.275,-4,-0.8]
[1.275,-4,-0.8]
[1.275,-4,-0.8]
[1.275,-4,-0.8]
[1.275,-4,-0.8]
[1.275,-4,-0.8]
[1.275,-4,-0.8]
[1.275,-4,-0.8]
[1.275,-4,-0.8]
[1.275,-4,-0.8]
[1.275,-4,-0.8]
[1.275,-4,-0.8]
[1.275,-4,-0.8]
[1.275,-4,-0.8]
[1.275,-4,-0.8]
[1.275,-4,-0.8]
[1.275,-4,-0.8]
[1.275,-4,-0.8]
[1.275,-4,-0.8]
[1.275,-4,-0.8]
[1.275,-4,-0.8]
[1.275,-4,-0.8]
[1.275,-4,-0.8]
[1.275,-4,-0.8]
[1.275,-4,-0.8]
[1.275,-4,-0.8]
[1.275,-4,-0.8]
[1.275,-4,-0.8]
[1.275,-4,-0.8]
[1.275,-4,-0.8]
[1.275,-4,-0.8]
[1.275,-4,-0.8]
[1.275,-4,-0.8]
[1.275,-4,-0.8]
[1.275,-4,-0.8]
[1.275,-4,-0.8]
[1.275,-4,-0.8]
[1.275,-4,-0.8]
[1.275,-4,-0.8]
[1.275,-4,-0.8]
[1.275,-4,-0.8]
[1.275,-4,-0.8]
[1.275,-4,-0.8]
[1.275,-4,-0.8]
[1.275,-4,-0.8]
[1.275,-4,-0.8]
[1.275,-4,-0.8]
[1.275,-4,-0.8]
[1.275,-4,-0.8]
[1.275,-4,-0.8]
[1.275,-4,-0.855]
[1.275,-4,-0.91]
[1.275,-4,-0.965]
[1.275,-4,-1.02]
[1.275,-4,-1.075]
[1.275,-4,-1.13]
[1.275,-4,-1.185]
[1.275,-4,-1.24]
[1.275,-4,-1.295]
[1.275,-4,-1.35]
[1.275,-4,-1.405]
[1.275,-4,-1.46]
[1.275,-4,-1.515]
[1.275,-4,-1.57]
[1.275,-4,-1.625]
[1.275,-4,-1.68]
[1.275,-4,-1.735]
[1.275,-4,-1.79]
[1.275,-4,-1.845]
[1.275,-4,-1.9]
[1.275,-4,-1.9]
[1.275,-4,-1.9]
[1.275,-4,-1.9]
[1.275,-4,-1.9]
[1.275,-4,-1.9]
[1.275,-4,-1.9]
[1.275,-4,-1.9]
[1.275,-4,-1.9]
[1.275,-4,-1.9]
[1.275,-4,-1.9]
[1.275,-4,-1.9]
[1.275,-4,-1.9]
[1.275,-4,-1.9]
[1.275,-4,-1.9]
[1.275,-4,-1.9]
[1.275,-4,-1.9]
[1.275,-4,-1.9]
[1.275,-4,-1.9]
[1.275,-4,-1.9]
[1.275,-4,-1.9]
[1,0,0,0]
[1,0,0,0]
[1,0,0,0]
[1,0,0,0]
[1,0,0,0]
[1,0,0,0]
[1,0,0,0]
[1,0,0,0]
[1,0,0,0]
[1,0,0,0]
[1,0,0,0]
[1,0,0,0]
[1,0,0,0]
[1,0,0,0]
[1,0,0,0]
[1,0,0,0]
[1,0,0,0]
[1,0,0,0]
[1,0,0,0]
[1,0,0,0]
[1,0,0,0]
[1,0,0,0]
[1,0,0,0]
[1,0,0,0]
[1,0,0,0]
[1,0,0,0]
[1,0,0,0]
[1,0,0,0]
[1,0,0,0]
[1,0,0,0]
[1,0,0,0]
[1,0,0,0]
[1,0,0,0]
[1,0,0,0]
[1,0,0,0]
[1,0,0,0]
[1,0,0,0]
[1,0,0,0]
[1,0,0,0]
[1,0,0,0]
[1,0,0,0]
[1,0,0,0]
[1,0,0,0]
[1,0,0,0]
[1,0,0,0]
[1,0,0,0]
[1,0,0,0]
[1,0,0,0]
[1,0,0,0]
[1,0,0,0]
[1,0,0,0]
[1,0,0,0]
[1,0,0,0]
[1,0,0,0]
[1,0,0,0]
[1,0,0,0]
[1,0,0,0]
[1,0,0,0]
[1,0,0,0]
[1,0,0,0]
[1,0,0,0]
[1,0,0,0]
[1,0,0,0]
[1,0,0,0]
[1,0,0,0]
[1,0,0,0]
[1,0,0,0]
[1,0,0,0]
[1,0,0,0]
[1,0,0,0]
[1,0,0,0]
[1,0,0,0]
[1,0,0,0]
[1,0,0,0]
[1,0,0,0]
[1,0,0,0]
[1,0,0,0]
[1,0,0,0]
[1,0,0,0]
[1,0,0,0]
[1,0,0,0]
[1,0,0,0]
[1,0,0,0]
[1,0,0,0]
[1,0,0,0]
[1,0,0,0]
[1,0,0,0]
[1,0,0,0]
[1,0,0,0]
[1,0,0,0]
[1,0,0,0]
[1,0,0,0]
[1,0,0,0]
[1,0,0,0]
[1,0,0,0]
[1,0,0,0]
[1,0,0,0]
[1,0,0,0]
[1,0,0,0]
[1,0,0,0]
[1,0,0,0]
[1,0,0,0]
[1,0,0,0]
[1,0,0,0]
[1,0,0,0]
[1,0,0,0]
[1,0,0,0]
[1,0,0,0]
[1,0,0,0]
[1,0,0,0]
[1,0,0,0]
[1,0,0,0]
[1,0,0,0]
[1,0,0,0]
[1,0,0,0]
[1,0,0,0]
[1,0,0,0]
[1,0,0,0]
[1,0,0,0]
[1,0,0,0]
[1,0,0,0]
[1,0,0,0]
[1,0,0,0]
[1,0,0,0]
[1,0,0,0]
[1,0,0,0]
[1,0,0,0]
[1,0,0,0]
[1,0,0,0]
[1,0,0,0]
[1,0,0,0]
[1,0,0,0]
[1,0,0,0]
[1,0,0,0]
[1,0,0,0]
[1,0,0,0]
[1,0,0,0]
[1,0,0,0]
[1,0,0,0]
[1,0,0,0]
[1,0,0,0]
[1,0,0,0]
[1,0,0,0]
[1,0,0,0]
[1,0,0,0]
[1,0,0,0]
[1,0,0,0]
[1,0,0,0]
[1,0,0,0]
[1,0,0,0]
[1,0,0,0]
[1,0,0,0]
[1,0,0,0]
[1,0,0,0]
[1,0,0,0]
[1,0,0,0]
[1,0,0,0]
[1,0,0,0]
[1,0,0,0]
[1,0,0,0]
