160
20
[-0.563,-5,-17.1]
[-0.563,-5,-17.1]
[-0.563,-5,-17.1]
[-0.563,-5,-17.1]
[-0.563,-5,-17.1]
[-0.563,-5,-17.1]
[-0.563,-5,-17.1]
[-0.563,-5,-17.1]
[-0.563,-5,-17.1]
[-0.563,-5,-17.1]
[-0.563,-5,-17.1]
[-0.563,-5,-17.1]
[-0.563,-5,-17.1]
[-0.563,-5,-17.1]
[-0.563,-5,-17.1]
[-0.563,-5,-17.1]
[-0.563,-5,-17.1]
[-0.563,-5,-17.1]
[-0.563,-5,-17.1]
[-0.563,-5,-17.1]
[-0.563,-5,-17.1]
[-0.563,-5,-17.1]
[-0.563,-5,-17.1]
[-0.563,-5,-17.1]
[-0.563,-5,-17.1]
[-0.563,-5,-17.1]
[-0.563,-5,-17.1]
[-0.563,-5,-17.1]
[-0.563,-5,-17.1]
[-0.563,-5,-17.1]
[-0.563,-5,-17.1]
[-0.563,-5,-17.1]
[-0.563,-5,-17.1]
[-0.563,-5,-17.1]
[-0.563,-5,-17.1]
[-0.563,-5,-17.1]
[-0.563,-5,-17.1]
[-0.563,-5,-17.1]
[-0.563,-5,-17.1]
[-0.563,-5,-17.1]
[-0.563,-5,-17.1]
[-0.563,-5,-17.1]
[-0.563,-5,-17.1]
[-0.563,-5,-17.1]
[-0.563,-5,-17.1]
[-0.563,-5,-17.1]
[-0.563,-5,-17.1]
[-0.563,-5,-17.1]
[-0.563,-5,-17.1]
[-0.563,-5,-17.1]
[-0.563,-5,-17.1]
[-0.563,-5,-17.1]
[-0.563,-5,-17.1]
[-0.563,-5,-17.1]
[-0.563,-5,-17.1]
[-0.563,-5,-17.1]
[-0.563,-5,-17.1]
[-0.563,-5,-17.1]
[-0.563,-5,-17.1]
[-0.563,-5,-17.1]
[-0.563,-5.35035,-17.1]
[-0.563,-5.7007,-17.1]
[-0.563,-6.05105,-17.1]
[-0.563,-6.4014,-17.1]
[-0.563,-6.75175,-17.1]
[-0.563,-7.1021,-17.1]
[-0.563,-7.45245,-17.1]
[-0.563,-7.8028,-17.1]
[-0.563,-8.15315,-17.1]
[-0.563,-8.5035,-17.1]
[-0.563,-8.85385,-17.1]
[-0.563,-9.2042,-17.1]
[-0.563,-9.55455,-17.1]
[-0.563,-9.9049,-17.1]
[-0.563,-10.2553,-17.1]
[-0.563,-10.6056,-17.1]
[-0.563,-10.9559,-17.1]
[-0.563,-11.3063,-17.1]
[-0.563,-11.6566,-17.1]
[-0.563,-12.007,-17.1]
[-0.563,-12.007,-17.1]
[-0.563,-12.007,-17.1]
[-0.563,-12.007,-17.1]
[-0.563,-12.007,-17.1]
[-0.563,-12.007,-17.1]
[-0.563,-12.007,-17.1]
[-0.563,-12.007,-17.1]
[-0.563,-12.007,-17.1]
[-0.563,-12.007,-17.1]
[-0.563,-12.007,-17.1]
[-0.563,-12.007,-17.1]
[-0.563,-12.007,-17.1]
[-0.563,-12.007,-17.1]
[-0.563,-12.007,-17.1]
[-0.563,-12.007,-17.1]
[-0.563,-12.007,-17.1]
[-0.563,-12.007,-17.1]
[-0.563,-12.007,-17.1]
[-0.563,-12.007,-17.1]
[-0.563,-12.007,-17.1]
[-0.563,-12.007,-17.1]
[-0.563,-12.007,-17.1]
[-0.563,-12.007,-17.1]
[-0.563,-12.007,-17.1]
[-0.563,-12.007,-17.1]
[-0.563,-12.007,-17.1]
[-0.563,-12.007,-17.1]
[-0.563,-12.007,-17.1]
[-0.563,-12.007,-17.1]
[-0.563,-12.007,-17.1]
[-0.563,-11.5065,-17.1]
[-0.563,-11.006,-17.1]
[-0.563,-10.5055,-17.1]
[-0.563,-10.005,-17.1]
[-0.563,-9.5045,-17.1]
[-0.563,-9.004,-17.1]
[-0.563,-8.5035,-17.1]
[-0.563,-8.003,-17.1]
[-0.563,-7.5025,-17.1]
[-0.563,-7.002,-17.1]
[-0.563,-6.5015,-17.1]
[-0.563,-6.001,-17.1]
[-0.563,-5.5005,-17.1]
[-0.563,-5,-17.1]
[-0.563,-5,-17.1]
[-0.563,-5,-17.1]
[-0.563,-5,-17.1]
[-0.563,-5,-17.1]
[-0.563,-5,-17.1]
[-0.563,-5,-17.1]
[-0.563,-5,-17.1]
[-0.563,-5,-17.1]
[-0.563,-5,-17.1]
[-0.563,-5,-17.1]
[-0.563,-5,-17.1]
[-0.563,-5,-17.1]
[-0.563,-5,-17.1]
[-0.563,-5,-17.1]
[-0.563,-5,-17.1]
[-0.563,-5,-17.1]
[-0.563,-5,-17.1]
[-0.563,-5,-17.1]
[-0.563,-5,-17.1]
[-0.563,-5,-17.1]
[-0.563,-5,-17.1]
[-0.563,-5,-17.1]
[-0.563,-5,-17.1]
[-0.563,-5,-17.1]
[-0.563,-5,-17.1]
[-0.563,-5,-17.1]
[-0.563,-5,-17.1]
[-0.563,-5,-17.1]
[-0.563,-5,-17.1]
[-0.563,-5,-17.1]
[-0.563,-5,-17.1]
[-0.563,-5,-17.1]
[-0.563,-5,-17.1]
[-0.563,-5,-17.1]
[-0.563,-5,-17.1]
[-0.563,-5,-17.1]
[1,0,0,0]
[1,0,0,0]
[1,0,0,0]
[1,0,0,0]
[1,0,0,0]
[1,0,0,0]
[1,0,0,0]
[1,0,0,0]
[1,0,0,0]
[1,0,0,0]
[1,0,0,0]
[1,0,0,0]
[1,0,0,0]
[1,0,0,0]
[1,0,0,0]
[1,0,0,0]
[1,0,0,0]
[1,0,0,0]
[1,0,0,0]
[1,0,0,0]
[1,0,0,0]
[1,0,0,0]
[1,0,0,0]
[1,0,0,0]
[1,0,0,0]
[1,0,0,0]
[1,0,0,0]
[1,0,0,0]
[1,0,0,0]
[1,0,0,0]
[1,0,0,0]
[1,0,0,0]
[1,0,0,0]
[1,0,0,0]
[1,0,0,0]
[1,0,0,0]
[1,0,0,0]
[1,0,0,0]
[1,0,0,0]
[1,0,0,0]
[1,0,0,0]
[1,0,0,0]
[1,0,0,0]
[1,0,0,0]
[1,0,0,0]
[1,0,0,0]
[1,0,0,0]
[1,0,0,0]
[1,0,0,0]
[1,0,0,0]
[1,0,0,0]
[1,0,0,0]
[1,0,0,0]
[1,0,0,0]
[1,0,0,0]
[1,0,0,0]
[1,0,0,0]
[1,0,0,0]
[1,0,0,0]
[1,0,0,0]
[1,0,0,0]
[1,0,0,0]
[1,0,0,0]
[1,0,0,0]
[1,0,0,0]
[1,0,0,0]
[1,0,0,0]
[1,0,0,0]
[1,0,0,0]
[1,0,0,0]
[1,0,0,0]
[1,0,0,0]
[1,0,0,0]
[1,0,0,0]
[1,0,0,0]
[1,0,0,0]
[1,0,0,0]
[1,0,0,0]
[1,0,0,0]
[1,0,0,0]
[1,0,0,0]
[1,0,0,0]
[1,0,0,0]
[1,0,0,0]
[1,0,0,0]
[1,0,0,0]
[1,0,0,0]
[1,0,0,0]
[1,0,0,0]
[1,0,0,0]
[1,0,0,0]
[1,0,0,0]
[1,0,0,0]
[1,0,0,0]
[1,0,0,0]
[1,0,0,0]
[1,0,0,0]
[1,0,0,0]
[1,0,0,0]
[1,0,0,0]
[1,0,0,0]
[1,0,0,0]
[1,0,0,0]
[1,0,0,0]
[1,0,0,0]
[1,0,0,0]
[1,0,0,0]
[1,0,0,0]
[1,0,0,0]
[1,0,0,0]
[1,0,0,0]
[1,0,0,0]
[1,0,0,0]
[1,0,0,0]
[1,0,0,0]
[1,0,0,0]
[1,0,0,0]
[1,0,0,0]
[1,0,0,0]
[1,0,0,0]
[1,0,0,0]
[1,0,0,0]
[1,0,0,0]
[1,0,0,0]
[1,0,0,0]
[1,0,0,0]
[1,0,0,0]
[1,0,0,0]
[1,0,0,0]
[1,0,0,0]
[1,0,0,0]
[1,0,0,0]
[1,0,0,0]
[1,0,0,0]
[1,0,0,0]
[1,0,0,0]
[1,0,0,0]
[1,0,0,0]
[1,0,0,0]
[1,0,0,0]
[1,0,0,0]
[1,0,0,0]
[1,0,0,0]
[1,0,0,0]
[1,0,0,0]
[1,0,0,0]
[1,0,0,0]
[1,0,0,0]
[1,0,0,0]
[1,0,0,0]
[1,0,0,0]
[1,0,0,0]
[1,0,0,0]
[1,0,0,0]
[1,0,0,0]
[1,0,0,0]
[1,0,0,0]
[1,0,0,0]
[1,0,0,0]
[1,0,0,0]
