160
20
[2.45,36.9,2.663]
[2.45,36.9,2.663]
[2.45,36.9,2.663]
[2.45,36.9,2.663]
[2.45,36.9,2.663]
[2.45,36.9,2.663]
[2.45,36.9,2.663]
[2.45,36.9,2.663]
[2.45,36.9,2.663]
[2.45,36.9,2.663]
[2.45,36.9,2.663]
[2.45,36.9,2.663]
[2.45,36.9,2.663]
[2.45,36.9,2.663]
[2.45,36.9,2.663]
[2.45,36.9,2.663]
[2.45,36.9,2.663]
[2.45,36.9,2.663]
[2.45,36.9,2.663]
[2.45,36.9,2.663]
[2.45,36.9,2.663]
[2.45,36.9,2.663]
[2.45,36.9,2.663]
[2.45,36.9,2.663]
[2.45,36.9,2.663]
[2.45,36.9,2.663]
[2.45,36.9,2.663]
[2.45,36.9,2.663]
[2.45,36.9,2.663]
[2.45,36.9,2.663]
[2.45,36.9,2.663]
[2.45,36.9,2.663]
[2.45,36.9,2.663]
[2.45,36.9,2.663]
[2.45,36.9,2.663]
[2.45,36.9,2.663]
[2.45,36.9,2.663]
[2.45,36.9,2.663]
[2.45,36.9,2.663]
[2.45,36.9,2.663]
[3.44225,36.9,2.663]
[4.4345,36.9,2.663]
[5.42675,36.9,2.663]
[6.419,36.9,2.663]
[7.41125,36.9,2.663]
[8.4035,36.9,2.663]
[9.39575,36.9,2.663]
[10.388,36.9,2.663]
[11.3803,36.9,2.663]
[12.3725,36.9,2.663]
[13.3648,36.9,2.663]
[14.357,36.9,2.663]
[15.3493,36.9,2.663]
[16.3415,36.9,2.663]
[17.3337,36.9,2.663]
[18.326,36.9,2.663]
[19.3182,36.9,2.663]
[20.3105,36.9,2.663]
[21.3027,36.9,2.663]
[22.295,36.9,2.663]
[22.295,36.9,2.663]
[22.295,36.9,2.663]
[22.295,36.9,2.663]
[22.295,36.9,2.663]
[22.295,36.9,2.663]
[22.295,36.9,2.663]
[22.295,36.9,2.663]
[22.295,36.9,2.663]
[22.295,36.9,2.663]
[22.295,36.9,2.663]
[22.295,36.9,2.663]
[22.295,36.9,2.663]
[22.295,36.9,2.663]
[22.295,36.9,2.663]
[22.295,36.9,2.663]
[22.295,36.9,2.663]
[22.295,36.9,2.663]
[22.295,36.9,2.663]
[22.295,36.9,2.663]
[22.295,36.9,2.663]
[22.295,36.9,2.663]
[22.295,36.9,2.663]
[22.295,36.9,2.663]
[22.295,36.9,2.663]
[22.295,36.9,2.663]
[22.295,36.9,2.663]
[22.295,36.9,2.663]
[22.295,36.9,2.663]
[22.295,36.9,2.663]
[22.295,36.9,2.663]
[22.295,36.9,2.663]
[22.295,36.9,2.663]
[22.295,36.9,2.663]
[22.295,36.9,2.663]
[22.295,36.9,2.663]
[22.295,36.9,2.663]
[22.295,36.9,2.663]
[22.295,36.9,2.663]
[22.295,36.9,2.663]
[22.295,36.9,2.663]
[22.295,36.9,2.663]
[22.295,36.9,2.663]
[22.295,36.9,2.663]
[22.295,36.9,2.663]
[22.295,36.9,2.663]
[22.295,36.9,2.663]
[22.295,36.9,2.663]
[22.295,36.9,2.663]
[22.295,36.9,2.663]
[22.295,36.9,2.663]
[22.295,36.9,2.663]
[22.295,36.9,2.663]
[22.295,36.9,2.663]
[22.295,36.9,2.663]
[22.295,36.9,2.663]
[22.295,36.9,2.663]
[22.295,36.9,2.663]
[22.295,36.9,2.663]
[22.295,36.9,2.663]
[22.295,36.9,2.663]
[22.295,36.9,2.663]
[22.295,36.9,2.663]
[22.295,36.9,2.663]
[22.295,36.9,2.663]
[22.295,36.9,2.663]
[22.295,36.9,2.663]
[22.295,36.9,2.663]
[22.295,36.9,2.663]
[22.295,36.9,2.663]
[22.295,36.9,2.663]
[22.295,36.9,2.663]
[22.295,36.9,2.663]
[22.295,36.9,2.663]
[22.295,36.9,2.663]
[22.295,36.9,2.663]
[22.295,36.9,2.663]
[22.295,36.9,2.663]
[22.295,36.9,2.663]
[22.295,36.9,2.663]
[22.295,36.9,2.663]
[21.3028,36.9,2.663]
[20.3105,36.9,2.663]
[19.3183,36.9,2.663]
[18.326,36.9,2.663]
[17.3338,36.9,2.663]
[16.3415,36.9,2.663]
[15.3493,36.9,2.663]
[14.357,36.9,2.663]
[13.3648,36.9,2.663]
[12.3725,36.9,2.663]
[11.3803,36.9,2.663]
[10.388,36.9,2.663]
[9.39575,36.9,2.663]
[8.4035,36.9,2.663]
[7.41125,36.9,2.663]
[6.419,36.9,2.663]
[5.42675,36.9,2.663]
[4.4345,36.9,2.663]
[3.44225,36.9,2.663]
[2.45,36.9,2.663]
[1,0,0,0]
[1,0,0,0]
[1,0,0,0]
[1,0,0,0]
[1,0,0,0]
[1,0,0,0]
[1,0,0,0]
[1,0,0,0]
[1,0,0,0]
[1,0,0,0]
[1,0,0,0]
[1,0,0,0]
[1,0,0,0]
[1,0,0,0]
[1,0,0,0]
[1,0,0,0]
[1,0,0,0]
[1,0,0,0]
[1,0,0,0]
[1,0,0,0]
[1,0,0,0]
[1,0,0,0]
[1,0,0,0]
[1,0,0,0]
[1,0,0,0]
[1,0,0,0]
[1,0,0,0]
[1,0,0,0]
[1,0,0,0]
[1,0,0,0]
[1,0,0,0]
[1,0,0,0]
[1,0,0,0]
[1,0,0,0]
[1,0,0,0]
[1,0,0,0]
[1,0,0,0]
[1,0,0,0]
[1,0,0,0]
[1,0,0,0]
[1,0,0,0]
[1,0,0,0]
[1,0,0,0]
[1,0,0,0]
[1,0,0,0]
[1,0,0,0]
[1,0,0,0]
[1,0,0,0]
[1,0,0,0]
[1,0,0,0]
[1,0,0,0]
[1,0,0,0]
[1,0,0,0]
[1,0,0,0]
[1,0,0,0]
[1,0,0,0]
[1,0,0,0]
[1,0,0,0]
[1,0,0,0]
[1,0,0,0]
[1,0,0,0]
[1,0,0,0]
[1,0,0,0]
[1,0,0,0]
[1,0,0,0]
[1,0,0,0]
[1,0,0,0]
[1,0,0,0]
[1,0,0,0]
[1,0,0,0]
[1,0,0,0]
[1,0,0,0]
[1,0,0,0]
[1,0,0,0]
[1,0,0,0]
[1,0,0,0]
[1,0,0,0]
[1,0,0,0]
[1,0,0,0]
[1,0,0,0]
[1,0,0,0]
[1,0,0,0]
[1,0,0,0]
[1,0,0,0]
[1,0,0,0]
[1,0,0,0]
[1,0,0,0]
[1,0,0,0]
[1,0,0,0]
[1,0,0,0]
[1,0,0,0]
[1,0,0,0]
[1,0,0,0]
[1,0,0,0]
[1,0,0,0]
[1,0,0,0]
[1,0,0,0]
[1,0,0,0]
[1,0,0,0]
[1,0,0,0]
[1,0,0,0]
[1,0,0,0]
[1,0,0,0]
[1,0,0,0]
[1,0,0,0]
[1,0,0,0]
[1,0,0,0]
[1,0,0,0]
[1,0,0,0]
[1,0,0,0]
[1,0,0,0]
[1,0,0,0]
[1,0,0,0]
[1,0,0,0]
[1,0,0,0]
[1,0,0,0]
[1,0,0,0]
[1,0,0,0]
[1,0,0,0]
[1,0,0,0]
[1,0,0,0]
[1,0,0,0]
[1,0,0,0]
[1,0,0,0]
[1,0,0,0]
[1,0,0,0]
[1,0,0,0]
[1,0,0,0]
[1,0,0,0]
[1,0,0,0]
[1,0,0,0]
[1,0,0,0]
[1,0,0,0]
[1,0,0,0]
[1,0,0,0]
[1,0,0,0]
[1,0,0,0]
[1,0,0,0]
[1,0,0,0]
[1,0,0,0]
[1,0,0,0]
[1,0,0,0]
[1,0,0,0]
[1,0,0,0]
[1,0,0,0]
[1,0,0,0]
[1,0,0,0]
[1,0,0,0]
[1,0,0,0]
[1,0,0,0]
[1,0,0,0]
[1,0,0,0]
[1,0,0,0]
[1,0,0,0]
[1,0,0,0]
[1,0,0,0]
[1,0,0,0]
[1,0,0,0]
[1,0,0,0]
[1,0,0,0]
