160
20
[1.275,-4,2.2]
[1.275,-4,2.2]
[1.275,-4,2.2]
[1.275,-4,2.2]
[1.275,-4,2.2]
[1.275,-4,2.2]
[1.275,-4,2.2]
[1.275,-4,2.2]
[1.275,-4,2.2]
[1.275,-4,2.2]
[1.275,-4,2.2]
[1.275,-4,2.2]
[1.275,-4,2.2]
[1.275,-4,2.2]
[1.275,-4,2.2]
[1.275,-4,2.2]
[1.275,-4,2.2]
[1.275,-4,2.2]
[1.275,-4,2.2]
[1.275,-4,2.2]
[1.275,-4,2.135]
[1.275,-4,2.07]
[1.275,-4,2.005]
[1.275,-4,1.94]
[1.275,-4,1.875]
[1.275,-4,1.81]
[1.275,-4,1.745]
[1.275,-4,1.68]
[1.275,-4,1.615]
[1.275,-4,1.55]
[1.275,-4,1.485]
[1.275,-4,1.42]
[1.275,-4,1.355]
[1.275,-4,1.29]
[1.275,-4,1.225]
[1.275,-4,1.16]
[1.275,-4,1.095]
[1.275,-4,1.03]
[1.275,-4,0.965]
[1.275,-4,0.9]
[1.275,-4,0.9]
[1.275,-4,0.9]
[1.275,-4,0.9]
[1.275,-4,0.9]
[1.275,-4,0.9]
[1.275,-4,0.9]
[1.275,-4,0.9]
[1.275,-4,0.9]
[1.275,-4,0.9]
[1.275,-4,0.9]
[1.275,-4,0.9]
[1.275,-4,0.9]
[1.275,-4,0.9]
[1.275,-4,0.9]
[1.275,-4,0.9]
[1.275,-4,0.9]
[1.275,-4,0.9]
[1.275,-4,0.9]
[1.275,-4,0.9]
[1.275,-4,0.9]
[1.275,-4,0.9]
[1.275,-4,0.9]
[1.275,-4,0.9]
[1.275,-4,0.9]
[1.275,-4,0.9]
[1.275,-4,0.9]
[1.275,-4,0.9]
[1.275,-4,0.9]
[1.275,-4,0.9]
[1.275,-4,0.9]
[1.275,-4,0.9]
[1.275,-4,0.9]
[1.275,-4,0.9]
[1.275,-4,0.9]
[1.275,-4,0.9]
[1.275,-4,0.9]
[1.275,-4,0.9]
[1.275,-4,0.9]
[1.275,-4,0.9]
[1.275,-4,0.9]
[1.275,-4,0.9]
[1.275,-4,0.9]
[1.275,-4,0.9]
[1.275,-4,0.9]
[1.275,-4,0.9]
[1.275,-4,0.9]
[1.275,-4,0.9]
[1.275,-4,0.9]
[1.275,-4,0.9]
[1.275,-4,0.9]
[1.275,-4,0.9]
[1.275,-4,0.9]
[1.275,-4,0.9]
[1.275,-4,0.9]
[1.275,-4,0.9]
[1.275,-4,0.9]
[1.275,-4,0.9]
[1.275,-4,0.9]
[1.275,-4,0.9]
[1.275,-4,0.9]
[1.275,-4,0.9]
[1.275,-4,0.9]
[1.275,-4,0.9]
[1.275,-4,0.9]
[1.275,-4,0.9]
[1.275,-4,0.9]
[1.275,-4,0.9]
[1.275,-4,0.9]
[1.275,-4,0.9]
[1.275,-4,0.9]
[1.275,-4,0.9]
[1.275,-4,0.9]
[1.275,-4,0.9]
[1.275,-4,0.9]
[1.275,-4,0.9]
[1.275,-4,0.9]
[1.275,-4,0.9]
[1.275,-4,0.9]
[1.275,-4,0.9]
[1.275,-4,0.9]
[1.275,-4,0.965]
[1.275,-4,1.03]
[1.275,-4,1.095]
[1.275,-4,1.16]
[1.275,-4,1.225]
[1.275,-4,1.29]
[1.275,-4,1.355]
[1.275,-4,1.42]
[1.275,-4,1.485]
[1.275,-4,1.55]
[1.275,-4,1.615]
[1.275,-4,1.68]
[1.275,-4,1.745]
[1.275,-4,1.81]
[1.275,-4,1.875]
[1.275,-4,1.94]
[1.275,-4,2.005]
[1.275,-4,2.07]
[1.275,-4,2.135]
[1.275,-4,2.2]
[1.275,-4,2.2]
[1.275,-4,2.2]
[1.275,-4,2.2]
[1.275,-4,2.2]
[1.275,-4,2.2]
[1.275,-4,2.2]
[1.275,-4,2.2]
[1.275,-4,2.2]
[1.275,-4,2.2]
[1.275,-4,2.2]
[1.275,-4,2.2]
[1.275,-4,2.2]
[1.275,-4,2.2]
[1.275,-4,2.2]
[1.275,-4,2.2]
[1.275,-4,2.2]
[1.275,-4,2.2]
[1.275,-4,2.2]
[1.275,-4,2.2]
[1.275,-4,2.2]
[1,0,0,0]
[1,0,0,0]
[1,0,0,0]
[1,0,0,0]
[1,0,0,0]
[1,0,0,0]
[1,0,0,0]
[1,0,0,0]
[1,0,0,0]
[1,0,0,0]
[1,0,0,0]
[1,0,0,0]
[1,0,0,0]
[1,0,0,0]
[1,0,0,0]
[1,0,0,0]
[1,0,0,0]
[1,0,0,0]
[1,0,0,0]
[1,0,0,0]
[1,0,0,0]
[1,0,0,0]
[1,0,0,0]
[1,0,0,0]
[1,0,0,0]
[1,0,0,0]
[1,0,0,0]
[1,0,0,0]
[1,0,0,0]
[1,0,0,0]
[1,0,0,0]
[1,0,0,0]
[1,0,0,0]
[1,0,0,0]
[1,0,0,0]
[1,0,0,0]
[1,0,0,0]
[1,0,0,0]
[1,0,0,0]
[1,0,0,0]
[1,0,0,0]
[1,0,0,0]
[1,0,0,0]
[1,0,0,0]
[1,0,0,0]
[1,0,0,0]
[1,0,0,0]
[1,0,0,0]
[1,0,0,0]
[1,0,0,0]
[1,0,0,0]
[1,0,0,0]
[1,0,0,0]
[1,0,0,0]
[1,0,0,0]
[1,0,0,0]
[1,0,0,0]
[1,0,0,0]
[1,0,0,0]
[1,0,0,0]
[1,0,0,0]
[1,0,0,0]
[1,0,0,0]
[1,0,0,0]
[1,0,0,0]
[1,0,0,0]
[1,0,0,0]
[1,0,0,0]
[1,0,0,0]
[1,0,0,0]
[1,0,0,0]
[1,0,0,0]
[1,0,0,0]
[1,0,0,0]
[1,0,0,0]
[1,0,0,0]
[1,0,0,0]
[1,0,0,0]
[1,0,0,0]
[1,0,0,0]
[1,0,0,0]
[1,0,0,0]
[1,0,0,0]
[1,0,0,0]
[1,0,0,0]
[1,0,0,0]
[1,0,0,0]
[1,0,0,0]
[1,0,0,0]
[1,0,0,0]
[1,0,0,0]
[1,0,0,0]
[1,0,0,0]
[1,0,0,0]
[1,0,0,0]
[1,0,0,0]
[1,0,0,0]
[1,0,0,0]
[1,0,0,0]
[1,0,0,0]
[1,0,0,0]
[1,0,0,0]
[1,0,0,0]
[1,0,0,0]
[1,0,0,0]
[1,0,0,0]
[1,0,0,0]
[1,0,0,0]
[1,0,0,0]
[1,0,0,0]
[1,0,0,0]
[1,0,0,0]
[1,0,0,0]
[1,0,0,0]
[1,0,0,0]
[1,0,0,0]
[1,0,0,0]
[1,0,0,0]
[1,0,0,0]
[1,0,0,0]
[1,0,0,0]
[1,0,0,0]
[1,0,0,0]
[1,0,0,0]
[1,0,0,0]
[1,0,0,0]
[1,0,0,0]
[1,0,0,0]
[1,0,0,0]
[1,0,0,0]
[1,0,0,0]
[1,0,0,0]
[1,0,0,0]
[1,0,0,0]
[1,0,0,0]
[1,0,0,0]
[1,0,0,0]
[1,0,0,0]
[1,0,0,0]
[1,0,0,0]
[1,0,0,0]
[1,0,0,0]
[1,0,0,0]
[1,0,0,0]
[1,0,0,0]
[1,0,0,0]
[1,0,0,0]
[1,0,0,0]
[1,0,0,0]
[1,0,0,0]
[1,0,0,0]
[1,0,0,0]
[1,0,0,0]
[1,0,0,0]
[1,0,0,0]
[1,0,0,0]
[1,0,0,0]
[1,0,0,0]
[1,0,0,0]
[1,0,0,0]
