160
20
[1.275,-4,2.7]
[1.275,-4,2.7]
[1.275,-4,2.7]
[1.275,-4,2.7]
[1.275,-4,2.7]
[1.275,-4,2.7]
[1.275,-4,2.7]
[1.275,-4,2.7]
[1.275,-4,2.7]
[1.275,-4,2.7]
[1.275,-4,2.7]
[1.275,-4,2.7]
[1.275,-4,2.7]
[1.275,-4,2.7]
[1.275,-4,2.7]
[1.275,-4,2.7]
[1.275,-4,2.7]
[1.275,-4,2.7]
[1.275,-4,2.7]
[1.275,-4,2.7]
[1.275,-4,2.655]
[1.275,-4,2.61]
[1.275,-4,2.565]
[1.275,-4,2.52]
[1.275,-4,2.475]
[1.275,-4,2.43]
[1.275,-4,2.385]
[1.275,-4,2.34]
[1.275,-4,2.295]
[1.275,-4,2.25]
[1.275,-4,2.205]
[1.275,-4,2.16]
[1.275,-4,2.115]
[1.275,-4,2.07]
[1.275,-4,2.025]
[1.275,-4,1.98]
[1.275,-4,1.935]
[1.275,-4,1.89]
[1.275,-4,1.845]
[1.275,-4,1.8]
[1.275,-4,1.8]
[1.275,-4,1.8]
[1.275,-4,1.8]
[1.275,-4,1.8]
[1.275,-4,1.8]
[1.275,-4,1.8]
[1.275,-4,1.8]
[1.275,-4,1.8]
[1.275,-4,1.8]
[1.275,-4,1.8]
[1.275,-4,1.8]
[1.275,-4,1.8]
[1.275,-4,1.8]
[1.275,-4,1.8]
[1.275,-4,1.8]
[1.275,-4,1.8]
[1.275,-4,1.8]
[1.275,-4,1.8]
[1.275,-4,1.8]
[1.275,-4,1.8]
[1.275,-4,1.8]
[1.275,-4,1.8]
[1.275,-4,1.8]
[1.275,-4,1.8]
[1.275,-4,1.8]
[1.275,-4,1.8]
[1.275,-4,1.8]
[1.275,-4,1.8]
[1.275,-4,1.8]
[1.275,-4,1.8]
[1.275,-4,1.8]
[1.275,-4,1.8]
[1.275,-4,1.8]
[1.275,-4,1.8]
[1.275,-4,1.8]
[1.275,-4,1.8]
[1.275,-4,1.8]
[1.275,-4,1.8]
[1.275,-4,1.8]
[1.275,-4,1.8]
[1.275,-4,1.8]
[1.275,-4,1.8]
[1.275,-4,1.8]
[1.275,-4,1.8]
[1.275,-4,1.8]
[1.275,-4,1.8]
[1.275,-4,1.8]
[1.275,-4,1.8]
[1.275,-4,1.8]
[1.275,-4,1.8]
[1.275,-4,1.8]
[1.275,-4,1.8]
[1.275,-4,1.8]
[1.275,-4,1.8]
[1.275,-4,1.8]
[1.275,-4,1.8]
[1.275,-4,1.8]
[1.275,-4,1.8]
[1.275,-4,1.8]
[1.275,-4,1.8]
[1.275,-4,1.8]
[1.275,-4,1.8]
[1.275,-4,1.8]
[1.275,-4,1.8]
[1.275,-4,1.8]
[1.275,-4,1.8]
[1.275,-4,1.8]
[1.275,-4,1.8]
[1.275,-4,1.8]
[1.275,-4,1.8]
[1.275,-4,1.8]
[1.275,-4,1.8]
[1.275,-4,1.8]
[1.275,-4,1.8]
[1.275,-4,1.8]
[1.275,-4,1.8]
[1.275,-4,1.8]
[1.275,-4,1.8]
[1.275,-4,1.8]
[1.275,-4,1.8]
[1.275,-4,1.845]
[1.275,-4,1.89]
[1.275,-4,1.935]
[1.275,-4,1.98]
[1.275,-4,2.025]
[1.275,-4,2.07]
[1.275,-4,2.115]
[1.275,-4,2.16]
[1.275,-4,2.205]
[1.275,-4,2.25]
[1.275,-4,2.295]
[1.275,-4,2.34]
[1.275,-4,2.385]
[1.275,-4,2.43]
[1.275,-4,2.475]
[1.275,-4,2.52]
[1.275,-4,2.565]
[1.275,-4,2.61]
[1.275,-4,2.655]
[1.275,-4,2.7]
[1.275,-4,2.7]
[1.275,-4,2.7]
[1.275,-4,2.7]
[1.275,-4,2.7]
[1.275,-4,2.7]
[1.275,-4,2.7]
[1.275,-4,2.7]
[1.275,-4,2.7]
[1.275,-4,2.7]
[1.275,-4,2.7]
[1.275,-4,2.7]
[1.275,-4,2.7]
[1.275,-4,2.7]
[1.275,-4,2.7]
[1.275,-4,2.7]
[1.275,-4,2.7]
[1.275,-4,2.7]
[1.275,-4,2.7]
[1.275,-4,2.7]
[1.275,-4,2.7]
[1,0,0,0]
[1,0,0,0]
[1,0,0,0]
[1,0,0,0]
[1,0,0,0]
[1,0,0,0]
[1,0,0,0]
[1,0,0,0]
[1,0,0,0]
[1,0,0,0]
[1,0,0,0]
[1,0,0,0]
[1,0,0,0]
[1,0,0,0]
[1,0,0,0]
[1,0,0,0]
[1,0,0,0]
[1,0,0,0]
[1,0,0,0]
[1,0,0,0]
[1,0,0,0]
[1,0,0,0]
[1,0,0,0]
[1,0,0,0]
[1,0,0,0]
[1,0,0,0]
[1,0,0,0]
[1,0,0,0]
[1,0,0,0]
[1,0,0,0]
[1,0,0,0]
[1,0,0,0]
[1,0,0,0]
[1,0,0,0]
[1,0,0,0]
[1,0,0,0]
[1,0,0,0]
[1,0,0,0]
[1,0,0,0]
[1,0,0,0]
[1,0,0,0]
[1,0,0,0]
[1,0,0,0]
[1,0,0,0]
[1,0,0,0]
[1,0,0,0]
[1,0,0,0]
[1,0,0,0]
[1,0,0,0]
[1,0,0,0]
[1,0,0,0]
[1,0,0,0]
[1,0,0,0]
[1,0,0,0]
[1,0,0,0]
[1,0,0,0]
[1,0,0,0]
[1,0,0,0]
[1,0,0,0]
[1,0,0,0]
[1,0,0,0]
[1,0,0,0]
[1,0,0,0]
[1,0,0,0]
[1,0,0,0]
[1,0,0,0]
[1,0,0,0]
[1,0,0,0]
[1,0,0,0]
[1,0,0,0]
[1,0,0,0]
[1,0,0,0]
[1,0,0,0]
[1,0,0,0]
[1,0,0,0]
[1,0,0,0]
[1,0,0,0]
[1,0,0,0]
[1,0,0,0]
[1,0,0,0]
[1,0,0,0]
[1,0,0,0]
[1,0,0,0]
[1,0,0,0]
[1,0,0,0]
[1,0,0,0]
[1,0,0,0]
[1,0,0,0]
[1,0,0,0]
[1,0,0,0]
[1,0,0,0]
[1,0,0,0]
[1,0,0,0]
[1,0,0,0]
[1,0,0,0]
[1,0,0,0]
[1,0,0,0]
[1,0,0,0]
[1,0,0,0]
[1,0,0,0]
[1,0,0,0]
[1,0,0,0]
[1,0,0,0]
[1,0,0,0]
[1,0,0,0]
[1,0,0,0]
[1,0,0,0]
[1,0,0,0]
[1,0,0,0]
[1,0,0,0]
[1,0,0,0]
[1,0,0,0]
[1,0,0,0]
[1,0,0,0]
[1,0,0,0]
[1,0,0,0]
[1,0,0,0]
[1,0,0,0]
[1,0,0,0]
[1,0,0,0]
[1,0,0,0]
[1,0,0,0]
[1,0,0,0]
[1,0,0,0]
[1,0,0,0]
[1,0,0,0]
[1,0,0,0]
[1,0,0,0]
[1,0,0,0]
[1,0,0,0]
[1,0,0,0]
[1,0,0,0]
[1,0,0,0]
[1,0,0,0]
[1,0,0,0]
[1,0,0,0]
[1,0,0,0]
[1,0,0,0]
[1,0,0,0]
[1,0,0,0]
[1,0,0,0]
[1,0,0,0]
[1,0,0,0]
[1,0,0,0]
[1,0,0,0]
[1,0,0,0]
[1,0,0,0]
[1,0,0,0]
[1,0,0,0]
[1,0,0,0]
[1,0,0,0]
[1,0,0,0]
[1,0,0,0]
[1,0,0,0]
[1,0,0,0]
[1,0,0,0]
[1,0,0,0]
[1,0,0,0]
[1,0,0,0]
[1,0,0,0]
