160
20
[-0.563,-5,-17.1]
[-0.563,-5,-17.1]
[-0.563,-5,-17.1]
[-0.563,-5,-17.1]
[-0.563,-5,-17.1]
[-0.563,-5,-17.1]
[-0.563,-5,-17.1]
[-0.563,-5,-17.1]
[-0.563,-5,-17.1]
[-0.563,-5,-17.1]
[-0.563,-5,-17.1]
[-0.563,-5,-17.1]
[-0.563,-5,-17.1]
[-0.563,-5,-17.1]
[-0.563,-5,-17.1]
[-0.563,-5,-17.1]
[-0.563,-5,-17.1]
[-0.563,-5,-17.1]
[-0.563,-5,-17.1]
[-0.563,-5,-17.1]
[-0.563,-5,-17.1]
[-0.563,-5,-17.1]
[-0.563,-5,-17.1]
[-0.563,-5,-17.1]
[-0.563,-5,-17.1]
[-0.563,-5,-17.1]
[-0.563,-5,-17.1]
[-0.563,-5,-17.1]
[-0.563,-5,-17.1]
[-0.563,-5,-17.1]
[-0.563,-5,-17.1]
[-0.563,-5,-17.1]
[-0.563,-5,-17.1]
[-0.563,-5,-17.1]
[-0.563,-5,-17.1]
[-0.563,-5,-17.1]
[-0.563,-5,-17.1]
[-0.563,-5,-17.1]
[-0.563,-5,-17.1]
[-0.563,-5,-17.1]
[-0.563,-5,-17.1]
[-0.563,-5,-17.1]
[-0.563,-5,-17.1]
[-0.563,-5,-17.1]
[-0.563,-5,-17.1]
[-0.563,-5,-17.1]
[-0.563,-5,-17.1]
[-0.563,-5,-17.1]
[-0.563,-5,-17.1]
[-0.563,-5,-17.1]
[-0.563,-5,-17.1]
[-0.563,-5,-17.1]
[-0.563,-5,-17.1]
[-0.563,-5,-17.1]
[-0.563,-5,-17.1]
[-0.563,-5,-17.1]
[-0.563,-5,-17.1]
[-0.563,-5,-17.1]
[-0.563,-5,-17.1]
[-0.563,-5,-17.1]
[-0.563,-5.31,-17.1]
[-0.563,-5.62,-17.1]
[-0.563,-5.93,-17.1]
[-0.563,-6.24,-17.1]
[-0.563,-6.55,-17.1]
[-0.563,-6.86,-17.1]
[-0.563,-7.17,-17.1]
[-0.563,-7.48,-17.1]
[-0.563,-7.79,-17.1]
[-0.563,-8.1,-17.1]
[-0.563,-8.41,-17.1]
[-0.563,-8.72,-17.1]
[-0.563,-9.03,-17.1]
[-0.563,-9.34,-17.1]
[-0.563,-9.65,-17.1]
[-0.563,-9.96,-17.1]
[-0.563,-10.27,-17.1]
[-0.563,-10.58,-17.1]
[-0.563,-10.89,-17.1]
[-0.563,-11.2,-17.1]
[-0.563,-11.2,-17.1]
[-0.563,-11.2,-17.1]
[-0.563,-11.2,-17.1]
[-0.563,-11.2,-17.1]
[-0.563,-11.2,-17.1]
[-0.563,-11.2,-17.1]
[-0.563,-11.2,-17.1]
[-0.563,-11.2,-17.1]
[-0.563,-11.2,-17.1]
[-0.563,-11.2,-17.1]
[-0.563,-11.2,-17.1]
[-0.563,-11.2,-17.1]
[-0.563,-11.2,-17.1]
[-0.563,-11.2,-17.1]
[-0.563,-11.2,-17.1]
[-0.563,-11.2,-17.1]
[-0.563,-11.2,-17.1]
[-0.563,-11.2,-17.1]
[-0.563,-11.2,-17.1]
[-0.563,-11.2,-17.1]
[-0.563,-11.2,-17.1]
[-0.563,-11.2,-17.1]
[-0.563,-11.2,-17.1]
[-0.563,-11.2,-17.1]
[-0.563,-11.2,-17.1]
[-0.563,-11.2,-17.1]
[-0.563,-11.2,-17.1]
[-0.563,-11.2,-17.1]
[-0.563,-11.2,-17.1]
[-0.563,-11.2,-17.1]
[-0.563,-10.7571,-17.1]
[-0.563,-10.3143,-17.1]
[-0.563,-9.87143,-17.1]
[-0.563,-9.42857,-17.1]
[-0.563,-8.98571,-17.1]
[-0.563,-8.54286,-17.1]
[-0.563,-8.1,-17.1]
[-0.563,-7.65714,-17.1]
[-0.563,-7.21429,-17.1]
[-0.563,-6.77143,-17.1]
[-0.563,-6.32857,-17.1]
[-0.563,-5.88571,-17.1]
[-0.563,-5.44286,-17.1]
[-0.563,-5,-17.1]
[-0.563,-5,-17.1]
[-0.563,-5,-17.1]
[-0.563,-5,-17.1]
[-0.563,-5,-17.1]
[-0.563,-5,-17.1]
[-0.563,-5,-17.1]
[-0.563,-5,-17.1]
[-0.563,-5,-17.1]
[-0.563,-5,-17.1]
[-0.563,-5,-17.1]
[-0.563,-5,-17.1]
[-0.563,-5,-17.1]
[-0.563,-5,-17.1]
[-0.563,-5,-17.1]
[-0.563,-5,-17.1]
[-0.563,-5,-17.1]
[-0.563,-5,-17.1]
[-0.563,-5,-17.1]
[-0.563,-5,-17.1]
[-0.563,-5,-17.1]
[-0.563,-5,-17.1]
[-0.563,-5,-17.1]
[-0.563,-5,-17.1]
[-0.563,-5,-17.1]
[-0.563,-5,-17.1]
[-0.563,-5,-17.1]
[-0.563,-5,-17.1]
[-0.563,-5,-17.1]
[-0.563,-5,-17.1]
[-0.563,-5,-17.1]
[-0.563,-5,-17.1]
[-0.563,-5,-17.1]
[-0.563,-5,-17.1]
[-0.563,-5,-17.1]
[-0.563,-5,-17.1]
[-0.563,-5,-17.1]
[1,0,0,0]
[1,0,0,0]
[1,0,0,0]
[1,0,0,0]
[1,0,0,0]
[1,0,0,0]
[1,0,0,0]
[1,0,0,0]
[1,0,0,0]
[1,0,0,0]
[1,0,0,0]
[1,0,0,0]
[1,0,0,0]
[1,0,0,0]
[1,0,0,0]
[1,0,0,0]
[1,0,0,0]
[1,0,0,0]
[1,0,0,0]
[1,0,0,0]
[1,0,0,0]
[1,0,0,0]
[1,0,0,0]
[1,0,0,0]
[1,0,0,0]
[1,0,0,0]
[1,0,0,0]
[1,0,0,0]
[1,0,0,0]
[1,0,0,0]
[1,0,0,0]
[1,0,0,0]
[1,0,0,0]
[1,0,0,0]
[1,0,0,0]
[1,0,0,0]
[1,0,0,0]
[1,0,0,0]
[1,0,0,0]
[1,0,0,0]
[1,0,0,0]
[1,0,0,0]
[1,0,0,0]
[1,0,0,0]
[1,0,0,0]
[1,0,0,0]
[1,0,0,0]
[1,0,0,0]
[1,0,0,0]
[1,0,0,0]
[1,0,0,0]
[1,0,0,0]
[1,0,0,0]
[1,0,0,0]
[1,0,0,0]
[1,0,0,0]
[1,0,0,0]
[1,0,0,0]
[1,0,0,0]
[1,0,0,0]
[1,0,0,0]
[1,0,0,0]
[1,0,0,0]
[1,0,0,0]
[1,0,0,0]
[1,0,0,0]
[1,0,0,0]
[1,0,0,0]
[1,0,0,0]
[1,0,0,0]
[1,0,0,0]
[1,0,0,0]
[1,0,0,0]
[1,0,0,0]
[1,0,0,0]
[1,0,0,0]
[1,0,0,0]
[1,0,0,0]
[1,0,0,0]
[1,0,0,0]
[1,0,0,0]
[1,0,0,0]
[1,0,0,0]
[1,0,0,0]
[1,0,0,0]
[1,0,0,0]
[1,0,0,0]
[1,0,0,0]
[1,0,0,0]
[1,0,0,0]
[1,0,0,0]
[1,0,0,0]
[1,0,0,0]
[1,0,0,0]
[1,0,0,0]
[1,0,0,0]
[1,0,0,0]
[1,0,0,0]
[1,0,0,0]
[1,0,0,0]
[1,0,0,0]
[1,0,0,0]
[1,0,0,0]
[1,0,0,0]
[1,0,0,0]
[1,0,0,0]
[1,0,0,0]
[1,0,0,0]
[1,0,0,0]
[1,0,0,0]
[1,0,0,0]
[1,0,0,0]
[1,0,0,0]
[1,0,0,0]
[1,0,0,0]
[1,0,0,0]
[1,0,0,0]
[1,0,0,0]
[1,0,0,0]
[1,0,0,0]
[1,0,0,0]
[1,0,0,0]
[1,0,0,0]
[1,0,0,0]
[1,0,0,0]
[1,0,0,0]
[1,0,0,0]
[1,0,0,0]
[1,0,0,0]
[1,0,0,0]
[1,0,0,0]
[1,0,0,0]
[1,0,0,0]
[1,0,0,0]
[1,0,0,0]
[1,0,0,0]
[1,0,0,0]
[1,0,0,0]
[1,0,0,0]
[1,0,0,0]
[1,0,0,0]
[1,0,0,0]
[1,0,0,0]
[1,0,0,0]
[1,0,0,0]
[1,0,0,0]
[1,0,0,0]
[1,0,0,0]
[1,0,0,0]
[1,0,0,0]
[1,0,0,0]
[1,0,0,0]
[1,0,0,0]
[1,0,0,0]
[1,0,0,0]
[1,0,0,0]
[1,0,0,0]
[1,0,0,0]
[1,0,0,0]
[1,0,0,0]
