149
20
[-0.563,-2.3,-17.1]
[-0.563,-2.3,-17.1]
[-0.563,-2.3,-17.1]
[-0.563,-2.3,-17.1]
[-0.563,-2.3,-17.1]
[-0.563,-2.3,-17.1]
[-0.563,-2.3,-17.1]
[-0.563,-2.3,-17.1]
[-0.563,-2.3,-17.1]
[-0.563,-2.3,-17.1]
[-0.563,-2.3,-17.1]
[-0.563,-2.3,-17.1]
[-0.563,-2.3,-17.1]
[-0.563,-2.3,-17.1]
[-0.563,-2.3,-17.1]
[-0.563,-2.3,-17.1]
[-0.563,-2.3,-17.1]
[-0.563,-2.3,-17.1]
[-0.563,-2.3,-17.1]
[-0.563,-2.3,-17.1]
[-0.563,-2.3,-17.1]
[-0.563,-2.3,-17.1]
[-0.563,-2.3,-17.1]
[-0.563,-2.3,-17.1]
[-0.563,-2.3,-17.1]
[-0.563,-2.3,-17.1]
[-0.563,-2.3,-17.1]
[-0.563,-2.3,-17.1]
[-0.563,-2.3,-17.1]
[-0.563,-2.3,-17.1]
[-0.563,-2.3,-17.1]
[-0.563,-2.3,-17.1]
[-0.563,-2.3,-17.1]
[-0.563,-2.3,-17.1]
[-0.563,-2.3,-17.1]
[-0.563,-2.3,-17.1]
[-0.563,-2.3,-17.1]
[-0.563,-2.3,-17.1]
[-0.563,-2.3,-17.1]
[-0.563,-2.3,-17.1]
[-0.563,-2.3,-17.1]
[-0.563,-2.3,-17.1]
[-0.563,-2.3,-17.1]
[-0.563,-2.3,-17.1]
[-0.563,-2.3,-17.1]
[-0.563,-2.3,-17.1]
[-0.563,-2.3,-17.1]
[-0.563,-2.3,-17.1]
[-0.563,-2.3,-17.1]
[-0.563,-2.3,-17.1]
[-0.563,-2.6254,-17.1]
[-0.563,-2.9508,-17.1]
[-0.563,-3.2762,-17.1]
[-0.563,-3.6016,-17.1]
[-0.563,-3.927,-17.1]
[-0.563,-4.2524,-17.1]
[-0.563,-4.5778,-17.1]
[-0.563,-4.9032,-17.1]
[-0.563,-5.2286,-17.1]
[-0.563,-5.554,-17.1]
[-0.563,-5.8794,-17.1]
[-0.563,-6.2048,-17.1]
[-0.563,-6.5302,-17.1]
[-0.563,-6.8556,-17.1]
[-0.563,-7.181,-17.1]
[-0.563,-7.5064,-17.1]
[-0.563,-7.8318,-17.1]
[-0.563,-8.1572,-17.1]
[-0.563,-8.4826,-17.1]
[-0.563,-8.808,-17.1]
[-0.563,-9.1334,-17.1]
[-0.563,-9.4588,-17.1]
[-0.563,-9.7842,-17.1]
[-0.563,-10.1096,-17.1]
[-0.563,-10.435,-17.1]
[-0.563,-10.435,-17.1]
[-0.563,-10.435,-17.1]
[-0.563,-10.435,-17.1]
[-0.563,-10.435,-17.1]
[-0.563,-10.435,-17.1]
[-0.563,-10.435,-17.1]
[-0.563,-10.435,-17.1]
[-0.563,-10.435,-17.1]
[-0.563,-10.435,-17.1]
[-0.563,-10.435,-17.1]
[-0.563,-10.435,-17.1]
[-0.563,-10.435,-17.1]
[-0.563,-10.435,-17.1]
[-0.563,-10.435,-17.1]
[-0.563,-10.435,-17.1]
[-0.563,-10.435,-17.1]
[-0.563,-10.435,-17.1]
[-0.563,-10.435,-17.1]
[-0.563,-10.435,-17.1]
[-0.563,-10.435,-17.1]
[-0.563,-10.435,-17.1]
[-0.563,-10.435,-17.1]
[-0.563,-10.435,-17.1]
[-0.563,-10.435,-17.1]
[-0.563,-10.435,-17.1]
[-0.563,-10.435,-17.1]
[-0.563,-10.435,-17.1]
[-0.563,-10.435,-17.1]
[-0.563,-10.435,-17.1]
[-0.563,-10.435,-17.1]
[-0.563,-10.435,-17.1]
[-0.563,-10.435,-17.1]
[-0.563,-10.435,-17.1]
[-0.563,-10.435,-17.1]
[-0.563,-10.0282,-17.1]
[-0.563,-9.6215,-17.1]
[-0.563,-9.21475,-17.1]
[-0.563,-8.808,-17.1]
[-0.563,-8.40125,-17.1]
[-0.563,-7.9945,-17.1]
[-0.563,-7.58775,-17.1]
[-0.563,-7.181,-17.1]
[-0.563,-6.77425,-17.1]
[-0.563,-6.3675,-17.1]
[-0.563,-5.96075,-17.1]
[-0.563,-5.554,-17.1]
[-0.563,-5.14725,-17.1]
[-0.563,-4.7405,-17.1]
[-0.563,-4.33375,-17.1]
[-0.563,-3.927,-17.1]
[-0.563,-3.52025,-17.1]
[-0.563,-3.1135,-17.1]
[-0.563,-2.70675,-17.1]
[-0.563,-2.3,-17.1]
[-0.563,-2.3,-17.1]
[-0.563,-2.3,-17.1]
[-0.563,-2.3,-17.1]
[-0.563,-2.3,-17.1]
[-0.563,-2.3,-17.1]
[-0.563,-2.3,-17.1]
[-0.563,-2.3,-17.1]
[-0.563,-2.3,-17.1]
[-0.563,-2.3,-17.1]
[-0.563,-2.3,-17.1]
[-0.563,-2.3,-17.1]
[-0.563,-2.3,-17.1]
[-0.563,-2.3,-17.1]
[-0.563,-2.3,-17.1]
[-0.563,-2.3,-17.1]
[-0.563,-2.3,-17.1]
[-0.563,-2.3,-17.1]
[-0.563,-2.3,-17.1]
[-0.563,-2.3,-17.1]
[-0.563,-2.3,-17.1]
[1,0,0,0]
[1,0,0,0]
[1,0,0,0]
[1,0,0,0]
[1,0,0,0]
[1,0,0,0]
[1,0,0,0]
[1,0,0,0]
[1,0,0,0]
[1,0,0,0]
[1,0,0,0]
[1,0,0,0]
[1,0,0,0]
[1,0,0,0]
[1,0,0,0]
[1,0,0,0]
[1,0,0,0]
[1,0,0,0]
[1,0,0,0]
[1,0,0,0]
[1,0,0,0]
[1,0,0,0]
[1,0,0,0]
[1,0,0,0]
[1,0,0,0]
[1,0,0,0]
[1,0,0,0]
[1,0,0,0]
[1,0,0,0]
[1,0,0,0]
[1,0,0,0]
[1,0,0,0]
[1,0,0,0]
[1,0,0,0]
[1,0,0,0]
[1,0,0,0]
[1,0,0,0]
[1,0,0,0]
[1,0,0,0]
[1,0,0,0]
[1,0,0,0]
[1,0,0,0]
[1,0,0,0]
[1,0,0,0]
[1,0,0,0]
[1,0,0,0]
[1,0,0,0]
[1,0,0,0]
[1,0,0,0]
[1,0,0,0]
[1,0,0,0]
[1,0,0,0]
[1,0,0,0]
[1,0,0,0]
[1,0,0,0]
[1,0,0,0]
[1,0,0,0]
[1,0,0,0]
[1,0,0,0]
[1,0,0,0]
[1,0,0,0]
[1,0,0,0]
[1,0,0,0]
[1,0,0,0]
[1,0,0,0]
[1,0,0,0]
[1,0,0,0]
[1,0,0,0]
[1,0,0,0]
[1,0,0,0]
[1,0,0,0]
[1,0,0,0]
[1,0,0,0]
[1,0,0,0]
[1,0,0,0]
[1,0,0,0]
[1,0,0,0]
[1,0,0,0]
[1,0,0,0]
[1,0,0,0]
[1,0,0,0]
[1,0,0,0]
[1,0,0,0]
[1,0,0,0]
[1,0,0,0]
[1,0,0,0]
[1,0,0,0]
[1,0,0,0]
[1,0,0,0]
[1,0,0,0]
[1,0,0,0]
[1,0,0,0]
[1,0,0,0]
[1,0,0,0]
[1,0,0,0]
[1,0,0,0]
[1,0,0,0]
[1,0,0,0]
[1,0,0,0]
[1,0,0,0]
[1,0,0,0]
[1,0,0,0]
[1,0,0,0]
[1,0,0,0]
[1,0,0,0]
[1,0,0,0]
[1,0,0,0]
[1,0,0,0]
[1,0,0,0]
[1,0,0,0]
[1,0,0,0]
[1,0,0,0]
[1,0,0,0]
[1,0,0,0]
[1,0,0,0]
[1,0,0,0]
[1,0,0,0]
[1,0,0,0]
[1,0,0,0]
[1,0,0,0]
[1,0,0,0]
[1,0,0,0]
[1,0,0,0]
[1,0,0,0]
[1,0,0,0]
[1,0,0,0]
[1,0,0,0]
[1,0,0,0]
[1,0,0,0]
[1,0,0,0]
[1,0,0,0]
[1,0,0,0]
[1,0,0,0]
[1,0,0,0]
[1,0,0,0]
[1,0,0,0]
[1,0,0,0]
[1,0,0,0]
[1,0,0,0]
[1,0,0,0]
[1,0,0,0]
[1,0,0,0]
[1,0,0,0]
[1,0,0,0]
[1,0,0,0]
[1,0,0,0]
[1,0,0,0]
[1,0,0,0]
[1,0,0,0]
