160
20
[1.275,-4,3.1]
[1.275,-4,3.1]
[1.275,-4,3.1]
[1.275,-4,3.1]
[1.275,-4,3.1]
[1.275,-4,3.1]
[1.275,-4,3.1]
[1.275,-4,3.1]
[1.275,-4,3.1]
[1.275,-4,3.1]
[1.275,-4,3.1]
[1.275,-4,3.1]
[1.275,-4,3.1]
[1.275,-4,3.1]
[1.275,-4,3.1]
[1.275,-4,3.1]
[1.275,-4,3.1]
[1.275,-4,3.1]
[1.275,-4,3.1]
[1.275,-4,3.1]
[1.275,-4,3.03]
[1.275,-4,2.96]
[1.275,-4,2.89]
[1.275,-4,2.82]
[1.275,-4,2.75]
[1.275,-4,2.68]
[1.275,-4,2.61]
[1.275,-4,2.54]
[1.275,-4,2.47]
[1.275,-4,2.4]
[1.275,-4,2.4]
[1.275,-4,2.4]
[1.275,-4,2.4]
[1.275,-4,2.4]
[1.275,-4,2.4]
[1.275,-4,2.4]
[1.275,-4,2.4]
[1.275,-4,2.4]
[1.275,-4,2.4]
[1.275,-4,2.4]
[1.275,-4,2.4]
[1.275,-4,2.4]
[1.275,-4,2.4]
[1.275,-4,2.4]
[1.275,-4,2.4]
[1.275,-4,2.4]
[1.275,-4,2.4]
[1.275,-4,2.4]
[1.275,-4,2.4]
[1.275,-4,2.4]
[1.275,-4,2.4]
[1.275,-4,2.4]
[1.275,-4,2.4]
[1.275,-4,2.4]
[1.275,-4,2.4]
[1.275,-4,2.4]
[1.275,-4,2.4]
[1.275,-4,2.4]
[1.275,-4,2.4]
[1.275,-4,2.4]
[1.275,-4,2.4]
[1.275,-4,2.4]
[1.275,-4,2.4]
[1.275,-4,2.4]
[1.275,-4,2.4]
[1.275,-4,2.4]
[1.275,-4,2.4]
[1.275,-4,2.4]
[1.275,-4,2.4]
[1.275,-4,2.4]
[1.275,-4,2.4]
[1.275,-4,2.4]
[1.275,-4,2.4]
[1.275,-4,2.4]
[1.275,-4,2.4]
[1.275,-4,2.4]
[1.275,-4,2.4]
[1.275,-4,2.4]
[1.275,-4,2.4]
[1.275,-4,2.4]
[1.275,-4,2.4]
[1.275,-4,2.4]
[1.275,-4,2.4]
[1.275,-4,2.4]
[1.275,-4,2.4]
[1.275,-4,2.4]
[1.275,-4,2.4]
[1.275,-4,2.4]
[1.275,-4,2.4]
[1.275,-4,2.4]
[1.275,-4,2.4]
[1.275,-4,2.4]
[1.275,-4,2.4]
[1.275,-4,2.4]
[1.275,-4,2.4]
[1.275,-4,2.4]
[1.275,-4,2.4]
[1.275,-4,2.4]
[1.275,-4,2.4]
[1.275,-4,2.4]
[1.275,-4,2.4]
[1.275,-4,2.4]
[1.275,-4,2.4]
[1.275,-4,2.4]
[1.275,-4,2.4]
[1.275,-4,2.4]
[1.275,-4,2.4]
[1.275,-4,2.4]
[1.275,-4,2.4]
[1.275,-4,2.4]
[1.275,-4,2.4]
[1.275,-4,2.4]
[1.275,-4,2.4]
[1.275,-4,2.4]
[1.275,-4,2.4]
[1.275,-4,2.4]
[1.275,-4,2.4]
[1.275,-4,2.4]
[1.275,-4,2.4]
[1.275,-4,2.4]
[1.275,-4,2.435]
[1.275,-4,2.47]
[1.275,-4,2.505]
[1.275,-4,2.54]
[1.275,-4,2.575]
[1.275,-4,2.61]
[1.275,-4,2.645]
[1.275,-4,2.68]
[1.275,-4,2.715]
[1.275,-4,2.75]
[1.275,-4,2.785]
[1.275,-4,2.82]
[1.275,-4,2.855]
[1.275,-4,2.89]
[1.275,-4,2.925]
[1.275,-4,2.96]
[1.275,-4,2.995]
[1.275,-4,3.03]
[1.275,-4,3.065]
[1.275,-4,3.1]
[1.275,-4,3.1]
[1.275,-4,3.1]
[1.275,-4,3.1]
[1.275,-4,3.1]
[1.275,-4,3.1]
[1.275,-4,3.1]
[1.275,-4,3.1]
[1.275,-4,3.1]
[1.275,-4,3.1]
[1.275,-4,3.1]
[1.275,-4,3.1]
[1.275,-4,3.1]
[1.275,-4,3.1]
[1.275,-4,3.1]
[1.275,-4,3.1]
[1.275,-4,3.1]
[1.275,-4,3.1]
[1.275,-4,3.1]
[1.275,-4,3.1]
[1.275,-4,3.1]
[1,0,0,0]
[1,0,0,0]
[1,0,0,0]
[1,0,0,0]
[1,0,0,0]
[1,0,0,0]
[1,0,0,0]
[1,0,0,0]
[1,0,0,0]
[1,0,0,0]
[1,0,0,0]
[1,0,0,0]
[1,0,0,0]
[1,0,0,0]
[1,0,0,0]
[1,0,0,0]
[1,0,0,0]
[1,0,0,0]
[1,0,0,0]
[1,0,0,0]
[1,0,0,0]
[1,0,0,0]
[1,0,0,0]
[1,0,0,0]
[1,0,0,0]
[1,0,0,0]
[1,0,0,0]
[1,0,0,0]
[1,0,0,0]
[1,0,0,0]
[1,0,0,0]
[1,0,0,0]
[1,0,0,0]
[1,0,0,0]
[1,0,0,0]
[1,0,0,0]
[1,0,0,0]
[1,0,0,0]
[1,0,0,0]
[1,0,0,0]
[1,0,0,0]
[1,0,0,0]
[1,0,0,0]
[1,0,0,0]
[1,0,0,0]
[1,0,0,0]
[1,0,0,0]
[1,0,0,0]
[1,0,0,0]
[1,0,0,0]
[1,0,0,0]
[1,0,0,0]
[1,0,0,0]
[1,0,0,0]
[1,0,0,0]
[1,0,0,0]
[1,0,0,0]
[1,0,0,0]
[1,0,0,0]
[1,0,0,0]
[1,0,0,0]
[1,0,0,0]
[1,0,0,0]
[1,0,0,0]
[1,0,0,0]
[1,0,0,0]
[1,0,0,0]
[1,0,0,0]
[1,0,0,0]
[1,0,0,0]
[1,0,0,0]
[1,0,0,0]
[1,0,0,0]
[1,0,0,0]
[1,0,0,0]
[1,0,0,0]
[1,0,0,0]
[1,0,0,0]
[1,0,0,0]
[1,0,0,0]
[1,0,0,0]
[1,0,0,0]
[1,0,0,0]
[1,0,0,0]
[1,0,0,0]
[1,0,0,0]
[1,0,0,0]
[1,0,0,0]
[1,0,0,0]
[1,0,0,0]
[1,0,0,0]
[1,0,0,0]
[1,0,0,0]
[1,0,0,0]
[1,0,0,0]
[1,0,0,0]
[1,0,0,0]
[1,0,0,0]
[1,0,0,0]
[1,0,0,0]
[1,0,0,0]
[1,0,0,0]
[1,0,0,0]
[1,0,0,0]
[1,0,0,0]
[1,0,0,0]
[1,0,0,0]
[1,0,0,0]
[1,0,0,0]
[1,0,0,0]
[1,0,0,0]
[1,0,0,0]
[1,0,0,0]
[1,0,0,0]
[1,0,0,0]
[1,0,0,0]
[1,0,0,0]
[1,0,0,0]
[1,0,0,0]
[1,0,0,0]
[1,0,0,0]
[1,0,0,0]
[1,0,0,0]
[1,0,0,0]
[1,0,0,0]
[1,0,0,0]
[1,0,0,0]
[1,0,0,0]
[1,0,0,0]
[1,0,0,0]
[1,0,0,0]
[1,0,0,0]
[1,0,0,0]
[1,0,0,0]
[1,0,0,0]
[1,0,0,0]
[1,0,0,0]
[1,0,0,0]
[1,0,0,0]
[1,0,0,0]
[1,0,0,0]
[1,0,0,0]
[1,0,0,0]
[1,0,0,0]
[1,0,0,0]
[1,0,0,0]
[1,0,0,0]
[1,0,0,0]
[1,0,0,0]
[1,0,0,0]
[1,0,0,0]
[1,0,0,0]
[1,0,0,0]
[1,0,0,0]
[1,0,0,0]
[1,0,0,0]
[1,0,0,0]
[1,0,0,0]
[1,0,0,0]
[1,0,0,0]
