77
20
[23,-3.4,-1.2]
[23,-3.4,-1.2]
[23,-3.4,-1.2]
[23,-3.4,-1.2]
[23,-3.4,-1.2]
[23,-3.4,-1.2]
[23,-3.4,-1.2]
[23,-3.4,-1.2]
[23,-3.4,-1.2]
[23,-3.4,-1.2]
[23,-3.4,-1.2]
[23,-3.4,-1.2]
[23.01,-3.4,-1.2]
[23.02,-3.4,-1.2]
[23.03,-3.4,-1.2]
[23.04,-3.4,-1.2]
[23.05,-3.4,-1.2]
[23.06,-3.4,-1.2]
[23.07,-3.4,-1.2]
[23.08,-3.4,-1.2]
[23.09,-3.4,-1.2]
[23.1,-3.4,-1.2]
[23.1,-3.4,-1.2]
[23.1,-3.4,-1.2]
[23.1,-3.4,-1.2]
[23.1,-3.4,-1.2]
[23.1,-3.4,-1.2]
[23.1,-3.4,-1.2]
[23.1,-3.4,-1.2]
[23.1,-3.4,-1.2]
[23.1,-3.4,-1.2]
[23.1,-3.4,-1.2]
[23.1,-3.4,-1.2]
[23.1,-3.4,-1.2]
[23.1,-3.4,-1.2]
[23.1,-3.4,-1.2]
[23.1,-3.4,-1.2]
[23.1,-3.4,-1.2]
[23.1,-3.4,-1.2]
[23.1,-3.4,-1.2]
[23.1,-3.4,-1.2]
[23.1,-3.4,-1.2]
[23.1,-3.4,-1.2]
[23.1,-3.4,-1.2]
[23.1,-3.4,-1.2]
[23.1,-3.4,-1.2]
[23.1,-3.4,-1.2]
[23.1,-3.4,-1.2]
[23.1,-3.4,-1.2]
[23.1,-3.4,-1.2]
[23.1,-3.4,-1.2]
[23.1,-3.4,-1.2]
[23.1,-3.4,-1.2]
[23.1,-3.4,-1.2]
[23.1,-3.4,-1.2]
[23.1,-3.4,-1.2]
[23.1,-3.4,-1.2]
[23.1,-3.4,-1.2]
[23.1,-3.4,-1.2]
[23.1,-3.4,-1.2]
[23.1,-3.4,-1.2]
[23.1,-3.4,-1.2]
[23.05,-3.4,-1.2]
[23,-3.4,-1.2]
[23,-3.4,-1.2]
[23,-3.4,-1.2]
[23,-3.4,-1.2]
[23,-3.4,-1.2]
[23,-3.4,-1.2]
[23,-3.4,-1.2]
[23,-3.4,-1.2]
[23,-3.4,-1.2]
[23,-3.4,-1.2]
[23,-3.4,-1.2]
[23,-3.4,-1.2]
[23,-3.4,-1.2]
[23,-3.4,-1.2]
[1,0,0,0]
[1,0,0,0]
[1,0,0,0]
[1,0,0,0]
[1,0,0,0]
[1,0,0,0]
[1,0,0,0]
[1,0,0,0]
[1,0,0,0]
[1,0,0,0]
[1,0,0,0]
[1,0,0,0]
[1,0,0,0]
[1,0,0,0]
[1,0,0,0]
[1,0,0,0]
[1,0,0,0]
[1,0,0,0]
[1,0,0,0]
[1,0,0,0]
[1,0,0,0]
[1,0,0,0]
[1,0,0,0]
[1,0,0,0]
[1,0,0,0]
[1,0,0,0]
[1,0,0,0]
[1,0,0,0]
[1,0,0,0]
[1,0,0,0]
[1,0,0,0]
[1,0,0,0]
[1,0,0,0]
[1,0,0,0]
[1,0,0,0]
[1,0,0,0]
[1,0,0,0]
[1,0,0,0]
[1,0,0,0]
[1,0,0,0]
[1,0,0,0]
[1,0,0,0]
[1,0,0,0]
[1,0,0,0]
[1,0,0,0]
[1,0,0,0]
[1,0,0,0]
[1,0,0,0]
[1,0,0,0]
[1,0,0,0]
[1,0,0,0]
[1,0,0,0]
[1,0,0,0]
[1,0,0,0]
[1,0,0,0]
[1,0,0,0]
[1,0,0,0]
[1,0,0,0]
[1,0,0,0]
[1,0,0,0]
[1,0,0,0]
[1,0,0,0]
[1,0,0,0]
[1,0,0,0]
[1,0,0,0]
[1,0,0,0]
[1,0,0,0]
[1,0,0,0]
[1,0,0,0]
[1,0,0,0]
[1,0,0,0]
[1,0,0,0]
[1,0,0,0]
[1,0,0,0]
[1,0,0,0]
[1,0,0,0]
[1,0,0,0]
