160
20
[1.8,-4.12,-3]
[1.8,-4.12,-3]
[1.8,-4.12,-3]
[1.8,-4.12,-3]
[1.8,-4.12,-3]
[1.8,-4.12,-3]
[1.8,-4.12,-3]
[1.8,-4.12,-3]
[1.8,-4.12,-3]
[1.8,-4.12,-3]
[1.8,-4.12,-3]
[1.8,-4.12,-3]
[1.8,-4.12,-3]
[1.8,-4.12,-3]
[1.8,-4.12,-3]
[1.8,-4.12,-3]
[1.8,-4.12,-3]
[1.8,-4.12,-3]
[1.8,-4.12,-3]
[1.8,-4.12,-3]
[1.8,-4.12,-2.9825]
[1.8,-4.12,-2.965]
[1.8,-4.12,-2.9475]
[1.8,-4.12,-2.93]
[1.8,-4.12,-2.9125]
[1.8,-4.12,-2.895]
[1.8,-4.12,-2.8775]
[1.8,-4.12,-2.86]
[1.8,-4.12,-2.8425]
[1.8,-4.12,-2.825]
[1.8,-4.12,-2.8075]
[1.8,-4.12,-2.79]
[1.8,-4.12,-2.7725]
[1.8,-4.12,-2.755]
[1.8,-4.12,-2.7375]
[1.8,-4.12,-2.72]
[1.8,-4.12,-2.7025]
[1.8,-4.12,-2.685]
[1.8,-4.12,-2.6675]
[1.8,-4.12,-2.65]
[1.8,-4.12,-2.65]
[1.8,-4.12,-2.65]
[1.8,-4.12,-2.65]
[1.8,-4.12,-2.65]
[1.8,-4.12,-2.65]
[1.8,-4.12,-2.65]
[1.8,-4.12,-2.65]
[1.8,-4.12,-2.65]
[1.8,-4.12,-2.65]
[1.8,-4.12,-2.65]
[1.8,-4.12,-2.65]
[1.8,-4.12,-2.65]
[1.8,-4.12,-2.65]
[1.8,-4.12,-2.65]
[1.8,-4.12,-2.65]
[1.8,-4.12,-2.65]
[1.8,-4.12,-2.65]
[1.8,-4.12,-2.65]
[1.8,-4.12,-2.65]
[1.8,-4.12,-2.65]
[1.8,-4.12,-2.65]
[1.8,-4.12,-2.65]
[1.8,-4.12,-2.65]
[1.8,-4.12,-2.65]
[1.8,-4.12,-2.65]
[1.8,-4.12,-2.65]
[1.8,-4.12,-2.65]
[1.8,-4.12,-2.65]
[1.8,-4.12,-2.65]
[1.8,-4.12,-2.65]
[1.8,-4.12,-2.65]
[1.8,-4.12,-2.65]
[1.8,-4.12,-2.65]
[1.8,-4.12,-2.65]
[1.8,-4.12,-2.65]
[1.8,-4.12,-2.65]
[1.8,-4.12,-2.65]
[1.8,-4.12,-2.65]
[1.8,-4.12,-2.65]
[1.8,-4.12,-2.65]
[1.8,-4.12,-2.65]
[1.8,-4.12,-2.65]
[1.8,-4.12,-2.65]
[1.8,-4.12,-2.65]
[1.8,-4.12,-2.65]
[1.8,-4.12,-2.65]
[1.8,-4.12,-2.65]
[1.8,-4.12,-2.65]
[1.8,-4.12,-2.65]
[1.8,-4.12,-2.65]
[1.8,-4.12,-2.65]
[1.8,-4.12,-2.65]
[1.8,-4.12,-2.65]
[1.8,-4.12,-2.65]
[1.8,-4.12,-2.65]
[1.8,-4.12,-2.65]
[1.8,-4.12,-2.65]
[1.8,-4.12,-2.65]
[1.8,-4.12,-2.65]
[1.8,-4.12,-2.65]
[1.8,-4.12,-2.65]
[1.8,-4.12,-2.65]
[1.8,-4.12,-2.65]
[1.8,-4.12,-2.65]
[1.8,-4.12,-2.65]
[1.8,-4.12,-2.65]
[1.8,-4.12,-2.65]
[1.8,-4.12,-2.65]
[1.8,-4.12,-2.65]
[1.8,-4.12,-2.65]
[1.8,-4.12,-2.65]
[1.8,-4.12,-2.65]
[1.8,-4.12,-2.65]
[1.8,-4.12,-2.65]
[1.8,-4.12,-2.65]
[1.8,-4.12,-2.65]
[1.8,-4.12,-2.65]
[1.8,-4.12,-2.65]
[1.8,-4.12,-2.65]
[1.8,-4.12,-2.65]
[1.8,-4.12,-2.65]
[1.8,-4.12,-2.65]
[1.8,-4.12,-2.65]
[1.8,-4.12,-2.65]
[1.8,-4.12,-2.65]
[1.8,-4.12,-2.65]
[1.8,-4.12,-2.65]
[1.8,-4.12,-2.65]
[1.8,-4.12,-2.65]
[1.8,-4.12,-2.65]
[1.8,-4.12,-2.65]
[1.8,-4.12,-2.65]
[1.8,-4.12,-2.65]
[1.8,-4.12,-2.65]
[1.8,-4.12,-2.65]
[1.8,-4.12,-2.65]
[1.8,-4.12,-2.65]
[1.8,-4.12,-2.65]
[1.8,-4.12,-2.65]
[1.8,-4.12,-2.65]
[1.8,-4.12,-2.6675]
[1.8,-4.12,-2.685]
[1.8,-4.12,-2.7025]
[1.8,-4.12,-2.72]
[1.8,-4.12,-2.7375]
[1.8,-4.12,-2.755]
[1.8,-4.12,-2.7725]
[1.8,-4.12,-2.79]
[1.8,-4.12,-2.8075]
[1.8,-4.12,-2.825]
[1.8,-4.12,-2.8425]
[1.8,-4.12,-2.86]
[1.8,-4.12,-2.8775]
[1.8,-4.12,-2.895]
[1.8,-4.12,-2.9125]
[1.8,-4.12,-2.93]
[1.8,-4.12,-2.9475]
[1.8,-4.12,-2.965]
[1.8,-4.12,-2.9825]
[1.8,-4.12,-3]
[1,0,0,0]
[1,0,0,0]
[1,0,0,0]
[1,0,0,0]
[1,0,0,0]
[1,0,0,0]
[1,0,0,0]
[1,0,0,0]
[1,0,0,0]
[1,0,0,0]
[1,0,0,0]
[1,0,0,0]
[1,0,0,0]
[1,0,0,0]
[1,0,0,0]
[1,0,0,0]
[1,0,0,0]
[1,0,0,0]
[1,0,0,0]
[1,0,0,0]
[1,0,0,0]
[1,0,0,0]
[1,0,0,0]
[1,0,0,0]
[1,0,0,0]
[1,0,0,0]
[1,0,0,0]
[1,0,0,0]
[1,0,0,0]
[1,0,0,0]
[1,0,0,0]
[1,0,0,0]
[1,0,0,0]
[1,0,0,0]
[1,0,0,0]
[1,0,0,0]
[1,0,0,0]
[1,0,0,0]
[1,0,0,0]
[1,0,0,0]
[1,0,0,0]
[1,0,0,0]
[1,0,0,0]
[1,0,0,0]
[1,0,0,0]
[1,0,0,0]
[1,0,0,0]
[1,0,0,0]
[1,0,0,0]
[1,0,0,0]
[1,0,0,0]
[1,0,0,0]
[1,0,0,0]
[1,0,0,0]
[1,0,0,0]
[1,0,0,0]
[1,0,0,0]
[1,0,0,0]
[1,0,0,0]
[1,0,0,0]
[1,0,0,0]
[1,0,0,0]
[1,0,0,0]
[1,0,0,0]
[1,0,0,0]
[1,0,0,0]
[1,0,0,0]
[1,0,0,0]
[1,0,0,0]
[1,0,0,0]
[1,0,0,0]
[1,0,0,0]
[1,0,0,0]
[1,0,0,0]
[1,0,0,0]
[1,0,0,0]
[1,0,0,0]
[1,0,0,0]
[1,0,0,0]
[1,0,0,0]
[1,0,0,0]
[1,0,0,0]
[1,0,0,0]
[1,0,0,0]
[1,0,0,0]
[1,0,0,0]
[1,0,0,0]
[1,0,0,0]
[1,0,0,0]
[1,0,0,0]
[1,0,0,0]
[1,0,0,0]
[1,0,0,0]
[1,0,0,0]
[1,0,0,0]
[1,0,0,0]
[1,0,0,0]
[1,0,0,0]
[1,0,0,0]
[1,0,0,0]
[1,0,0,0]
[1,0,0,0]
[1,0,0,0]
[1,0,0,0]
[1,0,0,0]
[1,0,0,0]
[1,0,0,0]
[1,0,0,0]
[1,0,0,0]
[1,0,0,0]
[1,0,0,0]
[1,0,0,0]
[1,0,0,0]
[1,0,0,0]
[1,0,0,0]
[1,0,0,0]
[1,0,0,0]
[1,0,0,0]
[1,0,0,0]
[1,0,0,0]
[1,0,0,0]
[1,0,0,0]
[1,0,0,0]
[1,0,0,0]
[1,0,0,0]
[1,0,0,0]
[1,0,0,0]
[1,0,0,0]
[1,0,0,0]
[1,0,0,0]
[1,0,0,0]
[1,0,0,0]
[1,0,0,0]
[1,0,0,0]
[1,0,0,0]
[1,0,0,0]
[1,0,0,0]
[1,0,0,0]
[1,0,0,0]
[1,0,0,0]
[1,0,0,0]
[1,0,0,0]
[1,0,0,0]
[1,0,0,0]
[1,0,0,0]
[1,0,0,0]
[1,0,0,0]
[1,0,0,0]
[1,0,0,0]
[1,0,0,0]
[1,0,0,0]
[1,0,0,0]
[1,0,0,0]
[1,0,0,0]
[1,0,0,0]
[1,0,0,0]
[1,0,0,0]
[1,0,0,0]
[1,0,0,0]
[1,0,0,0]
