160
20
[1.95,36.9,2.663]
[1.95,36.9,2.663]
[1.95,36.9,2.663]
[1.95,36.9,2.663]
[1.95,36.9,2.663]
[1.95,36.9,2.663]
[1.95,36.9,2.663]
[1.95,36.9,2.663]
[1.95,36.9,2.663]
[1.95,36.9,2.663]
[1.95,36.9,2.663]
[1.95,36.9,2.663]
[1.95,36.9,2.663]
[1.95,36.9,2.663]
[1.95,36.9,2.663]
[1.95,36.9,2.663]
[1.95,36.9,2.663]
[1.95,36.9,2.663]
[1.95,36.9,2.663]
[1.95,36.9,2.663]
[1.95,36.9,2.663]
[1.95,36.9,2.663]
[1.95,36.9,2.663]
[1.95,36.9,2.663]
[1.95,36.9,2.663]
[1.95,36.9,2.663]
[1.95,36.9,2.663]
[1.95,36.9,2.663]
[1.95,36.9,2.663]
[1.95,36.9,2.663]
[1.95,36.9,2.663]
[1.95,36.9,2.663]
[1.95,36.9,2.663]
[1.95,36.9,2.663]
[1.95,36.9,2.663]
[1.95,36.9,2.663]
[1.95,36.9,2.663]
[1.95,36.9,2.663]
[1.95,36.9,2.663]
[1.95,36.9,2.663]
[2.93825,36.9,2.663]
[3.9265,36.9,2.663]
[4.91475,36.9,2.663]
[5.903,36.9,2.663]
[6.89125,36.9,2.663]
[7.8795,36.9,2.663]
[8.86775,36.9,2.663]
[9.856,36.9,2.663]
[10.8442,36.9,2.663]
[11.8325,36.9,2.663]
[12.8208,36.9,2.663]
[13.809,36.9,2.663]
[14.7972,36.9,2.663]
[15.7855,36.9,2.663]
[16.7737,36.9,2.663]
[17.762,36.9,2.663]
[18.7502,36.9,2.663]
[19.7385,36.9,2.663]
[20.7267,36.9,2.663]
[21.715,36.9,2.663]
[21.715,36.9,2.663]
[21.715,36.9,2.663]
[21.715,36.9,2.663]
[21.715,36.9,2.663]
[21.715,36.9,2.663]
[21.715,36.9,2.663]
[21.715,36.9,2.663]
[21.715,36.9,2.663]
[21.715,36.9,2.663]
[21.715,36.9,2.663]
[21.715,36.9,2.663]
[21.715,36.9,2.663]
[21.715,36.9,2.663]
[21.715,36.9,2.663]
[21.715,36.9,2.663]
[21.715,36.9,2.663]
[21.715,36.9,2.663]
[21.715,36.9,2.663]
[21.715,36.9,2.663]
[21.715,36.9,2.663]
[21.715,36.9,2.663]
[21.715,36.9,2.663]
[21.715,36.9,2.663]
[21.715,36.9,2.663]
[21.715,36.9,2.663]
[21.715,36.9,2.663]
[21.715,36.9,2.663]
[21.715,36.9,2.663]
[21.715,36.9,2.663]
[21.715,36.9,2.663]
[21.715,36.9,2.663]
[21.715,36.9,2.663]
[21.715,36.9,2.663]
[21.715,36.9,2.663]
[21.715,36.9,2.663]
[21.715,36.9,2.663]
[21.715,36.9,2.663]
[21.715,36.9,2.663]
[21.715,36.9,2.663]
[21.715,36.9,2.663]
[21.715,36.9,2.663]
[21.715,36.9,2.663]
[21.715,36.9,2.663]
[21.715,36.9,2.663]
[21.715,36.9,2.663]
[21.715,36.9,2.663]
[21.715,36.9,2.663]
[21.715,36.9,2.663]
[21.715,36.9,2.663]
[21.715,36.9,2.663]
[21.715,36.9,2.663]
[21.715,36.9,2.663]
[21.715,36.9,2.663]
[21.715,36.9,2.663]
[21.715,36.9,2.663]
[21.715,36.9,2.663]
[21.715,36.9,2.663]
[21.715,36.9,2.663]
[21.715,36.9,2.663]
[21.715,36.9,2.663]
[21.715,36.9,2.663]
[21.715,36.9,2.663]
[21.715,36.9,2.663]
[21.715,36.9,2.663]
[21.715,36.9,2.663]
[21.715,36.9,2.663]
[21.715,36.9,2.663]
[21.715,36.9,2.663]
[21.715,36.9,2.663]
[21.715,36.9,2.663]
[21.715,36.9,2.663]
[21.715,36.9,2.663]
[21.715,36.9,2.663]
[21.715,36.9,2.663]
[21.715,36.9,2.663]
[21.715,36.9,2.663]
[21.715,36.9,2.663]
[21.715,36.9,2.663]
[21.715,36.9,2.663]
[21.715,36.9,2.663]
[20.7268,36.9,2.663]
[19.7385,36.9,2.663]
[18.7503,36.9,2.663]
[17.762,36.9,2.663]
[16.7738,36.9,2.663]
[15.7855,36.9,2.663]
[14.7973,36.9,2.663]
[13.809,36.9,2.663]
[12.8208,36.9,2.663]
[11.8325,36.9,2.663]
[10.8443,36.9,2.663]
[9.856,36.9,2.663]
[8.86775,36.9,2.663]
[7.8795,36.9,2.663]
[6.89125,36.9,2.663]
[5.903,36.9,2.663]
[4.91475,36.9,2.663]
[3.9265,36.9,2.663]
[2.93825,36.9,2.663]
[1.95,36.9,2.663]
[1,0,0,0]
[1,0,0,0]
[1,0,0,0]
[1,0,0,0]
[1,0,0,0]
[1,0,0,0]
[1,0,0,0]
[1,0,0,0]
[1,0,0,0]
[1,0,0,0]
[1,0,0,0]
[1,0,0,0]
[1,0,0,0]
[1,0,0,0]
[1,0,0,0]
[1,0,0,0]
[1,0,0,0]
[1,0,0,0]
[1,0,0,0]
[1,0,0,0]
[1,0,0,0]
[1,0,0,0]
[1,0,0,0]
[1,0,0,0]
[1,0,0,0]
[1,0,0,0]
[1,0,0,0]
[1,0,0,0]
[1,0,0,0]
[1,0,0,0]
[1,0,0,0]
[1,0,0,0]
[1,0,0,0]
[1,0,0,0]
[1,0,0,0]
[1,0,0,0]
[1,0,0,0]
[1,0,0,0]
[1,0,0,0]
[1,0,0,0]
[1,0,0,0]
[1,0,0,0]
[1,0,0,0]
[1,0,0,0]
[1,0,0,0]
[1,0,0,0]
[1,0,0,0]
[1,0,0,0]
[1,0,0,0]
[1,0,0,0]
[1,0,0,0]
[1,0,0,0]
[1,0,0,0]
[1,0,0,0]
[1,0,0,0]
[1,0,0,0]
[1,0,0,0]
[1,0,0,0]
[1,0,0,0]
[1,0,0,0]
[1,0,0,0]
[1,0,0,0]
[1,0,0,0]
[1,0,0,0]
[1,0,0,0]
[1,0,0,0]
[1,0,0,0]
[1,0,0,0]
[1,0,0,0]
[1,0,0,0]
[1,0,0,0]
[1,0,0,0]
[1,0,0,0]
[1,0,0,0]
[1,0,0,0]
[1,0,0,0]
[1,0,0,0]
[1,0,0,0]
[1,0,0,0]
[1,0,0,0]
[1,0,0,0]
[1,0,0,0]
[1,0,0,0]
[1,0,0,0]
[1,0,0,0]
[1,0,0,0]
[1,0,0,0]
[1,0,0,0]
[1,0,0,0]
[1,0,0,0]
[1,0,0,0]
[1,0,0,0]
[1,0,0,0]
[1,0,0,0]
[1,0,0,0]
[1,0,0,0]
[1,0,0,0]
[1,0,0,0]
[1,0,0,0]
[1,0,0,0]
[1,0,0,0]
[1,0,0,0]
[1,0,0,0]
[1,0,0,0]
[1,0,0,0]
[1,0,0,0]
[1,0,0,0]
[1,0,0,0]
[1,0,0,0]
[1,0,0,0]
[1,0,0,0]
[1,0,0,0]
[1,0,0,0]
[1,0,0,0]
[1,0,0,0]
[1,0,0,0]
[1,0,0,0]
[1,0,0,0]
[1,0,0,0]
[1,0,0,0]
[1,0,0,0]
[1,0,0,0]
[1,0,0,0]
[1,0,0,0]
[1,0,0,0]
[1,0,0,0]
[1,0,0,0]
[1,0,0,0]
[1,0,0,0]
[1,0,0,0]
[1,0,0,0]
[1,0,0,0]
[1,0,0,0]
[1,0,0,0]
[1,0,0,0]
[1,0,0,0]
[1,0,0,0]
[1,0,0,0]
[1,0,0,0]
[1,0,0,0]
[1,0,0,0]
[1,0,0,0]
[1,0,0,0]
[1,0,0,0]
[1,0,0,0]
[1,0,0,0]
[1,0,0,0]
[1,0,0,0]
[1,0,0,0]
[1,0,0,0]
[1,0,0,0]
[1,0,0,0]
[1,0,0,0]
[1,0,0,0]
[1,0,0,0]
[1,0,0,0]
[1,0,0,0]
[1,0,0,0]
[1,0,0,0]
[1,0,0,0]
