160
20
[-0.563,-4.7,-17.1]
[-0.563,-4.7,-17.1]
[-0.563,-4.7,-17.1]
[-0.563,-4.7,-17.1]
[-0.563,-4.7,-17.1]
[-0.563,-4.7,-17.1]
[-0.563,-4.7,-17.1]
[-0.563,-4.7,-17.1]
[-0.563,-4.7,-17.1]
[-0.563,-4.7,-17.1]
[-0.563,-4.7,-17.1]
[-0.563,-4.7,-17.1]
[-0.563,-4.7,-17.1]
[-0.563,-4.7,-17.1]
[-0.563,-4.7,-17.1]
[-0.563,-4.7,-17.1]
[-0.563,-4.7,-17.1]
[-0.563,-4.7,-17.1]
[-0.563,-4.7,-17.1]
[-0.563,-4.7,-17.1]
[-0.563,-4.7,-17.1]
[-0.563,-4.7,-17.1]
[-0.563,-4.7,-17.1]
[-0.563,-4.7,-17.1]
[-0.563,-4.7,-17.1]
[-0.563,-4.7,-17.1]
[-0.563,-4.7,-17.1]
[-0.563,-4.7,-17.1]
[-0.563,-4.7,-17.1]
[-0.563,-4.7,-17.1]
[-0.563,-4.7,-17.1]
[-0.563,-4.7,-17.1]
[-0.563,-4.7,-17.1]
[-0.563,-4.7,-17.1]
[-0.563,-4.7,-17.1]
[-0.563,-4.7,-17.1]
[-0.563,-4.7,-17.1]
[-0.563,-4.7,-17.1]
[-0.563,-4.7,-17.1]
[-0.563,-4.7,-17.1]
[-0.563,-4.5,-17.1]
[-0.563,-4.3,-17.1]
[-0.563,-4.1,-17.1]
[-0.563,-3.9,-17.1]
[-0.563,-3.7,-17.1]
[-0.563,-3.5,-17.1]
[-0.563,-3.3,-17.1]
[-0.563,-3.1,-17.1]
[-0.563,-2.9,-17.1]
[-0.563,-2.7,-17.1]
[-0.563,-2.8788,-17.1]
[-0.563,-3.0576,-17.1]
[-0.563,-3.2364,-17.1]
[-0.563,-3.4152,-17.1]
[-0.563,-3.594,-17.1]
[-0.563,-3.7728,-17.1]
[-0.563,-3.9516,-17.1]
[-0.563,-4.1304,-17.1]
[-0.563,-4.3092,-17.1]
[-0.563,-4.488,-17.1]
[-0.563,-4.6668,-17.1]
[-0.563,-4.8456,-17.1]
[-0.563,-5.0244,-17.1]
[-0.563,-5.2032,-17.1]
[-0.563,-5.382,-17.1]
[-0.563,-5.5608,-17.1]
[-0.563,-5.7396,-17.1]
[-0.563,-5.9184,-17.1]
[-0.563,-6.0972,-17.1]
[-0.563,-6.276,-17.1]
[-0.563,-6.4548,-17.1]
[-0.563,-6.6336,-17.1]
[-0.563,-6.8124,-17.1]
[-0.563,-6.9912,-17.1]
[-0.563,-7.17,-17.1]
[-0.563,-7.3488,-17.1]
[-0.563,-7.5276,-17.1]
[-0.563,-7.7064,-17.1]
[-0.563,-7.8852,-17.1]
[-0.563,-8.064,-17.1]
[-0.563,-8.2428,-17.1]
[-0.563,-8.4216,-17.1]
[-0.563,-8.6004,-17.1]
[-0.563,-8.7792,-17.1]
[-0.563,-8.958,-17.1]
[-0.563,-9.1368,-17.1]
[-0.563,-9.3156,-17.1]
[-0.563,-9.4944,-17.1]
[-0.563,-9.6732,-17.1]
[-0.563,-9.852,-17.1]
[-0.563,-10.0308,-17.1]
[-0.563,-10.2096,-17.1]
[-0.563,-10.3884,-17.1]
[-0.563,-10.5672,-17.1]
[-0.563,-10.746,-17.1]
[-0.563,-10.9248,-17.1]
[-0.563,-11.1036,-17.1]
[-0.563,-11.2824,-17.1]
[-0.563,-11.4612,-17.1]
[-0.563,-11.64,-17.1]
[-0.563,-11.64,-17.1]
[-0.563,-11.64,-17.1]
[-0.563,-11.64,-17.1]
[-0.563,-11.64,-17.1]
[-0.563,-11.64,-17.1]
[-0.563,-11.64,-17.1]
[-0.563,-11.64,-17.1]
[-0.563,-11.64,-17.1]
[-0.563,-11.64,-17.1]
[-0.563,-11.64,-17.1]
[-0.563,-11.64,-17.1]
[-0.563,-11.64,-17.1]
[-0.563,-11.64,-17.1]
[-0.563,-11.64,-17.1]
[-0.563,-11.64,-17.1]
[-0.563,-11.64,-17.1]
[-0.563,-11.64,-17.1]
[-0.563,-11.64,-17.1]
[-0.563,-11.64,-17.1]
[-0.563,-11.64,-17.1]
[-0.563,-11.64,-17.1]
[-0.563,-11.64,-17.1]
[-0.563,-11.64,-17.1]
[-0.563,-11.64,-17.1]
[-0.563,-11.64,-17.1]
[-0.563,-11.64,-17.1]
[-0.563,-11.64,-17.1]
[-0.563,-11.64,-17.1]
[-0.563,-11.64,-17.1]
[-0.563,-11.64,-17.1]
[-0.563,-11.1928,-17.1]
[-0.563,-10.7455,-17.1]
[-0.563,-10.2983,-17.1]
[-0.563,-9.851,-17.1]
[-0.563,-9.40375,-17.1]
[-0.563,-8.9565,-17.1]
[-0.563,-8.50925,-17.1]
[-0.563,-8.062,-17.1]
[-0.563,-7.61475,-17.1]
[-0.563,-7.1675,-17.1]
[-0.563,-6.72025,-17.1]
[-0.563,-6.273,-17.1]
[-0.563,-5.82575,-17.1]
[-0.563,-5.3785,-17.1]
[-0.563,-4.93125,-17.1]
[-0.563,-4.484,-17.1]
[-0.563,-4.03675,-17.1]
[-0.563,-3.5895,-17.1]
[-0.563,-3.14225,-17.1]
[-0.563,-2.695,-17.1]
[-0.563,-2.8955,-17.1]
[-0.563,-3.096,-17.1]
[-0.563,-3.2965,-17.1]
[-0.563,-3.497,-17.1]
[-0.563,-3.6975,-17.1]
[-0.563,-3.898,-17.1]
[-0.563,-4.0985,-17.1]
[-0.563,-4.299,-17.1]
[-0.563,-4.4995,-17.1]
[-0.563,-4.7,-17.1]
[1,0,0,0]
[1,0,0,0]
[1,0,0,0]
[1,0,0,0]
[1,0,0,0]
[1,0,0,0]
[1,0,0,0]
[1,0,0,0]
[1,0,0,0]
[1,0,0,0]
[1,0,0,0]
[1,0,0,0]
[1,0,0,0]
[1,0,0,0]
[1,0,0,0]
[1,0,0,0]
[1,0,0,0]
[1,0,0,0]
[1,0,0,0]
[1,0,0,0]
[1,0,0,0]
[1,0,0,0]
[1,0,0,0]
[1,0,0,0]
[1,0,0,0]
[1,0,0,0]
[1,0,0,0]
[1,0,0,0]
[1,0,0,0]
[1,0,0,0]
[1,0,0,0]
[1,0,0,0]
[1,0,0,0]
[1,0,0,0]
[1,0,0,0]
[1,0,0,0]
[1,0,0,0]
[1,0,0,0]
[1,0,0,0]
[1,0,0,0]
[1,0,0,0]
[1,0,0,0]
[1,0,0,0]
[1,0,0,0]
[1,0,0,0]
[1,0,0,0]
[1,0,0,0]
[1,0,0,0]
[1,0,0,0]
[1,0,0,0]
[1,0,0,0]
[1,0,0,0]
[1,0,0,0]
[1,0,0,0]
[1,0,0,0]
[1,0,0,0]
[1,0,0,0]
[1,0,0,0]
[1,0,0,0]
[1,0,0,0]
[1,0,0,0]
[1,0,0,0]
[1,0,0,0]
[1,0,0,0]
[1,0,0,0]
[1,0,0,0]
[1,0,0,0]
[1,0,0,0]
[1,0,0,0]
[1,0,0,0]
[1,0,0,0]
[1,0,0,0]
[1,0,0,0]
[1,0,0,0]
[1,0,0,0]
[1,0,0,0]
[1,0,0,0]
[1,0,0,0]
[1,0,0,0]
[1,0,0,0]
[1,0,0,0]
[1,0,0,0]
[1,0,0,0]
[1,0,0,0]
[1,0,0,0]
[1,0,0,0]
[1,0,0,0]
[1,0,0,0]
[1,0,0,0]
[1,0,0,0]
[1,0,0,0]
[1,0,0,0]
[1,0,0,0]
[1,0,0,0]
[1,0,0,0]
[1,0,0,0]
[1,0,0,0]
[1,0,0,0]
[1,0,0,0]
[1,0,0,0]
[1,0,0,0]
[1,0,0,0]
[1,0,0,0]
[1,0,0,0]
[1,0,0,0]
[1,0,0,0]
[1,0,0,0]
[1,0,0,0]
[1,0,0,0]
[1,0,0,0]
[1,0,0,0]
[1,0,0,0]
[1,0,0,0]
[1,0,0,0]
[1,0,0,0]
[1,0,0,0]
[1,0,0,0]
[1,0,0,0]
[1,0,0,0]
[1,0,0,0]
[1,0,0,0]
[1,0,0,0]
[1,0,0,0]
[1,0,0,0]
[1,0,0,0]
[1,0,0,0]
[1,0,0,0]
[1,0,0,0]
[1,0,0,0]
[1,0,0,0]
[1,0,0,0]
[1,0,0,0]
[1,0,0,0]
[1,0,0,0]
[1,0,0,0]
[1,0,0,0]
[1,0,0,0]
[1,0,0,0]
[1,0,0,0]
[1,0,0,0]
[1,0,0,0]
[1,0,0,0]
[1,0,0,0]
[1,0,0,0]
[1,0,0,0]
[1,0,0,0]
[1,0,0,0]
[1,0,0,0]
[1,0,0,0]
[1,0,0,0]
[1,0,0,0]
[1,0,0,0]
[1,0,0,0]
[1,0,0,0]
[1,0,0,0]
[1,0,0,0]
[1,0,0,0]
[1,0,0,0]
[1,0,0,0]
[1,0,0,0]
