160
20
[2.41,36.9,2.663]
[2.41,36.9,2.663]
[2.41,36.9,2.663]
[2.41,36.9,2.663]
[2.41,36.9,2.663]
[2.41,36.9,2.663]
[2.41,36.9,2.663]
[2.41,36.9,2.663]
[2.41,36.9,2.663]
[2.41,36.9,2.663]
[2.41,36.9,2.663]
[2.41,36.9,2.663]
[2.41,36.9,2.663]
[2.41,36.9,2.663]
[2.41,36.9,2.663]
[2.41,36.9,2.663]
[2.41,36.9,2.663]
[2.41,36.9,2.663]
[2.41,36.9,2.663]
[2.41,36.9,2.663]
[2.41,36.9,2.663]
[2.41,36.9,2.663]
[2.41,36.9,2.663]
[2.41,36.9,2.663]
[2.41,36.9,2.663]
[2.41,36.9,2.663]
[2.41,36.9,2.663]
[2.41,36.9,2.663]
[2.41,36.9,2.663]
[2.41,36.9,2.663]
[2.41,36.9,2.663]
[2.41,36.9,2.663]
[2.41,36.9,2.663]
[2.41,36.9,2.663]
[2.41,36.9,2.663]
[2.41,36.9,2.663]
[2.41,36.9,2.663]
[2.41,36.9,2.663]
[2.41,36.9,2.663]
[2.41,36.9,2.663]
[3.40085,36.9,2.663]
[4.3917,36.9,2.663]
[5.38255,36.9,2.663]
[6.3734,36.9,2.663]
[7.36425,36.9,2.663]
[8.3551,36.9,2.663]
[9.34595,36.9,2.663]
[10.3368,36.9,2.663]
[11.3277,36.9,2.663]
[12.3185,36.9,2.663]
[13.3094,36.9,2.663]
[14.3002,36.9,2.663]
[15.2911,36.9,2.663]
[16.2819,36.9,2.663]
[17.2728,36.9,2.663]
[18.2636,36.9,2.663]
[19.2545,36.9,2.663]
[20.2453,36.9,2.663]
[21.2362,36.9,2.663]
[22.227,36.9,2.663]
[22.227,36.9,2.663]
[22.227,36.9,2.663]
[22.227,36.9,2.663]
[22.227,36.9,2.663]
[22.227,36.9,2.663]
[22.227,36.9,2.663]
[22.227,36.9,2.663]
[22.227,36.9,2.663]
[22.227,36.9,2.663]
[22.227,36.9,2.663]
[22.227,36.9,2.663]
[22.227,36.9,2.663]
[22.227,36.9,2.663]
[22.227,36.9,2.663]
[22.227,36.9,2.663]
[22.227,36.9,2.663]
[22.227,36.9,2.663]
[22.227,36.9,2.663]
[22.227,36.9,2.663]
[22.227,36.9,2.663]
[22.227,36.9,2.663]
[22.227,36.9,2.663]
[22.227,36.9,2.663]
[22.227,36.9,2.663]
[22.227,36.9,2.663]
[22.227,36.9,2.663]
[22.227,36.9,2.663]
[22.227,36.9,2.663]
[22.227,36.9,2.663]
[22.227,36.9,2.663]
[22.227,36.9,2.663]
[22.227,36.9,2.663]
[22.227,36.9,2.663]
[22.227,36.9,2.663]
[22.227,36.9,2.663]
[22.227,36.9,2.663]
[22.227,36.9,2.663]
[22.227,36.9,2.663]
[22.227,36.9,2.663]
[22.227,36.9,2.663]
[22.227,36.9,2.663]
[22.227,36.9,2.663]
[22.227,36.9,2.663]
[22.227,36.9,2.663]
[22.227,36.9,2.663]
[22.227,36.9,2.663]
[22.227,36.9,2.663]
[22.227,36.9,2.663]
[22.227,36.9,2.663]
[22.227,36.9,2.663]
[22.227,36.9,2.663]
[22.227,36.9,2.663]
[22.227,36.9,2.663]
[22.227,36.9,2.663]
[22.227,36.9,2.663]
[22.227,36.9,2.663]
[22.227,36.9,2.663]
[22.227,36.9,2.663]
[22.227,36.9,2.663]
[22.227,36.9,2.663]
[22.227,36.9,2.663]
[22.227,36.9,2.663]
[22.227,36.9,2.663]
[22.227,36.9,2.663]
[22.227,36.9,2.663]
[22.227,36.9,2.663]
[22.227,36.9,2.663]
[22.227,36.9,2.663]
[22.227,36.9,2.663]
[22.227,36.9,2.663]
[22.227,36.9,2.663]
[22.227,36.9,2.663]
[22.227,36.9,2.663]
[22.227,36.9,2.663]
[22.227,36.9,2.663]
[22.227,36.9,2.663]
[22.227,36.9,2.663]
[22.227,36.9,2.663]
[22.227,36.9,2.663]
[22.227,36.9,2.663]
[21.2362,36.9,2.663]
[20.2453,36.9,2.663]
[19.2545,36.9,2.663]
[18.2636,36.9,2.663]
[17.2728,36.9,2.663]
[16.2819,36.9,2.663]
[15.2911,36.9,2.663]
[14.3002,36.9,2.663]
[13.3094,36.9,2.663]
[12.3185,36.9,2.663]
[11.3277,36.9,2.663]
[10.3368,36.9,2.663]
[9.34595,36.9,2.663]
[8.3551,36.9,2.663]
[7.36425,36.9,2.663]
[6.3734,36.9,2.663]
[5.38255,36.9,2.663]
[4.3917,36.9,2.663]
[3.40085,36.9,2.663]
[2.41,36.9,2.663]
[1,0,0,0]
[1,0,0,0]
[1,0,0,0]
[1,0,0,0]
[1,0,0,0]
[1,0,0,0]
[1,0,0,0]
[1,0,0,0]
[1,0,0,0]
[1,0,0,0]
[1,0,0,0]
[1,0,0,0]
[1,0,0,0]
[1,0,0,0]
[1,0,0,0]
[1,0,0,0]
[1,0,0,0]
[1,0,0,0]
[1,0,0,0]
[1,0,0,0]
[1,0,0,0]
[1,0,0,0]
[1,0,0,0]
[1,0,0,0]
[1,0,0,0]
[1,0,0,0]
[1,0,0,0]
[1,0,0,0]
[1,0,0,0]
[1,0,0,0]
[1,0,0,0]
[1,0,0,0]
[1,0,0,0]
[1,0,0,0]
[1,0,0,0]
[1,0,0,0]
[1,0,0,0]
[1,0,0,0]
[1,0,0,0]
[1,0,0,0]
[1,0,0,0]
[1,0,0,0]
[1,0,0,0]
[1,0,0,0]
[1,0,0,0]
[1,0,0,0]
[1,0,0,0]
[1,0,0,0]
[1,0,0,0]
[1,0,0,0]
[1,0,0,0]
[1,0,0,0]
[1,0,0,0]
[1,0,0,0]
[1,0,0,0]
[1,0,0,0]
[1,0,0,0]
[1,0,0,0]
[1,0,0,0]
[1,0,0,0]
[1,0,0,0]
[1,0,0,0]
[1,0,0,0]
[1,0,0,0]
[1,0,0,0]
[1,0,0,0]
[1,0,0,0]
[1,0,0,0]
[1,0,0,0]
[1,0,0,0]
[1,0,0,0]
[1,0,0,0]
[1,0,0,0]
[1,0,0,0]
[1,0,0,0]
[1,0,0,0]
[1,0,0,0]
[1,0,0,0]
[1,0,0,0]
[1,0,0,0]
[1,0,0,0]
[1,0,0,0]
[1,0,0,0]
[1,0,0,0]
[1,0,0,0]
[1,0,0,0]
[1,0,0,0]
[1,0,0,0]
[1,0,0,0]
[1,0,0,0]
[1,0,0,0]
[1,0,0,0]
[1,0,0,0]
[1,0,0,0]
[1,0,0,0]
[1,0,0,0]
[1,0,0,0]
[1,0,0,0]
[1,0,0,0]
[1,0,0,0]
[1,0,0,0]
[1,0,0,0]
[1,0,0,0]
[1,0,0,0]
[1,0,0,0]
[1,0,0,0]
[1,0,0,0]
[1,0,0,0]
[1,0,0,0]
[1,0,0,0]
[1,0,0,0]
[1,0,0,0]
[1,0,0,0]
[1,0,0,0]
[1,0,0,0]
[1,0,0,0]
[1,0,0,0]
[1,0,0,0]
[1,0,0,0]
[1,0,0,0]
[1,0,0,0]
[1,0,0,0]
[1,0,0,0]
[1,0,0,0]
[1,0,0,0]
[1,0,0,0]
[1,0,0,0]
[1,0,0,0]
[1,0,0,0]
[1,0,0,0]
[1,0,0,0]
[1,0,0,0]
[1,0,0,0]
[1,0,0,0]
[1,0,0,0]
[1,0,0,0]
[1,0,0,0]
[1,0,0,0]
[1,0,0,0]
[1,0,0,0]
[1,0,0,0]
[1,0,0,0]
[1,0,0,0]
[1,0,0,0]
[1,0,0,0]
[1,0,0,0]
[1,0,0,0]
[1,0,0,0]
[1,0,0,0]
[1,0,0,0]
[1,0,0,0]
[1,0,0,0]
[1,0,0,0]
[1,0,0,0]
[1,0,0,0]
[1,0,0,0]
[1,0,0,0]
[1,0,0,0]
[1,0,0,0]
[1,0,0,0]
