160
20
[-12.407,7.65,-7.588]
[-12.407,7.65,-7.588]
[-12.407,7.65,-7.588]
[-12.407,7.65,-7.588]
[-12.407,7.65,-7.588]
[-12.407,7.65,-7.588]
[-12.407,7.65,-7.588]
[-12.407,7.65,-7.588]
[-12.407,7.65,-7.588]
[-12.407,7.65,-7.588]
[-12.407,7.65,-7.588]
[-12.407,7.65,-7.588]
[-12.407,7.65,-7.588]
[-12.407,7.65,-7.588]
[-12.407,7.65,-7.588]
[-12.407,7.65,-7.588]
[-12.407,7.65,-7.588]
[-12.407,7.65,-7.588]
[-12.407,7.65,-7.588]
[-12.407,7.65,-7.588]
[-12.407,7.65,-7.588]
[-12.407,7.65,-7.588]
[-12.407,7.65,-7.588]
[-12.407,7.65,-7.588]
[-12.407,7.65,-7.588]
[-12.407,7.65,-7.588]
[-12.407,7.65,-7.588]
[-12.407,7.65,-7.588]
[-12.407,7.65,-7.588]
[-12.407,7.65,-7.588]
[-12.407,7.65,-7.588]
[-12.407,7.65,-7.588]
[-12.407,7.65,-7.588]
[-12.407,7.65,-7.588]
[-12.407,7.65,-7.588]
[-12.407,7.65,-7.588]
[-12.407,7.65,-7.588]
[-12.407,7.65,-7.588]
[-12.407,7.65,-7.588]
[-12.407,7.65,-7.588]
[-12.407,7.65,-7.588]
[-12.407,7.65,-7.588]
[-12.407,7.65,-7.588]
[-12.407,7.65,-7.588]
[-12.407,7.65,-7.588]
[-12.407,7.65,-7.588]
[-12.407,7.65,-7.588]
[-12.407,7.65,-7.588]
[-12.407,7.65,-7.588]
[-12.407,7.65,-7.588]
[-12.407,7.65,-7.588]
[-12.407,7.65,-7.588]
[-12.407,7.65,-7.588]
[-12.407,7.65,-7.588]
[-12.407,7.65,-7.588]
[-12.407,7.65,-7.588]
[-12.407,7.65,-7.588]
[-12.407,7.65,-7.588]
[-12.407,7.65,-7.588]
[-12.407,7.65,-7.588]
[-12.407,7.65,-7.75205]
[-12.407,7.65,-7.9161]
[-12.407,7.65,-8.08015]
[-12.407,7.65,-8.2442]
[-12.407,7.65,-8.40825]
[-12.407,7.65,-8.5723]
[-12.407,7.65,-8.73635]
[-12.407,7.65,-8.9004]
[-12.407,7.65,-9.06445]
[-12.407,7.65,-9.2285]
[-12.407,7.65,-9.39255]
[-12.407,7.65,-9.5566]
[-12.407,7.65,-9.72065]
[-12.407,7.65,-9.8847]
[-12.407,7.65,-10.0488]
[-12.407,7.65,-10.2128]
[-12.407,7.65,-10.3769]
[-12.407,7.65,-10.5409]
[-12.407,7.65,-10.705]
[-12.407,7.65,-10.869]
[-12.407,7.65,-10.869]
[-12.407,7.65,-10.869]
[-12.407,7.65,-10.869]
[-12.407,7.65,-10.869]
[-12.407,7.65,-10.869]
[-12.407,7.65,-10.869]
[-12.407,7.65,-10.869]
[-12.407,7.65,-10.869]
[-12.407,7.65,-10.869]
[-12.407,7.65,-10.869]
[-12.407,7.65,-10.869]
[-12.407,7.65,-10.869]
[-12.407,7.65,-10.869]
[-12.407,7.65,-10.869]
[-12.407,7.65,-10.869]
[-12.407,7.65,-10.869]
[-12.407,7.65,-10.869]
[-12.407,7.65,-10.869]
[-12.407,7.65,-10.869]
[-12.407,7.65,-10.869]
[-12.407,7.65,-10.869]
[-12.407,7.65,-10.869]
[-12.407,7.65,-10.869]
[-12.407,7.65,-10.869]
[-12.407,7.65,-10.869]
[-12.407,7.65,-10.869]
[-12.407,7.65,-10.869]
[-12.407,7.65,-10.869]
[-12.407,7.65,-10.869]
[-12.407,7.65,-10.869]
[-12.407,7.65,-10.869]
[-12.407,7.65,-10.869]
[-12.407,7.65,-10.869]
[-12.407,7.65,-10.869]
[-12.407,7.65,-10.869]
[-12.407,7.65,-10.869]
[-12.407,7.65,-10.869]
[-12.407,7.65,-10.869]
[-12.407,7.65,-10.869]
[-12.407,7.65,-10.869]
[-12.407,7.65,-10.869]
[-12.407,7.65,-10.869]
[-12.407,7.65,-10.869]
[-12.407,7.65,-10.869]
[-12.407,7.65,-10.869]
[-12.407,7.65,-10.869]
[-12.407,7.65,-10.869]
[-12.407,7.65,-10.869]
[-12.407,7.65,-10.869]
[-12.407,7.65,-10.869]
[-12.407,7.65,-10.869]
[-12.407,7.65,-10.869]
[-12.407,7.65,-10.869]
[-12.407,7.65,-10.869]
[-12.407,7.65,-10.869]
[-12.407,7.65,-10.869]
[-12.407,7.65,-10.869]
[-12.407,7.65,-10.869]
[-12.407,7.65,-10.869]
[-12.407,7.65,-10.869]
[-12.407,7.65,-10.705]
[-12.407,7.65,-10.5409]
[-12.407,7.65,-10.3768]
[-12.407,7.65,-10.2128]
[-12.407,7.65,-10.0488]
[-12.407,7.65,-9.8847]
[-12.407,7.65,-9.72065]
[-12.407,7.65,-9.5566]
[-12.407,7.65,-9.39255]
[-12.407,7.65,-9.2285]
[-12.407,7.65,-9.06445]
[-12.407,7.65,-8.9004]
[-12.407,7.65,-8.73635]
[-12.407,7.65,-8.5723]
[-12.407,7.65,-8.40825]
[-12.407,7.65,-8.2442]
[-12.407,7.65,-8.08015]
[-12.407,7.65,-7.9161]
[-12.407,7.65,-7.75205]
[-12.407,7.65,-7.588]
[1,0,0,0]
[1,0,0,0]
[1,0,0,0]
[1,0,0,0]
[1,0,0,0]
[1,0,0,0]
[1,0,0,0]
[1,0,0,0]
[1,0,0,0]
[1,0,0,0]
[1,0,0,0]
[1,0,0,0]
[1,0,0,0]
[1,0,0,0]
[1,0,0,0]
[1,0,0,0]
[1,0,0,0]
[1,0,0,0]
[1,0,0,0]
[1,0,0,0]
[1,0,0,0]
[1,0,0,0]
[1,0,0,0]
[1,0,0,0]
[1,0,0,0]
[1,0,0,0]
[1,0,0,0]
[1,0,0,0]
[1,0,0,0]
[1,0,0,0]
[1,0,0,0]
[1,0,0,0]
[1,0,0,0]
[1,0,0,0]
[1,0,0,0]
[1,0,0,0]
[1,0,0,0]
[1,0,0,0]
[1,0,0,0]
[1,0,0,0]
[1,0,0,0]
[1,0,0,0]
[1,0,0,0]
[1,0,0,0]
[1,0,0,0]
[1,0,0,0]
[1,0,0,0]
[1,0,0,0]
[1,0,0,0]
[1,0,0,0]
[1,0,0,0]
[1,0,0,0]
[1,0,0,0]
[1,0,0,0]
[1,0,0,0]
[1,0,0,0]
[1,0,0,0]
[1,0,0,0]
[1,0,0,0]
[1,0,0,0]
[1,0,0,0]
[1,0,0,0]
[1,0,0,0]
[1,0,0,0]
[1,0,0,0]
[1,0,0,0]
[1,0,0,0]
[1,0,0,0]
[1,0,0,0]
[1,0,0,0]
[1,0,0,0]
[1,0,0,0]
[1,0,0,0]
[1,0,0,0]
[1,0,0,0]
[1,0,0,0]
[1,0,0,0]
[1,0,0,0]
[1,0,0,0]
[1,0,0,0]
[1,0,0,0]
[1,0,0,0]
[1,0,0,0]
[1,0,0,0]
[1,0,0,0]
[1,0,0,0]
[1,0,0,0]
[1,0,0,0]
[1,0,0,0]
[1,0,0,0]
[1,0,0,0]
[1,0,0,0]
[1,0,0,0]
[1,0,0,0]
[1,0,0,0]
[1,0,0,0]
[1,0,0,0]
[1,0,0,0]
[1,0,0,0]
[1,0,0,0]
[1,0,0,0]
[1,0,0,0]
[1,0,0,0]
[1,0,0,0]
[1,0,0,0]
[1,0,0,0]
[1,0,0,0]
[1,0,0,0]
[1,0,0,0]
[1,0,0,0]
[1,0,0,0]
[1,0,0,0]
[1,0,0,0]
[1,0,0,0]
[1,0,0,0]
[1,0,0,0]
[1,0,0,0]
[1,0,0,0]
[1,0,0,0]
[1,0,0,0]
[1,0,0,0]
[1,0,0,0]
[1,0,0,0]
[1,0,0,0]
[1,0,0,0]
[1,0,0,0]
[1,0,0,0]
[1,0,0,0]
[1,0,0,0]
[1,0,0,0]
[1,0,0,0]
[1,0,0,0]
[1,0,0,0]
[1,0,0,0]
[1,0,0,0]
[1,0,0,0]
[1,0,0,0]
[1,0,0,0]
[1,0,0,0]
[1,0,0,0]
[1,0,0,0]
[1,0,0,0]
[1,0,0,0]
[1,0,0,0]
[1,0,0,0]
[1,0,0,0]
[1,0,0,0]
[1,0,0,0]
[1,0,0,0]
[1,0,0,0]
[1,0,0,0]
[1,0,0,0]
[1,0,0,0]
[1,0,0,0]
[1,0,0,0]
[1,0,0,0]
[1,0,0,0]
[1,0,0,0]
[1,0,0,0]
[1,0,0,0]
