160
20
[2.41,36.9,2.663]
[2.41,36.9,2.663]
[2.41,36.9,2.663]
[2.41,36.9,2.663]
[2.41,36.9,2.663]
[2.41,36.9,2.663]
[2.41,36.9,2.663]
[2.41,36.9,2.663]
[2.41,36.9,2.663]
[2.41,36.9,2.663]
[2.41,36.9,2.663]
[2.41,36.9,2.663]
[2.41,36.9,2.663]
[2.41,36.9,2.663]
[2.41,36.9,2.663]
[2.41,36.9,2.663]
[2.41,36.9,2.663]
[2.41,36.9,2.663]
[2.41,36.9,2.663]
[2.41,36.9,2.663]
[2.41,36.9,2.663]
[2.41,36.9,2.663]
[2.41,36.9,2.663]
[2.41,36.9,2.663]
[2.41,36.9,2.663]
[2.41,36.9,2.663]
[2.41,36.9,2.663]
[2.41,36.9,2.663]
[2.41,36.9,2.663]
[2.41,36.9,2.663]
[2.41,36.9,2.663]
[2.41,36.9,2.663]
[2.41,36.9,2.663]
[2.41,36.9,2.663]
[2.41,36.9,2.663]
[2.41,36.9,2.663]
[2.41,36.9,2.663]
[2.41,36.9,2.663]
[2.41,36.9,2.663]
[2.41,36.9,2.663]
[3.402,36.9,2.663]
[4.394,36.9,2.663]
[5.386,36.9,2.663]
[6.378,36.9,2.663]
[7.37,36.9,2.663]
[8.362,36.9,2.663]
[9.354,36.9,2.663]
[10.346,36.9,2.663]
[11.338,36.9,2.663]
[12.33,36.9,2.663]
[13.322,36.9,2.663]
[14.314,36.9,2.663]
[15.306,36.9,2.663]
[16.298,36.9,2.663]
[17.29,36.9,2.663]
[18.282,36.9,2.663]
[19.274,36.9,2.663]
[20.266,36.9,2.663]
[21.258,36.9,2.663]
[22.25,36.9,2.663]
[22.25,36.9,2.663]
[22.25,36.9,2.663]
[22.25,36.9,2.663]
[22.25,36.9,2.663]
[22.25,36.9,2.663]
[22.25,36.9,2.663]
[22.25,36.9,2.663]
[22.25,36.9,2.663]
[22.25,36.9,2.663]
[22.25,36.9,2.663]
[22.25,36.9,2.663]
[22.25,36.9,2.663]
[22.25,36.9,2.663]
[22.25,36.9,2.663]
[22.25,36.9,2.663]
[22.25,36.9,2.663]
[22.25,36.9,2.663]
[22.25,36.9,2.663]
[22.25,36.9,2.663]
[22.25,36.9,2.663]
[22.25,36.9,2.663]
[22.25,36.9,2.663]
[22.25,36.9,2.663]
[22.25,36.9,2.663]
[22.25,36.9,2.663]
[22.25,36.9,2.663]
[22.25,36.9,2.663]
[22.25,36.9,2.663]
[22.25,36.9,2.663]
[22.25,36.9,2.663]
[22.25,36.9,2.663]
[22.25,36.9,2.663]
[22.25,36.9,2.663]
[22.25,36.9,2.663]
[22.25,36.9,2.663]
[22.25,36.9,2.663]
[22.25,36.9,2.663]
[22.25,36.9,2.663]
[22.25,36.9,2.663]
[22.25,36.9,2.663]
[22.25,36.9,2.663]
[22.25,36.9,2.663]
[22.25,36.9,2.663]
[22.25,36.9,2.663]
[22.25,36.9,2.663]
[22.25,36.9,2.663]
[22.25,36.9,2.663]
[22.25,36.9,2.663]
[22.25,36.9,2.663]
[22.25,36.9,2.663]
[22.25,36.9,2.663]
[22.25,36.9,2.663]
[22.25,36.9,2.663]
[22.25,36.9,2.663]
[22.25,36.9,2.663]
[22.25,36.9,2.663]
[22.25,36.9,2.663]
[22.25,36.9,2.663]
[22.25,36.9,2.663]
[22.25,36.9,2.663]
[22.25,36.9,2.663]
[22.25,36.9,2.663]
[22.25,36.9,2.663]
[22.25,36.9,2.663]
[22.25,36.9,2.663]
[22.25,36.9,2.663]
[22.25,36.9,2.663]
[22.25,36.9,2.663]
[22.25,36.9,2.663]
[22.25,36.9,2.663]
[22.25,36.9,2.663]
[22.25,36.9,2.663]
[22.25,36.9,2.663]
[22.25,36.9,2.663]
[22.25,36.9,2.663]
[22.25,36.9,2.663]
[22.25,36.9,2.663]
[22.25,36.9,2.663]
[22.25,36.9,2.663]
[22.25,36.9,2.663]
[21.258,36.9,2.663]
[20.266,36.9,2.663]
[19.274,36.9,2.663]
[18.282,36.9,2.663]
[17.29,36.9,2.663]
[16.298,36.9,2.663]
[15.306,36.9,2.663]
[14.314,36.9,2.663]
[13.322,36.9,2.663]
[12.33,36.9,2.663]
[11.338,36.9,2.663]
[10.346,36.9,2.663]
[9.354,36.9,2.663]
[8.362,36.9,2.663]
[7.37,36.9,2.663]
[6.378,36.9,2.663]
[5.386,36.9,2.663]
[4.394,36.9,2.663]
[3.402,36.9,2.663]
[2.41,36.9,2.663]
[1,0,0,0]
[1,0,0,0]
[1,0,0,0]
[1,0,0,0]
[1,0,0,0]
[1,0,0,0]
[1,0,0,0]
[1,0,0,0]
[1,0,0,0]
[1,0,0,0]
[1,0,0,0]
[1,0,0,0]
[1,0,0,0]
[1,0,0,0]
[1,0,0,0]
[1,0,0,0]
[1,0,0,0]
[1,0,0,0]
[1,0,0,0]
[1,0,0,0]
[1,0,0,0]
[1,0,0,0]
[1,0,0,0]
[1,0,0,0]
[1,0,0,0]
[1,0,0,0]
[1,0,0,0]
[1,0,0,0]
[1,0,0,0]
[1,0,0,0]
[1,0,0,0]
[1,0,0,0]
[1,0,0,0]
[1,0,0,0]
[1,0,0,0]
[1,0,0,0]
[1,0,0,0]
[1,0,0,0]
[1,0,0,0]
[1,0,0,0]
[1,0,0,0]
[1,0,0,0]
[1,0,0,0]
[1,0,0,0]
[1,0,0,0]
[1,0,0,0]
[1,0,0,0]
[1,0,0,0]
[1,0,0,0]
[1,0,0,0]
[1,0,0,0]
[1,0,0,0]
[1,0,0,0]
[1,0,0,0]
[1,0,0,0]
[1,0,0,0]
[1,0,0,0]
[1,0,0,0]
[1,0,0,0]
[1,0,0,0]
[1,0,0,0]
[1,0,0,0]
[1,0,0,0]
[1,0,0,0]
[1,0,0,0]
[1,0,0,0]
[1,0,0,0]
[1,0,0,0]
[1,0,0,0]
[1,0,0,0]
[1,0,0,0]
[1,0,0,0]
[1,0,0,0]
[1,0,0,0]
[1,0,0,0]
[1,0,0,0]
[1,0,0,0]
[1,0,0,0]
[1,0,0,0]
[1,0,0,0]
[1,0,0,0]
[1,0,0,0]
[1,0,0,0]
[1,0,0,0]
[1,0,0,0]
[1,0,0,0]
[1,0,0,0]
[1,0,0,0]
[1,0,0,0]
[1,0,0,0]
[1,0,0,0]
[1,0,0,0]
[1,0,0,0]
[1,0,0,0]
[1,0,0,0]
[1,0,0,0]
[1,0,0,0]
[1,0,0,0]
[1,0,0,0]
[1,0,0,0]
[1,0,0,0]
[1,0,0,0]
[1,0,0,0]
[1,0,0,0]
[1,0,0,0]
[1,0,0,0]
[1,0,0,0]
[1,0,0,0]
[1,0,0,0]
[1,0,0,0]
[1,0,0,0]
[1,0,0,0]
[1,0,0,0]
[1,0,0,0]
[1,0,0,0]
[1,0,0,0]
[1,0,0,0]
[1,0,0,0]
[1,0,0,0]
[1,0,0,0]
[1,0,0,0]
[1,0,0,0]
[1,0,0,0]
[1,0,0,0]
[1,0,0,0]
[1,0,0,0]
[1,0,0,0]
[1,0,0,0]
[1,0,0,0]
[1,0,0,0]
[1,0,0,0]
[1,0,0,0]
[1,0,0,0]
[1,0,0,0]
[1,0,0,0]
[1,0,0,0]
[1,0,0,0]
[1,0,0,0]
[1,0,0,0]
[1,0,0,0]
[1,0,0,0]
[1,0,0,0]
[1,0,0,0]
[1,0,0,0]
[1,0,0,0]
[1,0,0,0]
[1,0,0,0]
[1,0,0,0]
[1,0,0,0]
[1,0,0,0]
[1,0,0,0]
[1,0,0,0]
[1,0,0,0]
[1,0,0,0]
[1,0,0,0]
[1,0,0,0]
[1,0,0,0]
[1,0,0,0]
[1,0,0,0]
[1,0,0,0]
