160
20
[-12.407,7.65,-7.588]
[-12.407,7.65,-7.588]
[-12.407,7.65,-7.588]
[-12.407,7.65,-7.588]
[-12.407,7.65,-7.588]
[-12.407,7.65,-7.588]
[-12.407,7.65,-7.588]
[-12.407,7.65,-7.588]
[-12.407,7.65,-7.588]
[-12.407,7.65,-7.588]
[-12.407,7.65,-7.588]
[-12.407,7.65,-7.588]
[-12.407,7.65,-7.588]
[-12.407,7.65,-7.588]
[-12.407,7.65,-7.588]
[-12.407,7.65,-7.588]
[-12.407,7.65,-7.588]
[-12.407,7.65,-7.588]
[-12.407,7.65,-7.588]
[-12.407,7.65,-7.588]
[-12.407,7.65,-7.588]
[-12.407,7.65,-7.588]
[-12.407,7.65,-7.588]
[-12.407,7.65,-7.588]
[-12.407,7.65,-7.588]
[-12.407,7.65,-7.588]
[-12.407,7.65,-7.588]
[-12.407,7.65,-7.588]
[-12.407,7.65,-7.588]
[-12.407,7.65,-7.588]
[-12.407,7.65,-7.588]
[-12.407,7.65,-7.588]
[-12.407,7.65,-7.588]
[-12.407,7.65,-7.588]
[-12.407,7.65,-7.588]
[-12.407,7.65,-7.588]
[-12.407,7.65,-7.588]
[-12.407,7.65,-7.588]
[-12.407,7.65,-7.9847]
[-12.407,7.65,-8.3814]
[-12.407,7.65,-8.7781]
[-12.407,7.65,-9.1748]
[-12.407,7.65,-9.5715]
[-12.407,7.65,-9.9682]
[-12.407,7.65,-10.3649]
[-12.407,7.65,-10.7616]
[-12.407,7.65,-11.1583]
[-12.407,7.65,-11.555]
[-12.407,7.65,-11.555]
[-12.407,7.65,-11.555]
[-12.407,7.65,-11.555]
[-12.407,7.65,-11.555]
[-12.407,7.65,-11.555]
[-12.407,7.65,-11.555]
[-12.407,7.65,-11.555]
[-12.407,7.65,-11.555]
[-12.407,7.65,-11.555]
[-12.407,7.65,-11.555]
[-12.407,7.65,-11.555]
[-12.407,7.65,-11.555]
[-12.407,7.65,-11.555]
[-12.407,7.65,-11.555]
[-12.407,7.65,-11.555]
[-12.407,7.65,-11.555]
[-12.407,7.65,-11.555]
[-12.407,7.65,-11.555]
[-12.407,7.65,-11.555]
[-12.407,7.65,-11.555]
[-12.407,7.65,-11.555]
[-12.407,7.65,-11.555]
[-12.407,7.65,-11.555]
[-12.407,7.65,-11.555]
[-12.407,7.65,-11.555]
[-12.407,7.65,-11.555]
[-12.407,7.65,-11.555]
[-12.407,7.65,-11.555]
[-12.407,7.65,-11.555]
[-12.407,7.65,-11.555]
[-12.407,7.65,-11.555]
[-12.407,7.65,-11.555]
[-12.407,7.65,-11.555]
[-12.407,7.65,-11.555]
[-12.407,7.65,-11.555]
[-12.407,7.65,-11.555]
[-12.407,7.65,-11.555]
[-12.407,7.65,-11.555]
[-12.407,7.65,-11.555]
[-12.407,7.65,-11.555]
[-12.407,7.65,-11.555]
[-12.407,7.65,-11.555]
[-12.407,7.65,-11.555]
[-12.407,7.65,-11.555]
[-12.407,7.65,-11.555]
[-12.407,7.65,-11.555]
[-12.407,7.65,-11.555]
[-12.407,7.65,-11.555]
[-12.407,7.65,-11.555]
[-12.407,7.65,-11.555]
[-12.407,7.65,-11.555]
[-12.407,7.65,-11.555]
[-12.407,7.65,-11.555]
[-12.407,7.65,-11.555]
[-12.407,7.65,-11.555]
[-12.407,7.65,-11.555]
[-12.407,7.65,-11.555]
[-12.407,7.65,-11.555]
[-12.407,7.65,-11.555]
[-12.407,7.65,-11.555]
[-12.407,7.65,-11.555]
[-12.407,7.65,-11.555]
[-12.407,7.65,-11.555]
[-12.407,7.65,-11.555]
[-12.407,7.65,-11.555]
[-12.407,7.65,-11.555]
[-12.407,7.65,-11.555]
[-12.407,7.65,-11.555]
[-12.407,7.65,-11.555]
[-12.407,7.65,-11.555]
[-12.407,7.65,-11.555]
[-12.407,7.65,-11.555]
[-12.407,7.65,-11.555]
[-12.407,7.65,-11.555]
[-12.407,7.65,-11.555]
[-12.407,7.65,-11.555]
[-12.407,7.65,-11.555]
[-12.407,7.65,-11.555]
[-12.407,7.65,-11.555]
[-12.407,7.65,-11.555]
[-12.407,7.65,-11.555]
[-12.407,7.65,-11.555]
[-12.407,7.65,-11.555]
[-12.407,7.65,-11.555]
[-12.407,7.65,-11.555]
[-12.407,7.65,-11.555]
[-12.407,7.65,-11.555]
[-12.407,7.65,-11.555]
[-12.407,7.65,-11.555]
[-12.407,7.65,-11.555]
[-12.407,7.65,-11.555]
[-12.407,7.65,-11.555]
[-12.407,7.65,-11.3567]
[-12.407,7.65,-11.1583]
[-12.407,7.65,-10.9599]
[-12.407,7.65,-10.7616]
[-12.407,7.65,-10.5633]
[-12.407,7.65,-10.3649]
[-12.407,7.65,-10.1665]
[-12.407,7.65,-9.9682]
[-12.407,7.65,-9.76985]
[-12.407,7.65,-9.5715]
[-12.407,7.65,-9.37315]
[-12.407,7.65,-9.1748]
[-12.407,7.65,-8.97645]
[-12.407,7.65,-8.7781]
[-12.407,7.65,-8.57975]
[-12.407,7.65,-8.3814]
[-12.407,7.65,-8.18305]
[-12.407,7.65,-7.9847]
[-12.407,7.65,-7.78635]
[-12.407,7.65,-7.588]
[1,0,0,0]
[1,0,0,0]
[1,0,0,0]
[1,0,0,0]
[1,0,0,0]
[1,0,0,0]
[1,0,0,0]
[1,0,0,0]
[1,0,0,0]
[1,0,0,0]
[1,0,0,0]
[1,0,0,0]
[1,0,0,0]
[1,0,0,0]
[1,0,0,0]
[1,0,0,0]
[1,0,0,0]
[1,0,0,0]
[1,0,0,0]
[1,0,0,0]
[1,0,0,0]
[1,0,0,0]
[1,0,0,0]
[1,0,0,0]
[1,0,0,0]
[1,0,0,0]
[1,0,0,0]
[1,0,0,0]
[1,0,0,0]
[1,0,0,0]
[1,0,0,0]
[1,0,0,0]
[1,0,0,0]
[1,0,0,0]
[1,0,0,0]
[1,0,0,0]
[1,0,0,0]
[1,0,0,0]
[1,0,0,0]
[1,0,0,0]
[1,0,0,0]
[1,0,0,0]
[1,0,0,0]
[1,0,0,0]
[1,0,0,0]
[1,0,0,0]
[1,0,0,0]
[1,0,0,0]
[1,0,0,0]
[1,0,0,0]
[1,0,0,0]
[1,0,0,0]
[1,0,0,0]
[1,0,0,0]
[1,0,0,0]
[1,0,0,0]
[1,0,0,0]
[1,0,0,0]
[1,0,0,0]
[1,0,0,0]
[1,0,0,0]
[1,0,0,0]
[1,0,0,0]
[1,0,0,0]
[1,0,0,0]
[1,0,0,0]
[1,0,0,0]
[1,0,0,0]
[1,0,0,0]
[1,0,0,0]
[1,0,0,0]
[1,0,0,0]
[1,0,0,0]
[1,0,0,0]
[1,0,0,0]
[1,0,0,0]
[1,0,0,0]
[1,0,0,0]
[1,0,0,0]
[1,0,0,0]
[1,0,0,0]
[1,0,0,0]
[1,0,0,0]
[1,0,0,0]
[1,0,0,0]
[1,0,0,0]
[1,0,0,0]
[1,0,0,0]
[1,0,0,0]
[1,0,0,0]
[1,0,0,0]
[1,0,0,0]
[1,0,0,0]
[1,0,0,0]
[1,0,0,0]
[1,0,0,0]
[1,0,0,0]
[1,0,0,0]
[1,0,0,0]
[1,0,0,0]
[1,0,0,0]
[1,0,0,0]
[1,0,0,0]
[1,0,0,0]
[1,0,0,0]
[1,0,0,0]
[1,0,0,0]
[1,0,0,0]
[1,0,0,0]
[1,0,0,0]
[1,0,0,0]
[1,0,0,0]
[1,0,0,0]
[1,0,0,0]
[1,0,0,0]
[1,0,0,0]
[1,0,0,0]
[1,0,0,0]
[1,0,0,0]
[1,0,0,0]
[1,0,0,0]
[1,0,0,0]
[1,0,0,0]
[1,0,0,0]
[1,0,0,0]
[1,0,0,0]
[1,0,0,0]
[1,0,0,0]
[1,0,0,0]
[1,0,0,0]
[1,0,0,0]
[1,0,0,0]
[1,0,0,0]
[1,0,0,0]
[1,0,0,0]
[1,0,0,0]
[1,0,0,0]
[1,0,0,0]
[1,0,0,0]
[1,0,0,0]
[1,0,0,0]
[1,0,0,0]
[1,0,0,0]
[1,0,0,0]
[1,0,0,0]
[1,0,0,0]
[1,0,0,0]
[1,0,0,0]
[1,0,0,0]
[1,0,0,0]
[1,0,0,0]
[1,0,0,0]
[1,0,0,0]
[1,0,0,0]
[1,0,0,0]
[1,0,0,0]
[1,0,0,0]
[1,0,0,0]
[1,0,0,0]
[1,0,0,0]
