79
20
[23.577,1.87,1.27]
[23.577,1.87,1.27]
[23.577,1.87,1.27]
[23.577,1.87,1.27]
[23.577,1.87,1.27]
[23.577,1.87,1.27]
[23.577,1.87,1.27]
[23.577,1.87,1.27]
[23.577,1.87,1.27]
[23.577,1.87,1.27]
[23.577,1.87,1.27]
[23.577,1.87,1.27]
[23.577,1.87,1.27]
[23.577,1.87,1.27]
[23.577,1.87,1.27]
[23.577,1.87,1.27]
[23.577,1.87,1.27]
[23.577,1.87,1.27]
[23.577,1.87,1.27]
[23.577,1.87,1.27]
[23.577,1.87,1.27]
[23.577,1.87,1.27]
[23.577,1.87,1.27]
[23.577,1.87,1.27]
[23.577,1.87,1.27]
[23.577,1.87,1.27]
[23.577,1.87,1.27]
[23.577,1.87,1.27]
[23.577,1.87,1.27]
[23.577,1.87,1.27]
[21.652,1.87,1.27]
[19.727,1.87,1.27]
[17.802,1.87,1.27]
[15.877,1.87,1.27]
[13.952,1.87,1.27]
[12.027,1.87,1.27]
[10.102,1.87,1.27]
[8.177,1.87,1.27]
[6.252,1.87,1.27]
[4.327,1.87,1.27]
[2.402,1.87,1.27]
[0.477,1.87,1.27]
[-1.448,1.87,1.27]
[-3.373,1.87,1.27]
[-3.373,1.87,1.27]
[-3.373,1.87,1.27]
[-3.373,1.87,1.27]
[-3.373,1.87,1.27]
[-3.373,1.87,1.27]
[-3.373,1.87,1.27]
[-3.373,1.87,1.27]
[-3.373,1.87,1.27]
[-3.373,1.87,1.27]
[-3.373,1.87,1.27]
[-3.373,1.87,1.27]
[-3.373,1.87,1.27]
[-3.373,1.87,1.27]
[-3.373,1.87,1.27]
[-3.373,1.87,1.27]
[-3.373,1.87,1.27]
[-3.373,1.87,1.27]
[-3.373,1.87,1.27]
[-3.373,1.87,1.27]
[-3.373,1.87,1.27]
[-3.373,1.87,1.27]
[-3.373,1.87,1.27]
[-3.373,1.87,1.27]
[-3.373,1.87,1.27]
[-3.373,1.87,1.27]
[-3.373,1.87,1.27]
[-3.373,1.87,1.27]
[-3.373,1.87,1.27]
[0.477,1.87,1.27]
[4.327,1.87,1.27]
[8.177,1.87,1.27]
[12.027,1.87,1.27]
[15.877,1.87,1.27]
[19.727,1.87,1.27]
[23.577,1.87,1.27]
[1,0,0,0]
[1,0,0,0]
[1,0,0,0]
[1,0,0,0]
[1,0,0,0]
[1,0,0,0]
[1,0,0,0]
[1,0,0,0]
[1,0,0,0]
[1,0,0,0]
[1,0,0,0]
[1,0,0,0]
[1,0,0,0]
[1,0,0,0]
[1,0,0,0]
[1,0,0,0]
[1,0,0,0]
[1,0,0,0]
[1,0,0,0]
[1,0,0,0]
[1,0,0,0]
[1,0,0,0]
[1,0,0,0]
[1,0,0,0]
[1,0,0,0]
[1,0,0,0]
[1,0,0,0]
[1,0,0,0]
[1,0,0,0]
[1,0,0,0]
[1,0,0,0]
[1,0,0,0]
[1,0,0,0]
[1,0,0,0]
[1,0,0,0]
[1,0,0,0]
[1,0,0,0]
[1,0,0,0]
[1,0,0,0]
[1,0,0,0]
[1,0,0,0]
[1,0,0,0]
[1,0,0,0]
[1,0,0,0]
[1,0,0,0]
[1,0,0,0]
[1,0,0,0]
[1,0,0,0]
[1,0,0,0]
[1,0,0,0]
[1,0,0,0]
[1,0,0,0]
[1,0,0,0]
[1,0,0,0]
[1,0,0,0]
[1,0,0,0]
[1,0,0,0]
[1,0,0,0]
[1,0,0,0]
[1,0,0,0]
[1,0,0,0]
[1,0,0,0]
[1,0,0,0]
[1,0,0,0]
[1,0,0,0]
[1,0,0,0]
[1,0,0,0]
[1,0,0,0]
[1,0,0,0]
[1,0,0,0]
[1,0,0,0]
[1,0,0,0]
[1,0,0,0]
[1,0,0,0]
[1,0,0,0]
[1,0,0,0]
[1,0,0,0]
[1,0,0,0]
[1,0,0,0]
