77
20
[-0.4,31.9063,-2.955]
[-0.4,31.0625,-2.955]
[-0.4,30.2188,-2.955]
[-0.4,29.375,-2.955]
[-0.4,28.5313,-2.955]
[-0.4,27.6875,-2.955]
[-0.4,26.8438,-2.955]
[-0.4,26,-2.955]
[-0.4,26,-2.955]
[-0.4,26,-2.955]
[-0.4,26,-2.955]
[-0.4,26,-2.955]
[-0.4,26,-2.955]
[-0.4,26,-2.955]
[-0.4,26,-2.955]
[-0.4,26,-2.955]
[-0.4,26,-2.955]
[-0.4,26,-2.955]
[-0.4,26,-2.955]
[-0.4,26,-2.955]
[-0.4,26,-2.955]
[-0.4,26,-2.955]
[-0.4,26,-2.955]
[-0.4,27.125,-2.955]
[-0.4,28.25,-2.955]
[-0.4,29.375,-2.955]
[-0.4,30.5,-2.955]
[-0.4,31.625,-2.955]
[-0.4,32.75,-2.955]
[-0.4,32.75,-2.955]
[-0.4,32.75,-2.955]
[-0.4,32.75,-2.955]
[-0.4,32.75,-2.955]
[-0.4,32.75,-2.955]
[-0.4,32.75,-2.955]
[-0.4,32.75,-2.955]
[-0.4,32.75,-2.955]
[-0.4,32.75,-2.955]
[-0.4,32.75,-2.955]
[-0.4,32.75,-2.955]
[-0.4,32.75,-2.955]
[-0.4,32.75,-2.955]
[-0.4,32.75,-2.955]
[-0.4,32.75,-2.955]
[-0.4,32.75,-2.955]
[-0.4,32.75,-2.955]
[-0.4,32.75,-2.955]
[-0.4,32.75,-2.955]
[-0.4,32.75,-2.955]
[-0.4,32.75,-2.955]
[-0.4,32.75,-2.955]
[-0.4,32.75,-2.955]
[-0.4,32.75,-2.955]
[-0.4,32.75,-2.955]
[-0.4,31.5917,-2.955]
[-0.4,30.4333,-2.955]
[-0.4,29.275,-2.955]
[-0.4,28.1167,-2.955]
[-0.4,26.9583,-2.955]
[-0.4,25.8,-2.955]
[-0.4,25.8,-2.955]
[-0.4,25.8,-2.955]
[-0.4,25.8,-2.955]
[-0.4,25.8,-2.955]
[-0.4,25.8,-2.955]
[-0.4,25.8,-2.955]
[-0.4,25.8,-2.955]
[-0.4,25.8,-2.955]
[-0.4,25.8,-2.955]
[-0.4,25.8,-2.955]
[-0.4,25.8,-2.955]
[-0.4,25.8,-2.955]
[-0.4,27.19,-2.955]
[-0.4,28.58,-2.955]
[-0.4,29.97,-2.955]
[-0.4,31.36,-2.955]
[-0.4,32.75,-2.955]
[1,0,0,0]
[1,0,0,0]
[1,0,0,0]
[1,0,0,0]
[1,0,0,0]
[1,0,0,0]
[1,0,0,0]
[1,0,0,0]
[1,0,0,0]
[1,0,0,0]
[1,0,0,0]
[1,0,0,0]
[1,0,0,0]
[1,0,0,0]
[1,0,0,0]
[1,0,0,0]
[1,0,0,0]
[1,0,0,0]
[1,0,0,0]
[1,0,0,0]
[1,0,0,0]
[1,0,0,0]
[1,0,0,0]
[1,0,0,0]
[1,0,0,0]
[1,0,0,0]
[1,0,0,0]
[1,0,0,0]
[1,0,0,0]
[1,0,0,0]
[1,0,0,0]
[1,0,0,0]
[1,0,0,0]
[1,0,0,0]
[1,0,0,0]
[1,0,0,0]
[1,0,0,0]
[1,0,0,0]
[1,0,0,0]
[1,0,0,0]
[1,0,0,0]
[1,0,0,0]
[1,0,0,0]
[1,0,0,0]
[1,0,0,0]
[1,0,0,0]
[1,0,0,0]
[1,0,0,0]
[1,0,0,0]
[1,0,0,0]
[1,0,0,0]
[1,0,0,0]
[1,0,0,0]
[1,0,0,0]
[1,0,0,0]
[1,0,0,0]
[1,0,0,0]
[1,0,0,0]
[1,0,0,0]
[1,0,0,0]
[1,0,0,0]
[1,0,0,0]
[1,0,0,0]
[1,0,0,0]
[1,0,0,0]
[1,0,0,0]
[1,0,0,0]
[1,0,0,0]
[1,0,0,0]
[1,0,0,0]
[1,0,0,0]
[1,0,0,0]
[1,0,0,0]
[1,0,0,0]
[1,0,0,0]
[1,0,0,0]
[1,0,0,0]
