77
20
[31.975,-3.4,-1.2]
[31.975,-3.4,-1.2]
[31.975,-3.4,-1.2]
[31.975,-3.4,-1.2]
[31.975,-3.4,-1.2]
[31.975,-3.4,-1.2]
[31.975,-3.4,-1.2]
[31.975,-3.4,-1.2]
[31.975,-3.4,-1.2]
[31.975,-3.4,-1.2]
[31.975,-3.4,-1.2]
[31.975,-3.4,-1.2]
[31.9275,-3.4,-1.2]
[31.88,-3.4,-1.2]
[31.8325,-3.4,-1.2]
[31.785,-3.4,-1.2]
[31.7375,-3.4,-1.2]
[31.69,-3.4,-1.2]
[31.6425,-3.4,-1.2]
[31.595,-3.4,-1.2]
[31.5475,-3.4,-1.2]
[31.5,-3.4,-1.2]
[31.5,-3.4,-1.2]
[31.5,-3.4,-1.2]
[31.5,-3.4,-1.2]
[31.5,-3.4,-1.2]
[31.5,-3.4,-1.2]
[31.5,-3.4,-1.2]
[31.5,-3.4,-1.2]
[31.5,-3.4,-1.2]
[31.5,-3.4,-1.2]
[31.5,-3.4,-1.2]
[31.5,-3.4,-1.2]
[31.5,-3.4,-1.2]
[31.5,-3.4,-1.2]
[31.5,-3.4,-1.2]
[31.5,-3.4,-1.2]
[31.5,-3.4,-1.2]
[31.5,-3.4,-1.2]
[31.5,-3.4,-1.2]
[31.5,-3.4,-1.2]
[31.5,-3.4,-1.2]
[31.5,-3.4,-1.2]
[31.5,-3.4,-1.2]
[31.5,-3.4,-1.2]
[31.5,-3.4,-1.2]
[31.5,-3.4,-1.2]
[31.5,-3.4,-1.2]
[31.5,-3.4,-1.2]
[31.5,-3.4,-1.2]
[31.5,-3.4,-1.2]
[31.5,-3.4,-1.2]
[31.5,-3.4,-1.2]
[31.5,-3.4,-1.2]
[31.5,-3.4,-1.2]
[31.5,-3.4,-1.2]
[31.5,-3.4,-1.2]
[31.5,-3.4,-1.2]
[31.5,-3.4,-1.2]
[31.5,-3.4,-1.2]
[31.5,-3.4,-1.2]
[31.5,-3.4,-1.2]
[31.7375,-3.4,-1.2]
[31.975,-3.4,-1.2]
[31.975,-3.4,-1.2]
[31.975,-3.4,-1.2]
[31.975,-3.4,-1.2]
[31.975,-3.4,-1.2]
[31.975,-3.4,-1.2]
[31.975,-3.4,-1.2]
[31.975,-3.4,-1.2]
[31.975,-3.4,-1.2]
[31.975,-3.4,-1.2]
[31.975,-3.4,-1.2]
[31.975,-3.4,-1.2]
[31.975,-3.4,-1.2]
[31.975,-3.4,-1.2]
[1,0,0,0]
[1,0,0,0]
[1,0,0,0]
[1,0,0,0]
[1,0,0,0]
[1,0,0,0]
[1,0,0,0]
[1,0,0,0]
[1,0,0,0]
[1,0,0,0]
[1,0,0,0]
[1,0,0,0]
[1,0,0,0]
[1,0,0,0]
[1,0,0,0]
[1,0,0,0]
[1,0,0,0]
[1,0,0,0]
[1,0,0,0]
[1,0,0,0]
[1,0,0,0]
[1,0,0,0]
[1,0,0,0]
[1,0,0,0]
[1,0,0,0]
[1,0,0,0]
[1,0,0,0]
[1,0,0,0]
[1,0,0,0]
[1,0,0,0]
[1,0,0,0]
[1,0,0,0]
[1,0,0,0]
[1,0,0,0]
[1,0,0,0]
[1,0,0,0]
[1,0,0,0]
[1,0,0,0]
[1,0,0,0]
[1,0,0,0]
[1,0,0,0]
[1,0,0,0]
[1,0,0,0]
[1,0,0,0]
[1,0,0,0]
[1,0,0,0]
[1,0,0,0]
[1,0,0,0]
[1,0,0,0]
[1,0,0,0]
[1,0,0,0]
[1,0,0,0]
[1,0,0,0]
[1,0,0,0]
[1,0,0,0]
[1,0,0,0]
[1,0,0,0]
[1,0,0,0]
[1,0,0,0]
[1,0,0,0]
[1,0,0,0]
[1,0,0,0]
[1,0,0,0]
[1,0,0,0]
[1,0,0,0]
[1,0,0,0]
[1,0,0,0]
[1,0,0,0]
[1,0,0,0]
[1,0,0,0]
[1,0,0,0]
[1,0,0,0]
[1,0,0,0]
[1,0,0,0]
[1,0,0,0]
[1,0,0,0]
[1,0,0,0]
