75
20
[-0.4,26.3,-2.955]
[-0.4,26.3,-2.955]
[-0.4,26.3,-2.955]
[-0.4,26.3,-2.955]
[-0.4,26.3,-2.955]
[-0.4,26.3,-2.955]
[-0.4,26.3,-2.955]
[-0.4,26.3,-2.955]
[-0.4,26.945,-2.955]
[-0.4,27.59,-2.955]
[-0.4,28.235,-2.955]
[-0.4,28.88,-2.955]
[-0.4,29.525,-2.955]
[-0.4,30.17,-2.955]
[-0.4,30.815,-2.955]
[-0.4,31.46,-2.955]
[-0.4,32.105,-2.955]
[-0.4,32.75,-2.955]
[-0.4,32.75,-2.955]
[-0.4,32.75,-2.955]
[-0.4,32.75,-2.955]
[-0.4,32.75,-2.955]
[-0.4,32.75,-2.955]
[-0.4,32.75,-2.955]
[-0.4,32.75,-2.955]
[-0.4,32.75,-2.955]
[-0.4,31.7857,-2.955]
[-0.4,30.8214,-2.955]
[-0.4,29.8571,-2.955]
[-0.4,28.8929,-2.955]
[-0.4,27.9286,-2.955]
[-0.4,26.9643,-2.955]
[-0.4,26,-2.955]
[-0.4,26,-2.955]
[-0.4,26,-2.955]
[-0.4,26,-2.955]
[-0.4,26,-2.955]
[-0.4,26,-2.955]
[-0.4,26,-2.955]
[-0.4,26,-2.955]
[-0.4,26,-2.955]
[-0.4,26,-2.955]
[-0.4,26,-2.955]
[-0.4,26,-2.955]
[-0.4,26.675,-2.955]
[-0.4,27.35,-2.955]
[-0.4,28.025,-2.955]
[-0.4,28.7,-2.955]
[-0.4,29.375,-2.955]
[-0.4,30.05,-2.955]
[-0.4,30.725,-2.955]
[-0.4,31.4,-2.955]
[-0.4,32.075,-2.955]
[-0.4,32.75,-2.955]
[-0.4,32.75,-2.955]
[-0.4,32.75,-2.955]
[-0.4,32.75,-2.955]
[-0.4,32.75,-2.955]
[-0.4,32.75,-2.955]
[-0.4,32.75,-2.955]
[-0.4,32.75,-2.955]
[-0.4,32.75,-2.955]
[-0.4,32.75,-2.955]
[-0.4,32.75,-2.955]
[-0.4,32.75,-2.955]
[-0.4,32.75,-2.955]
[-0.4,32.75,-2.955]
[-0.4,32.75,-2.955]
[-0.4,32.75,-2.955]
[-0.4,32.75,-2.955]
[-0.4,31.46,-2.955]
[-0.4,30.17,-2.955]
[-0.4,28.88,-2.955]
[-0.4,27.59,-2.955]
[-0.4,26.3,-2.955]
[1,0,0,0]
[1,0,0,0]
[1,0,0,0]
[1,0,0,0]
[1,0,0,0]
[1,0,0,0]
[1,0,0,0]
[1,0,0,0]
[1,0,0,0]
[1,0,0,0]
[1,0,0,0]
[1,0,0,0]
[1,0,0,0]
[1,0,0,0]
[1,0,0,0]
[1,0,0,0]
[1,0,0,0]
[1,0,0,0]
[1,0,0,0]
[1,0,0,0]
[1,0,0,0]
[1,0,0,0]
[1,0,0,0]
[1,0,0,0]
[1,0,0,0]
[1,0,0,0]
[1,0,0,0]
[1,0,0,0]
[1,0,0,0]
[1,0,0,0]
[1,0,0,0]
[1,0,0,0]
[1,0,0,0]
[1,0,0,0]
[1,0,0,0]
[1,0,0,0]
[1,0,0,0]
[1,0,0,0]
[1,0,0,0]
[1,0,0,0]
[1,0,0,0]
[1,0,0,0]
[1,0,0,0]
[1,0,0,0]
[1,0,0,0]
[1,0,0,0]
[1,0,0,0]
[1,0,0,0]
[1,0,0,0]
[1,0,0,0]
[1,0,0,0]
[1,0,0,0]
[1,0,0,0]
[1,0,0,0]
[1,0,0,0]
[1,0,0,0]
[1,0,0,0]
[1,0,0,0]
[1,0,0,0]
[1,0,0,0]
[1,0,0,0]
[1,0,0,0]
[1,0,0,0]
[1,0,0,0]
[1,0,0,0]
[1,0,0,0]
[1,0,0,0]
[1,0,0,0]
[1,0,0,0]
[1,0,0,0]
[1,0,0,0]
[1,0,0,0]
[1,0,0,0]
[1,0,0,0]
[1,0,0,0]
