80
20
[0.0, 0.0, 0.0]
[0.0, 0.0, 0.0]
[0.0, 0.0, 0.0]
[0.0, 0.0, 0.0]
[0.0, 0.0, 0.0]
[0.0, 0.0, 0.0]
[0.0, 0.0, 0.0]
[0.0, 0.0, 0.0]
[0.0, 0.0, 0.0]
[0.0, 0.0, 0.0]
[0.0, 0.0, 0.0]
[0.0, 0.0, 0.0]
[0.0, 0.0, 0.0]
[0.0, 0.0, 0.0]
[0.0, 0.0, 0.0]
[0.0, 0.0, 0.0]
[0.0, 0.0, 0.0]
[0.0, 0.0, 0.0]
[0.0, 0.0, 0.0]
[0.0, 0.0, 0.0]
[0.0, 0.0, 0.0]
[0.0, 0.0, 0.0]
[0.0, 0.0, 0.0]
[0.0, 0.0, 0.0]
[0.0, 0.0, 0.0]
[0.0, 0.0, 0.0]
[0.0, 0.0, 0.0]
[0.0, 0.0, 0.0]
[0.0, 0.0, 0.0]
[0.0, 0.0, 0.0]
[0.0, 0.0, 0.0]
[0.0, 0.0, 0.0]
[0.0, 0.0, 0.0]
[0.0, 0.0, 0.0]
[0.0, 0.0, 0.0]
[0.0, 0.0, 0.0]
[0.0, 0.0, 0.0]
[0.0, 0.0, 0.0]
[0.0, 0.0, 0.0]
[0.0, 0.0, 0.0]
[0.0, 0.0, 0.0]
[0.0, 0.0, 0.0]
[0.0, 0.0, 0.0]
[0.0, 0.0, 0.0]
[0.0, 0.0, 0.0]
[0.0, 0.0, 0.0]
[0.0, 0.0, 0.0]
[0.0, 0.0, 0.0]
[0.0, 0.0, 0.0]
[0.0, 0.0, 0.0]
[0.0, 0.0, 0.0]
[0.0, 0.0, 0.0]
[0.0, 0.0, 0.0]
[0.0, 0.0, 0.0]
[0.0, 0.0, 0.0]
[0.0, 0.0, 0.0]
[0.0, 0.0, 0.0]
[0.0, 0.0, 0.0]
[0.0, 0.0, 0.0]
[0.0, 0.0, 0.0]
[0.0, 0.0, 0.0]
[0.0, 0.0, 0.0]
[0.0, 0.0, 0.0]
[0.0, 0.0, 0.0]
[0.0, 0.0, 0.0]
[0.0, 0.0, 0.0]
[0.0, 0.0, 0.0]
[0.0, 0.0, 0.0]
[0.0, 0.0, 0.0]
[0.0, 0.0, 0.0]
[0.0, 0.0, 0.0]
[0.0, 0.0, 0.0]
[0.0, 0.0, 0.0]
[0.0, 0.0, 0.0]
[0.0, 0.0, 0.0]
[0.0, 0.0, 0.0]
[0.0, 0.0, 0.0]
[0.0, 0.0, 0.0]
[0.0, 0.0, 0.0]
[0.0, 0.0, 0.0]
[0,0,0,0]
[0,0,0,0]
[0,0,0,0]
[0,0,0,0]
[0,0,0,0]
[0,0,0,0]
[0,0,0,0]
[0,0,0,0]
[0,0,0,0]
[0,0,0,0]
[0,0,0,0]
[0,0,0,0]
[0,0,0,0]
[0,0,0,0]
[0,0,0,0]
[0,0,0,0]
[0,0,0,0]
[0,0,0,0]
[0,0,0,0]
[0,0,0,0]
[8.82355,0,-1,0]
[8.82355,0,-1,0]
[8.82355,0,-1,0]
[8.82355,0,-1,0]
[8.82355,0,-1,0]
[0,0,0,0]
[0,0,0,0]
[0,0,0,0]
[0,0,0,0]
[0,0,0,0]
[0,0,0,0]
[0,0,0,0]
[0,0,0,0]
[0,0,0,0]
[0,0,0,0]
[0,0,0,0]
[0,0,0,0]
[0,0,0,0]
[0,0,0,0]
[0,0,0,0]
[0,0,0,0]
[0,0,0,0]
[0,0,0,0]
[0,0,0,0]
[0,0,0,0]
[0,0,0,0]
[0,0,0,0]
[0,0,0,0]
[0,0,0,0]
[0,0,0,0]
[0,0,0,0]
[0,0,0,0]
[0,0,0,0]
[0,0,0,0]
[0,0,0,0]
[0,0,0,0]
[0,0,0,0]
[0,0,0,0]
[0,0,0,0]
[0,0,0,0]
[0,0,0,0]
[0,0,0,0]
[0,0,0,0]
[0,0,0,0]
[0,0,0,0]
[0,0,0,0]
[0,0,0,0]
[0,0,0,0]
[3.67648,0,1,0]
[3.67648,0,1,0]
[3.67648,0,1,0]
[3.67648,0,1,0]
[3.67648,0,1,0]
[3.67648,0,1,0]
[3.67648,0,1,0]
[3.67648,0,1,0]
[3.67648,0,1,0]
[3.67648,0,1,0]
[3.67648,0,1,0]
[3.67648,0,1,0]
