81
10
[-0.004,0.3275,-0.02955]
[-0.004,0.30814,-0.02955]
[-0.004,0.30814,-0.02955]
[-0.004,0.30814,-0.02955]
[-0.004,0.30814,-0.02955]
[-0.004,0.30814,-0.02955]
[-0.004,0.30814,-0.02955]
[-0.004,0.30814,-0.02955]
[-0.004,0.30814,-0.02955]
[-0.004,0.30814,-0.02955]
[-0.004,0.30814,-0.02955]
[-0.004,0.316512,-0.02955]
[-0.004,0.324884,-0.02955]
[-0.004,0.333256,-0.02955]
[-0.004,0.341628,-0.02955]
[-0.004,0.35,-0.02955]
[-0.004,0.35,-0.02955]
[-0.004,0.35,-0.02955]
[-0.004,0.35,-0.02955]
[-0.004,0.35,-0.02955]
[-0.004,0.35,-0.02955]
[-0.004,0.35,-0.02955]
[-0.004,0.35,-0.02955]
[-0.004,0.35,-0.02955]
[-0.004,0.35,-0.02955]
[-0.004,0.35,-0.02955]
[-0.004,0.35,-0.02955]
[-0.004,0.35,-0.02955]
[-0.004,0.35,-0.02955]
[-0.004,0.35,-0.02955]
[-0.004,0.35,-0.02955]
[-0.004,0.35,-0.02955]
[-0.004,0.35,-0.02955]
[-0.004,0.35,-0.02955]
[-0.004,0.35,-0.02955]
[-0.004,0.35,-0.02955]
[-0.004,0.35,-0.02955]
[-0.004,0.35,-0.02955]
[-0.004,0.35,-0.02955]
[-0.004,0.35,-0.02955]
[-0.004,0.35,-0.02955]
[-0.004,0.35,-0.02955]
[-0.004,0.35,-0.02955]
[-0.004,0.35,-0.02955]
[-0.004,0.35,-0.02955]
[-0.004,0.35,-0.02955]
[-0.004,0.35,-0.02955]
[-0.004,0.35,-0.02955]
[-0.004,0.35,-0.02955]
[-0.004,0.35,-0.02955]
[-0.004,0.35,-0.02955]
[-0.004,0.35,-0.02955]
[-0.004,0.35,-0.02955]
[-0.004,0.35,-0.02955]
[-0.004,0.35,-0.02955]
[-0.004,0.35,-0.02955]
[-0.004,0.35,-0.02955]
[-0.004,0.35,-0.02955]
[-0.004,0.35,-0.02955]
[-0.004,0.35,-0.02955]
[-0.004,0.35,-0.02955]
[-0.004,0.35,-0.02955]
[-0.004,0.35,-0.02955]
[-0.004,0.35,-0.02955]
[-0.004,0.35,-0.02955]
[-0.004,0.35,-0.02955]
[-0.004,0.35,-0.02955]
[-0.004,0.35,-0.02955]
[-0.004,0.35,-0.02955]
[-0.004,0.35,-0.02955]
[-0.004,0.35,-0.02955]
[-0.004,0.34775,-0.02955]
[-0.004,0.3455,-0.02955]
[-0.004,0.34325,-0.02955]
[-0.004,0.341,-0.02955]
[-0.004,0.33875,-0.02955]
[-0.004,0.3365,-0.02955]
[-0.004,0.33425,-0.02955]
[-0.004,0.332,-0.02955]
[-0.004,0.32975,-0.02955]
[-0.004,0.3275,-0.02955]
[1,0,0,0]
[1,0,0,0]
[1,0,0,0]
[1,0,0,0]
[1,0,0,0]
[1,0,0,0]
[1,0,0,0]
[1,0,0,0]
[1,0,0,0]
[1,0,0,0]
[1,0,0,0]
[1,0,0,0]
[1,0,0,0]
[1,0,0,0]
[1,0,0,0]
[1,0,0,0]
[1,0,0,0]
[1,0,0,0]
[1,0,0,0]
[1,0,0,0]
[1,0,0,0]
[1,0,0,0]
[1,0,0,0]
[1,0,0,0]
[1,0,0,0]
[1,0,0,0]
[1,0,0,0]
[1,0,0,0]
[1,0,0,0]
[1,0,0,0]
[1,0,0,0]
[1,0,0,0]
[1,0,0,0]
[1,0,0,0]
[1,0,0,0]
[1,0,0,0]
[1,0,0,0]
[1,0,0,0]
[1,0,0,0]
[1,0,0,0]
[1,0,0,0]
[1,0,0,0]
[1,0,0,0]
[1,0,0,0]
[1,0,0,0]
[1,0,0,0]
[1,0,0,0]
[1,0,0,0]
[1,0,0,0]
[1,0,0,0]
[1,0,0,0]
[1,0,0,0]
[1,0,0,0]
[1,0,0,0]
[1,0,0,0]
[1,0,0,0]
[1,0,0,0]
[1,0,0,0]
[1,0,0,0]
[1,0,0,0]
[1,0,0,0]
[1,0,0,0]
[1,0,0,0]
[1,0,0,0]
[1,0,0,0]
[1,0,0,0]
[1,0,0,0]
[1,0,0,0]
[1,0,0,0]
[1,0,0,0]
[1,0,0,0]
[1,0,0,0]
[1,0,0,0]
[1,0,0,0]
[1,0,0,0]
[1,0,0,0]
[1,0,0,0]
[1,0,0,0]
[1,0,0,0]
[1,0,0,0]
[1,0,0,0]