81
10
[-0.03373,0.0187,0.0127]
[-0.03373,0.0187,0.0127]
[-0.03373,0.0187,0.0127]
[-0.03373,0.0187,0.0127]
[-0.03373,0.0187,0.0127]
[-0.03373,0.0187,0.0127]
[-0.03373,0.0187,0.0127]
[-0.03373,0.0187,0.0127]
[-0.03373,0.0187,0.0127]
[-0.03373,0.0187,0.0127]
[-0.03373,0.0187,0.0127]
[-0.03373,0.0187,0.0127]
[-0.03373,0.0187,0.0127]
[-0.03373,0.0187,0.0127]
[-0.03373,0.0187,0.0127]
[-0.03373,0.0187,0.0127]
[-0.0166647,0.0187,0.0127]
[0.000400667,0.0187,0.0127]
[0.017466,0.0187,0.0127]
[0.0345313,0.0187,0.0127]
[0.0515967,0.0187,0.0127]
[0.068662,0.0187,0.0127]
[0.0857273,0.0187,0.0127]
[0.102793,0.0187,0.0127]
[0.119858,0.0187,0.0127]
[0.136923,0.0187,0.0127]
[0.153989,0.0187,0.0127]
[0.171054,0.0187,0.0127]
[0.188119,0.0187,0.0127]
[0.205185,0.0187,0.0127]
[0.22225,0.0187,0.0127]
[0.22225,0.0187,0.0127]
[0.22225,0.0187,0.0127]
[0.22225,0.0187,0.0127]
[0.22225,0.0187,0.0127]
[0.22225,0.0187,0.0127]
[0.22225,0.0187,0.0127]
[0.22225,0.0187,0.0127]
[0.22225,0.0187,0.0127]
[0.22225,0.0187,0.0127]
[0.22225,0.0187,0.0127]
[0.22225,0.0187,0.0127]
[0.22225,0.0187,0.0127]
[0.22225,0.0187,0.0127]
[0.22225,0.0187,0.0127]
[0.22225,0.0187,0.0127]
[0.22225,0.0187,0.0127]
[0.22225,0.0187,0.0127]
[0.22225,0.0187,0.0127]
[0.22225,0.0187,0.0127]
[0.22225,0.0187,0.0127]
[0.22225,0.0187,0.0127]
[0.22225,0.0187,0.0127]
[0.22225,0.0187,0.0127]
[0.22225,0.0187,0.0127]
[0.22225,0.0187,0.0127]
[0.22225,0.0187,0.0127]
[0.22225,0.0187,0.0127]
[0.22225,0.0187,0.0127]
[0.22225,0.0187,0.0127]
[0.22225,0.0187,0.0127]
[0.22225,0.0187,0.0127]
[0.22225,0.0187,0.0127]
[0.22225,0.0187,0.0127]
[0.22225,0.0187,0.0127]
[0.22225,0.0187,0.0127]
[0.22225,0.0187,0.0127]
[0.22225,0.0187,0.0127]
[0.22225,0.0187,0.0127]
[0.22225,0.0187,0.0127]
[0.22225,0.0187,0.0127]
[0.196652,0.0187,0.0127]
[0.171054,0.0187,0.0127]
[0.145456,0.0187,0.0127]
[0.119858,0.0187,0.0127]
[0.09426,0.0187,0.0127]
[0.068662,0.0187,0.0127]
[0.043064,0.0187,0.0127]
[0.017466,0.0187,0.0127]
[-0.008132,0.0187,0.0127]
[-0.03373,0.0187,0.0127]
[1,0,0,0]
[1,0,0,0]
[1,0,0,0]
[1,0,0,0]
[1,0,0,0]
[1,0,0,0]
[1,0,0,0]
[1,0,0,0]
[1,0,0,0]
[1,0,0,0]
[1,0,0,0]
[1,0,0,0]
[1,0,0,0]
[1,0,0,0]
[1,0,0,0]
[1,0,0,0]
[1,0,0,0]
[1,0,0,0]
[1,0,0,0]
[1,0,0,0]
[1,0,0,0]
[1,0,0,0]
[1,0,0,0]
[1,0,0,0]
[1,0,0,0]
[1,0,0,0]
[1,0,0,0]
[1,0,0,0]
[1,0,0,0]
[1,0,0,0]
[1,0,0,0]
[1,0,0,0]
[1,0,0,0]
[1,0,0,0]
[1,0,0,0]
[1,0,0,0]
[1,0,0,0]
[1,0,0,0]
[1,0,0,0]
[1,0,0,0]
[1,0,0,0]
[1,0,0,0]
[1,0,0,0]
[1,0,0,0]
[1,0,0,0]
[1,0,0,0]
[1,0,0,0]
[1,0,0,0]
[1,0,0,0]
[1,0,0,0]
[1,0,0,0]
[1,0,0,0]
[1,0,0,0]
[1,0,0,0]
[1,0,0,0]
[1,0,0,0]
[1,0,0,0]
[1,0,0,0]
[1,0,0,0]
[1,0,0,0]
[1,0,0,0]
[1,0,0,0]
[1,0,0,0]
[1,0,0,0]
[1,0,0,0]
[1,0,0,0]
[1,0,0,0]
[1,0,0,0]
[1,0,0,0]
[1,0,0,0]
[1,0,0,0]
[1,0,0,0]
[1,0,0,0]
[1,0,0,0]
[1,0,0,0]
[1,0,0,0]
[1,0,0,0]
[1,0,0,0]
[1,0,0,0]
[1,0,0,0]
[1,0,0,0]