81
10
[0.0145,-0.04,0.028]
[0.0145,-0.04,0.028]
[0.0145,-0.04,0.028]
[0.0145,-0.04,0.028]
[0.0145,-0.04,0.028]
[0.0145,-0.04,0.028]
[0.0145,-0.04,0.028]
[0.0145,-0.04,0.028]
[0.0145,-0.04,0.028]
[0.0145,-0.04,0.028]
[0.0145,-0.04,0.028]
[0.0145,-0.04,0.0273]
[0.0145,-0.04,0.0266]
[0.0145,-0.04,0.0259]
[0.0145,-0.04,0.0252]
[0.0145,-0.04,0.0245]
[0.0145,-0.04,0.0238]
[0.0145,-0.04,0.0231]
[0.0145,-0.04,0.0224]
[0.0145,-0.04,0.0217]
[0.0145,-0.04,0.021]
[0.0145,-0.04,0.021]
[0.0145,-0.04,0.021]
[0.0145,-0.04,0.021]
[0.0145,-0.04,0.021]
[0.0145,-0.04,0.021]
[0.0145,-0.04,0.021]
[0.0145,-0.04,0.021]
[0.0145,-0.04,0.021]
[0.0145,-0.04,0.021]
[0.0145,-0.04,0.021]
[0.0145,-0.04,0.021]
[0.0145,-0.04,0.021]
[0.0145,-0.04,0.021]
[0.0145,-0.04,0.021]
[0.0145,-0.04,0.021]
[0.0145,-0.04,0.021]
[0.0145,-0.04,0.021]
[0.0145,-0.04,0.021]
[0.0145,-0.04,0.021]
[0.0145,-0.04,0.021]
[0.0145,-0.04,0.021]
[0.0145,-0.04,0.021]
[0.0145,-0.04,0.021]
[0.0145,-0.04,0.021]
[0.0145,-0.04,0.021]
[0.0145,-0.04,0.021]
[0.0145,-0.04,0.021]
[0.0145,-0.04,0.021]
[0.0145,-0.04,0.021]
[0.0145,-0.04,0.021]
[0.0145,-0.04,0.021]
[0.0145,-0.04,0.021]
[0.0145,-0.04,0.021]
[0.0145,-0.04,0.021]
[0.0145,-0.04,0.021]
[0.0145,-0.04,0.021]
[0.0145,-0.04,0.021]
[0.0145,-0.04,0.021]
[0.0145,-0.04,0.021]
[0.0145,-0.04,0.021]
[0.0145,-0.04,0.0217]
[0.0145,-0.04,0.0224]
[0.0145,-0.04,0.0231]
[0.0145,-0.04,0.0238]
[0.0145,-0.04,0.0245]
[0.0145,-0.04,0.0252]
[0.0145,-0.04,0.0259]
[0.0145,-0.04,0.0266]
[0.0145,-0.04,0.0273]
[0.0145,-0.04,0.028]
[0.0145,-0.04,0.028]
[0.0145,-0.04,0.028]
[0.0145,-0.04,0.028]
[0.0145,-0.04,0.028]
[0.0145,-0.04,0.028]
[0.0145,-0.04,0.028]
[0.0145,-0.04,0.028]
[0.0145,-0.04,0.028]
[0.0145,-0.04,0.028]
[0.0145,-0.04,0.028]
[1,0,0,0]
[1,0,0,0]
[1,0,0,0]
[1,0,0,0]
[1,0,0,0]
[1,0,0,0]
[1,0,0,0]
[1,0,0,0]
[1,0,0,0]
[1,0,0,0]
[1,0,0,0]
[1,0,0,0]
[1,0,0,0]
[1,0,0,0]
[1,0,0,0]
[1,0,0,0]
[1,0,0,0]
[1,0,0,0]
[1,0,0,0]
[1,0,0,0]
[1,0,0,0]
[1,0,0,0]
[1,0,0,0]
[1,0,0,0]
[1,0,0,0]
[1,0,0,0]
[1,0,0,0]
[1,0,0,0]
[1,0,0,0]
[1,0,0,0]
[1,0,0,0]
[1,0,0,0]
[1,0,0,0]
[1,0,0,0]
[1,0,0,0]
[1,0,0,0]
[1,0,0,0]
[1,0,0,0]
[1,0,0,0]
[1,0,0,0]
[1,0,0,0]
[1,0,0,0]
[1,0,0,0]
[1,0,0,0]
[1,0,0,0]
[1,0,0,0]
[1,0,0,0]
[1,0,0,0]
[1,0,0,0]
[1,0,0,0]
[1,0,0,0]
[1,0,0,0]
[1,0,0,0]
[1,0,0,0]
[1,0,0,0]
[1,0,0,0]
[1,0,0,0]
[1,0,0,0]
[1,0,0,0]
[1,0,0,0]
[1,0,0,0]
[1,0,0,0]
[1,0,0,0]
[1,0,0,0]
[1,0,0,0]
[1,0,0,0]
[1,0,0,0]
[1,0,0,0]
[1,0,0,0]
[1,0,0,0]
[1,0,0,0]
[1,0,0,0]
[1,0,0,0]
[1,0,0,0]
[1,0,0,0]
[1,0,0,0]
[1,0,0,0]
[1,0,0,0]
[1,0,0,0]
[1,0,0,0]
[1,0,0,0]