81
10
[-0.0065,-0.0542,-0.171]
[-0.0065,-0.0542,-0.171]
[-0.0065,-0.0542,-0.171]
[-0.0065,-0.0542,-0.171]
[-0.0065,-0.0542,-0.171]
[-0.0065,-0.0542,-0.171]
[-0.0065,-0.0542,-0.171]
[-0.0065,-0.0542,-0.171]
[-0.0065,-0.0542,-0.171]
[-0.0065,-0.0542,-0.171]
[-0.0065,-0.0542,-0.171]
[-0.0065,-0.0542,-0.171]
[-0.0065,-0.0542,-0.171]
[-0.0065,-0.0542,-0.171]
[-0.0065,-0.0542,-0.171]
[-0.0065,-0.0542,-0.171]
[-0.0065,-0.0542,-0.171]
[-0.0065,-0.0542,-0.171]
[-0.0065,-0.0542,-0.171]
[-0.0065,-0.0542,-0.171]
[-0.0065,-0.0542,-0.171]
[-0.0065,-0.04876,-0.171]
[-0.0065,-0.04332,-0.171]
[-0.0065,-0.03788,-0.171]
[-0.0065,-0.03244,-0.171]
[-0.0065,-0.027,-0.171]
[-0.0065,-0.030728,-0.171]
[-0.0065,-0.034456,-0.171]
[-0.0065,-0.038184,-0.171]
[-0.0065,-0.041912,-0.171]
[-0.0065,-0.04564,-0.171]
[-0.0065,-0.049368,-0.171]
[-0.0065,-0.053096,-0.171]
[-0.0065,-0.056824,-0.171]
[-0.0065,-0.060552,-0.171]
[-0.0065,-0.06428,-0.171]
[-0.0065,-0.068008,-0.171]
[-0.0065,-0.071736,-0.171]
[-0.0065,-0.075464,-0.171]
[-0.0065,-0.079192,-0.171]
[-0.0065,-0.08292,-0.171]
[-0.0065,-0.086648,-0.171]
[-0.0065,-0.090376,-0.171]
[-0.0065,-0.094104,-0.171]
[-0.0065,-0.097832,-0.171]
[-0.0065,-0.10156,-0.171]
[-0.0065,-0.105288,-0.171]
[-0.0065,-0.109016,-0.171]
[-0.0065,-0.112744,-0.171]
[-0.0065,-0.116472,-0.171]
[-0.0065,-0.1202,-0.171]
[-0.0065,-0.1202,-0.171]
[-0.0065,-0.1202,-0.171]
[-0.0065,-0.1202,-0.171]
[-0.0065,-0.1202,-0.171]
[-0.0065,-0.1202,-0.171]
[-0.0065,-0.1202,-0.171]
[-0.0065,-0.1202,-0.171]
[-0.0065,-0.1202,-0.171]
[-0.0065,-0.1202,-0.171]
[-0.0065,-0.1202,-0.171]
[-0.0065,-0.1202,-0.171]
[-0.0065,-0.1202,-0.171]
[-0.0065,-0.1202,-0.171]
[-0.0065,-0.1202,-0.171]
[-0.0065,-0.1202,-0.171]
[-0.0065,-0.110875,-0.171]
[-0.0065,-0.10155,-0.171]
[-0.0065,-0.092225,-0.171]
[-0.0065,-0.0829,-0.171]
[-0.0065,-0.073575,-0.171]
[-0.0065,-0.06425,-0.171]
[-0.0065,-0.054925,-0.171]
[-0.0065,-0.0456,-0.171]
[-0.0065,-0.036275,-0.171]
[-0.0065,-0.02695,-0.171]
[-0.0065,-0.0324,-0.171]
[-0.0065,-0.03785,-0.171]
[-0.0065,-0.0433,-0.171]
[-0.0065,-0.04875,-0.171]
[-0.0065,-0.0542,-0.171]
[1,0,0,0]
[1,0,0,0]
[1,0,0,0]
[1,0,0,0]
[1,0,0,0]
[1,0,0,0]
[1,0,0,0]
[1,0,0,0]
[1,0,0,0]
[1,0,0,0]
[1,0,0,0]
[1,0,0,0]
[1,0,0,0]
[1,0,0,0]
[1,0,0,0]
[1,0,0,0]
[1,0,0,0]
[1,0,0,0]
[1,0,0,0]
[1,0,0,0]
[1,0,0,0]
[1,0,0,0]
[1,0,0,0]
[1,0,0,0]
[1,0,0,0]
[1,0,0,0]
[1,0,0,0]
[1,0,0,0]
[1,0,0,0]
[1,0,0,0]
[1,0,0,0]
[1,0,0,0]
[1,0,0,0]
[1,0,0,0]
[1,0,0,0]
[1,0,0,0]
[1,0,0,0]
[1,0,0,0]
[1,0,0,0]
[1,0,0,0]
[1,0,0,0]
[1,0,0,0]
[1,0,0,0]
[1,0,0,0]
[1,0,0,0]
[1,0,0,0]
[1,0,0,0]
[1,0,0,0]
[1,0,0,0]
[1,0,0,0]
[1,0,0,0]
[1,0,0,0]
[1,0,0,0]
[1,0,0,0]
[1,0,0,0]
[1,0,0,0]
[1,0,0,0]
[1,0,0,0]
[1,0,0,0]
[1,0,0,0]
[1,0,0,0]
[1,0,0,0]
[1,0,0,0]
[1,0,0,0]
[1,0,0,0]
[1,0,0,0]
[1,0,0,0]
[1,0,0,0]
[1,0,0,0]
[1,0,0,0]
[1,0,0,0]
[1,0,0,0]
[1,0,0,0]
[1,0,0,0]
[1,0,0,0]
[1,0,0,0]
[1,0,0,0]
[1,0,0,0]
[1,0,0,0]
[1,0,0,0]
[1,0,0,0]