81
10
[-0.12075,0.0765,-0.07588]
[-0.12075,0.0765,-0.07588]
[-0.12075,0.0765,-0.07588]
[-0.12075,0.0765,-0.07588]
[-0.12075,0.0765,-0.07588]
[-0.12075,0.0765,-0.07588]
[-0.12075,0.0765,-0.07588]
[-0.12075,0.0765,-0.07588]
[-0.12075,0.0765,-0.07588]
[-0.12075,0.0765,-0.07588]
[-0.12075,0.0765,-0.07588]
[-0.12075,0.0765,-0.07588]
[-0.12075,0.0765,-0.07588]
[-0.12075,0.0765,-0.07588]
[-0.12075,0.0765,-0.07588]
[-0.12075,0.0765,-0.07588]
[-0.12075,0.0765,-0.07588]
[-0.12075,0.0765,-0.07588]
[-0.12075,0.0765,-0.07588]
[-0.12075,0.0765,-0.07588]
[-0.12075,0.0765,-0.07588]
[-0.12075,0.0765,-0.07588]
[-0.12075,0.0765,-0.07588]
[-0.12075,0.0765,-0.07588]
[-0.12075,0.0765,-0.07588]
[-0.12075,0.0765,-0.07588]
[-0.12075,0.0765,-0.07588]
[-0.12075,0.0765,-0.07588]
[-0.12075,0.0765,-0.07588]
[-0.12075,0.0765,-0.07588]
[-0.12075,0.0765,-0.07588]
[-0.12075,0.0765,-0.071829]
[-0.12075,0.0765,-0.067778]
[-0.12075,0.0765,-0.063727]
[-0.12075,0.0765,-0.059676]
[-0.12075,0.0765,-0.055625]
[-0.12075,0.0765,-0.051574]
[-0.12075,0.0765,-0.047523]
[-0.12075,0.0765,-0.043472]
[-0.12075,0.0765,-0.039421]
[-0.12075,0.0765,-0.03537]
[-0.12075,0.0765,-0.03537]
[-0.12075,0.0765,-0.03537]
[-0.12075,0.0765,-0.03537]
[-0.12075,0.0765,-0.03537]
[-0.12075,0.0765,-0.03537]
[-0.12075,0.0765,-0.03537]
[-0.12075,0.0765,-0.03537]
[-0.12075,0.0765,-0.03537]
[-0.12075,0.0765,-0.03537]
[-0.12075,0.0765,-0.03537]
[-0.12075,0.0765,-0.037651]
[-0.12075,0.0765,-0.039932]
[-0.12075,0.0765,-0.042213]
[-0.12075,0.0765,-0.044494]
[-0.12075,0.0765,-0.046775]
[-0.12075,0.0765,-0.049056]
[-0.12075,0.0765,-0.051337]
[-0.12075,0.0765,-0.053618]
[-0.12075,0.0765,-0.055899]
[-0.12075,0.0765,-0.05818]
[-0.12075,0.0765,-0.05818]
[-0.12075,0.0765,-0.05818]
[-0.12075,0.0765,-0.05818]
[-0.12075,0.0765,-0.05818]
[-0.12075,0.0765,-0.05818]
[-0.12075,0.0765,-0.05818]
[-0.12075,0.0765,-0.05818]
[-0.12075,0.0765,-0.05818]
[-0.12075,0.0765,-0.05818]
[-0.12075,0.0765,-0.05818]
[-0.12075,0.0765,-0.05995]
[-0.12075,0.0765,-0.06172]
[-0.12075,0.0765,-0.06349]
[-0.12075,0.0765,-0.06526]
[-0.12075,0.0765,-0.06703]
[-0.12075,0.0765,-0.0688]
[-0.12075,0.0765,-0.07057]
[-0.12075,0.0765,-0.07234]
[-0.12075,0.0765,-0.07411]
[-0.12075,0.0765,-0.07588]
[1,0,0,0]
[1,0,0,0]
[1,0,0,0]
[1,0,0,0]
[1,0,0,0]
[1,0,0,0]
[1,0,0,0]
[1,0,0,0]
[1,0,0,0]
[1,0,0,0]
[1,0,0,0]
[1,0,0,0]
[1,0,0,0]
[1,0,0,0]
[1,0,0,0]
[1,0,0,0]
[1,0,0,0]
[1,0,0,0]
[1,0,0,0]
[1,0,0,0]
[1,0,0,0]
[1,0,0,0]
[1,0,0,0]
[1,0,0,0]
[1,0,0,0]
[1,0,0,0]
[1,0,0,0]
[1,0,0,0]
[1,0,0,0]
[1,0,0,0]
[1,0,0,0]
[1,0,0,0]
[1,0,0,0]
[1,0,0,0]
[1,0,0,0]
[1,0,0,0]
[1,0,0,0]
[1,0,0,0]
[1,0,0,0]
[1,0,0,0]
[1,0,0,0]
[1,0,0,0]
[1,0,0,0]
[1,0,0,0]
[1,0,0,0]
[1,0,0,0]
[1,0,0,0]
[1,0,0,0]
[1,0,0,0]
[1,0,0,0]
[1,0,0,0]
[1,0,0,0]
[1,0,0,0]
[1,0,0,0]
[1,0,0,0]
[1,0,0,0]
[1,0,0,0]
[1,0,0,0]
[1,0,0,0]
[1,0,0,0]
[1,0,0,0]
[1,0,0,0]
[1,0,0,0]
[1,0,0,0]
[1,0,0,0]
[1,0,0,0]
[1,0,0,0]
[1,0,0,0]
[1,0,0,0]
[1,0,0,0]
[1,0,0,0]
[1,0,0,0]
[1,0,0,0]
[1,0,0,0]
[1,0,0,0]
[1,0,0,0]
[1,0,0,0]
[1,0,0,0]
[1,0,0,0]
[1,0,0,0]
[1,0,0,0]