81
10
[0.0145,-0.04,-0.033]
[0.0145,-0.04,-0.033]
[0.0145,-0.04,-0.033]
[0.0145,-0.04,-0.033]
[0.0145,-0.04,-0.033]
[0.0145,-0.04,-0.033]
[0.0145,-0.04,-0.033]
[0.0145,-0.04,-0.033]
[0.0145,-0.04,-0.033]
[0.0145,-0.04,-0.033]
[0.0145,-0.04,-0.033]
[0.0145,-0.04,-0.0326]
[0.0145,-0.04,-0.0322]
[0.0145,-0.04,-0.0318]
[0.0145,-0.04,-0.0314]
[0.0145,-0.04,-0.031]
[0.0145,-0.04,-0.0306]
[0.0145,-0.04,-0.0302]
[0.0145,-0.04,-0.0298]
[0.0145,-0.04,-0.0294]
[0.0145,-0.04,-0.029]
[0.0145,-0.04,-0.029]
[0.0145,-0.04,-0.029]
[0.0145,-0.04,-0.029]
[0.0145,-0.04,-0.029]
[0.0145,-0.04,-0.029]
[0.0145,-0.04,-0.029]
[0.0145,-0.04,-0.029]
[0.0145,-0.04,-0.029]
[0.0145,-0.04,-0.029]
[0.0145,-0.04,-0.029]
[0.0145,-0.04,-0.029]
[0.0145,-0.04,-0.029]
[0.0145,-0.04,-0.029]
[0.0145,-0.04,-0.029]
[0.0145,-0.04,-0.029]
[0.0145,-0.04,-0.029]
[0.0145,-0.04,-0.029]
[0.0145,-0.04,-0.029]
[0.0145,-0.04,-0.029]
[0.0145,-0.04,-0.029]
[0.0145,-0.04,-0.029]
[0.0145,-0.04,-0.029]
[0.0145,-0.04,-0.029]
[0.0145,-0.04,-0.029]
[0.0145,-0.04,-0.029]
[0.0145,-0.04,-0.029]
[0.0145,-0.04,-0.029]
[0.0145,-0.04,-0.029]
[0.0145,-0.04,-0.029]
[0.0145,-0.04,-0.029]
[0.0145,-0.04,-0.029]
[0.0145,-0.04,-0.029]
[0.0145,-0.04,-0.029]
[0.0145,-0.04,-0.029]
[0.0145,-0.04,-0.029]
[0.0145,-0.04,-0.029]
[0.0145,-0.04,-0.029]
[0.0145,-0.04,-0.029]
[0.0145,-0.04,-0.029]
[0.0145,-0.04,-0.029]
[0.0145,-0.04,-0.0294]
[0.0145,-0.04,-0.0298]
[0.0145,-0.04,-0.0302]
[0.0145,-0.04,-0.0306]
[0.0145,-0.04,-0.031]
[0.0145,-0.04,-0.0314]
[0.0145,-0.04,-0.0318]
[0.0145,-0.04,-0.0322]
[0.0145,-0.04,-0.0326]
[0.0145,-0.04,-0.033]
[0.0145,-0.04,-0.033]
[0.0145,-0.04,-0.033]
[0.0145,-0.04,-0.033]
[0.0145,-0.04,-0.033]
[0.0145,-0.04,-0.033]
[0.0145,-0.04,-0.033]
[0.0145,-0.04,-0.033]
[0.0145,-0.04,-0.033]
[0.0145,-0.04,-0.033]
[0.0145,-0.04,-0.033]
[1,0,0,0]
[1,0,0,0]
[1,0,0,0]
[1,0,0,0]
[1,0,0,0]
[1,0,0,0]
[1,0,0,0]
[1,0,0,0]
[1,0,0,0]
[1,0,0,0]
[1,0,0,0]
[1,0,0,0]
[1,0,0,0]
[1,0,0,0]
[1,0,0,0]
[1,0,0,0]
[1,0,0,0]
[1,0,0,0]
[1,0,0,0]
[1,0,0,0]
[1,0,0,0]
[1,0,0,0]
[1,0,0,0]
[1,0,0,0]
[1,0,0,0]
[1,0,0,0]
[1,0,0,0]
[1,0,0,0]
[1,0,0,0]
[1,0,0,0]
[1,0,0,0]
[1,0,0,0]
[1,0,0,0]
[1,0,0,0]
[1,0,0,0]
[1,0,0,0]
[1,0,0,0]
[1,0,0,0]
[1,0,0,0]
[1,0,0,0]
[1,0,0,0]
[1,0,0,0]
[1,0,0,0]
[1,0,0,0]
[1,0,0,0]
[1,0,0,0]
[1,0,0,0]
[1,0,0,0]
[1,0,0,0]
[1,0,0,0]
[1,0,0,0]
[1,0,0,0]
[1,0,0,0]
[1,0,0,0]
[1,0,0,0]
[1,0,0,0]
[1,0,0,0]
[1,0,0,0]
[1,0,0,0]
[1,0,0,0]
[1,0,0,0]
[1,0,0,0]
[1,0,0,0]
[1,0,0,0]
[1,0,0,0]
[1,0,0,0]
[1,0,0,0]
[1,0,0,0]
[1,0,0,0]
[1,0,0,0]
[1,0,0,0]
[1,0,0,0]
[1,0,0,0]
[1,0,0,0]
[1,0,0,0]
[1,0,0,0]
[1,0,0,0]
[1,0,0,0]
[1,0,0,0]
[1,0,0,0]
[1,0,0,0]