81
10
[0.0145,-0.04,-0.033]
[0.0145,-0.04,-0.033]
[0.0145,-0.04,-0.033]
[0.0145,-0.04,-0.033]
[0.0145,-0.04,-0.033]
[0.0145,-0.04,-0.033]
[0.0145,-0.04,-0.033]
[0.0145,-0.04,-0.033]
[0.0145,-0.04,-0.033]
[0.0145,-0.04,-0.033]
[0.0145,-0.04,-0.033]
[0.0145,-0.04,-0.03115]
[0.0145,-0.04,-0.0293]
[0.0145,-0.04,-0.02745]
[0.0145,-0.04,-0.0256]
[0.0145,-0.04,-0.02375]
[0.0145,-0.04,-0.0219]
[0.0145,-0.04,-0.02005]
[0.0145,-0.04,-0.0182]
[0.0145,-0.04,-0.01635]
[0.0145,-0.04,-0.0145]
[0.0145,-0.04,-0.0145]
[0.0145,-0.04,-0.0145]
[0.0145,-0.04,-0.0145]
[0.0145,-0.04,-0.0145]
[0.0145,-0.04,-0.0145]
[0.0145,-0.04,-0.0145]
[0.0145,-0.04,-0.0145]
[0.0145,-0.04,-0.0145]
[0.0145,-0.04,-0.0145]
[0.0145,-0.04,-0.0145]
[0.0145,-0.04,-0.0145]
[0.0145,-0.04,-0.0145]
[0.0145,-0.04,-0.0145]
[0.0145,-0.04,-0.0145]
[0.0145,-0.04,-0.0145]
[0.0145,-0.04,-0.0145]
[0.0145,-0.04,-0.0145]
[0.0145,-0.04,-0.0145]
[0.0145,-0.04,-0.0145]
[0.0145,-0.04,-0.0145]
[0.0145,-0.04,-0.0145]
[0.0145,-0.04,-0.0145]
[0.0145,-0.04,-0.0145]
[0.0145,-0.04,-0.0145]
[0.0145,-0.04,-0.0145]
[0.0145,-0.04,-0.0145]
[0.0145,-0.04,-0.0145]
[0.0145,-0.04,-0.0145]
[0.0145,-0.04,-0.0145]
[0.0145,-0.04,-0.0145]
[0.0145,-0.04,-0.0145]
[0.0145,-0.04,-0.0145]
[0.0145,-0.04,-0.0145]
[0.0145,-0.04,-0.0145]
[0.0145,-0.04,-0.0145]
[0.0145,-0.04,-0.0145]
[0.0145,-0.04,-0.0145]
[0.0145,-0.04,-0.0145]
[0.0145,-0.04,-0.0145]
[0.0145,-0.04,-0.0145]
[0.0145,-0.04,-0.01635]
[0.0145,-0.04,-0.0182]
[0.0145,-0.04,-0.02005]
[0.0145,-0.04,-0.0219]
[0.0145,-0.04,-0.02375]
[0.0145,-0.04,-0.0256]
[0.0145,-0.04,-0.02745]
[0.0145,-0.04,-0.0293]
[0.0145,-0.04,-0.03115]
[0.0145,-0.04,-0.033]
[0.0145,-0.04,-0.033]
[0.0145,-0.04,-0.033]
[0.0145,-0.04,-0.033]
[0.0145,-0.04,-0.033]
[0.0145,-0.04,-0.033]
[0.0145,-0.04,-0.033]
[0.0145,-0.04,-0.033]
[0.0145,-0.04,-0.033]
[0.0145,-0.04,-0.033]
[0.0145,-0.04,-0.033]
[1,0,0,0]
[1,0,0,0]
[1,0,0,0]
[1,0,0,0]
[1,0,0,0]
[1,0,0,0]
[1,0,0,0]
[1,0,0,0]
[1,0,0,0]
[1,0,0,0]
[1,0,0,0]
[1,0,0,0]
[1,0,0,0]
[1,0,0,0]
[1,0,0,0]
[1,0,0,0]
[1,0,0,0]
[1,0,0,0]
[1,0,0,0]
[1,0,0,0]
[1,0,0,0]
[1,0,0,0]
[1,0,0,0]
[1,0,0,0]
[1,0,0,0]
[1,0,0,0]
[1,0,0,0]
[1,0,0,0]
[1,0,0,0]
[1,0,0,0]
[1,0,0,0]
[1,0,0,0]
[1,0,0,0]
[1,0,0,0]
[1,0,0,0]
[1,0,0,0]
[1,0,0,0]
[1,0,0,0]
[1,0,0,0]
[1,0,0,0]
[1,0,0,0]
[1,0,0,0]
[1,0,0,0]
[1,0,0,0]
[1,0,0,0]
[1,0,0,0]
[1,0,0,0]
[1,0,0,0]
[1,0,0,0]
[1,0,0,0]
[1,0,0,0]
[1,0,0,0]
[1,0,0,0]
[1,0,0,0]
[1,0,0,0]
[1,0,0,0]
[1,0,0,0]
[1,0,0,0]
[1,0,0,0]
[1,0,0,0]
[1,0,0,0]
[1,0,0,0]
[1,0,0,0]
[1,0,0,0]
[1,0,0,0]
[1,0,0,0]
[1,0,0,0]
[1,0,0,0]
[1,0,0,0]
[1,0,0,0]
[1,0,0,0]
[1,0,0,0]
[1,0,0,0]
[1,0,0,0]
[1,0,0,0]
[1,0,0,0]
[1,0,0,0]
[1,0,0,0]
[1,0,0,0]
[1,0,0,0]
[1,0,0,0]