81
10
[-0.12075,0.0765,-0.07588]
[-0.12075,0.0765,-0.07588]
[-0.12075,0.0765,-0.07588]
[-0.12075,0.0765,-0.07588]
[-0.12075,0.0765,-0.07588]
[-0.12075,0.0765,-0.07588]
[-0.12075,0.0765,-0.07588]
[-0.12075,0.0765,-0.07588]
[-0.12075,0.0765,-0.07588]
[-0.12075,0.0765,-0.07588]
[-0.12075,0.0765,-0.07588]
[-0.12075,0.0765,-0.07588]
[-0.12075,0.0765,-0.07588]
[-0.12075,0.0765,-0.07588]
[-0.12075,0.0765,-0.07588]
[-0.12075,0.0765,-0.07588]
[-0.12075,0.0765,-0.07588]
[-0.12075,0.0765,-0.07588]
[-0.12075,0.0765,-0.07588]
[-0.12075,0.0765,-0.07588]
[-0.12075,0.0765,-0.07588]
[-0.12075,0.0765,-0.07588]
[-0.12075,0.0765,-0.07588]
[-0.12075,0.0765,-0.07588]
[-0.12075,0.0765,-0.07588]
[-0.12075,0.0765,-0.07588]
[-0.12075,0.0765,-0.07588]
[-0.12075,0.0765,-0.07588]
[-0.12075,0.0765,-0.07588]
[-0.12075,0.0765,-0.07588]
[-0.12075,0.0765,-0.07588]
[-0.12075,0.0765,-0.079453]
[-0.12075,0.0765,-0.083026]
[-0.12075,0.0765,-0.086599]
[-0.12075,0.0765,-0.090172]
[-0.12075,0.0765,-0.093745]
[-0.12075,0.0765,-0.097318]
[-0.12075,0.0765,-0.100891]
[-0.12075,0.0765,-0.104464]
[-0.12075,0.0765,-0.108037]
[-0.12075,0.0765,-0.11161]
[-0.12075,0.0765,-0.11161]
[-0.12075,0.0765,-0.11161]
[-0.12075,0.0765,-0.11161]
[-0.12075,0.0765,-0.11161]
[-0.12075,0.0765,-0.11161]
[-0.12075,0.0765,-0.11161]
[-0.12075,0.0765,-0.11161]
[-0.12075,0.0765,-0.11161]
[-0.12075,0.0765,-0.11161]
[-0.12075,0.0765,-0.11161]
[-0.12075,0.0765,-0.11161]
[-0.12075,0.0765,-0.11161]
[-0.12075,0.0765,-0.11161]
[-0.12075,0.0765,-0.11161]
[-0.12075,0.0765,-0.11161]
[-0.12075,0.0765,-0.11161]
[-0.12075,0.0765,-0.11161]
[-0.12075,0.0765,-0.11161]
[-0.12075,0.0765,-0.11161]
[-0.12075,0.0765,-0.11161]
[-0.12075,0.0765,-0.11161]
[-0.12075,0.0765,-0.11161]
[-0.12075,0.0765,-0.11161]
[-0.12075,0.0765,-0.11161]
[-0.12075,0.0765,-0.11161]
[-0.12075,0.0765,-0.11161]
[-0.12075,0.0765,-0.11161]
[-0.12075,0.0765,-0.11161]
[-0.12075,0.0765,-0.11161]
[-0.12075,0.0765,-0.11161]
[-0.12075,0.0765,-0.108037]
[-0.12075,0.0765,-0.104464]
[-0.12075,0.0765,-0.100891]
[-0.12075,0.0765,-0.097318]
[-0.12075,0.0765,-0.093745]
[-0.12075,0.0765,-0.090172]
[-0.12075,0.0765,-0.086599]
[-0.12075,0.0765,-0.083026]
[-0.12075,0.0765,-0.079453]
[-0.12075,0.0765,-0.07588]
[1,0,0,0]
[1,0,0,0]
[1,0,0,0]
[1,0,0,0]
[1,0,0,0]
[1,0,0,0]
[1,0,0,0]
[1,0,0,0]
[1,0,0,0]
[1,0,0,0]
[1,0,0,0]
[1,0,0,0]
[1,0,0,0]
[1,0,0,0]
[1,0,0,0]
[1,0,0,0]
[1,0,0,0]
[1,0,0,0]
[1,0,0,0]
[1,0,0,0]
[1,0,0,0]
[1,0,0,0]
[1,0,0,0]
[1,0,0,0]
[1,0,0,0]
[1,0,0,0]
[1,0,0,0]
[1,0,0,0]
[1,0,0,0]
[1,0,0,0]
[1,0,0,0]
[1,0,0,0]
[1,0,0,0]
[1,0,0,0]
[1,0,0,0]
[1,0,0,0]
[1,0,0,0]
[1,0,0,0]
[1,0,0,0]
[1,0,0,0]
[1,0,0,0]
[1,0,0,0]
[1,0,0,0]
[1,0,0,0]
[1,0,0,0]
[1,0,0,0]
[1,0,0,0]
[1,0,0,0]
[1,0,0,0]
[1,0,0,0]
[1,0,0,0]
[1,0,0,0]
[1,0,0,0]
[1,0,0,0]
[1,0,0,0]
[1,0,0,0]
[1,0,0,0]
[1,0,0,0]
[1,0,0,0]
[1,0,0,0]
[1,0,0,0]
[1,0,0,0]
[1,0,0,0]
[1,0,0,0]
[1,0,0,0]
[1,0,0,0]
[1,0,0,0]
[1,0,0,0]
[1,0,0,0]
[1,0,0,0]
[1,0,0,0]
[1,0,0,0]
[1,0,0,0]
[1,0,0,0]
[1,0,0,0]
[1,0,0,0]
[1,0,0,0]
[1,0,0,0]
[1,0,0,0]
[1,0,0,0]
[1,0,0,0]