81
10
[-0.0065,-0.0472,-0.171]
[-0.0065,-0.0472,-0.171]
[-0.0065,-0.0472,-0.171]
[-0.0065,-0.0472,-0.171]
[-0.0065,-0.0472,-0.171]
[-0.0065,-0.0472,-0.171]
[-0.0065,-0.0472,-0.171]
[-0.0065,-0.0472,-0.171]
[-0.0065,-0.0472,-0.171]
[-0.0065,-0.0472,-0.171]
[-0.0065,-0.0472,-0.171]
[-0.0065,-0.0472,-0.171]
[-0.0065,-0.0472,-0.171]
[-0.0065,-0.0472,-0.171]
[-0.0065,-0.0472,-0.171]
[-0.0065,-0.0472,-0.171]
[-0.0065,-0.0472,-0.171]
[-0.0065,-0.0472,-0.171]
[-0.0065,-0.0472,-0.171]
[-0.0065,-0.0472,-0.171]
[-0.0065,-0.0472,-0.171]
[-0.0065,-0.0472,-0.171]
[-0.0065,-0.0472,-0.171]
[-0.0065,-0.0472,-0.171]
[-0.0065,-0.0472,-0.171]
[-0.0065,-0.0472,-0.171]
[-0.0065,-0.0472,-0.171]
[-0.0065,-0.0472,-0.171]
[-0.0065,-0.0472,-0.171]
[-0.0065,-0.0472,-0.171]
[-0.0065,-0.0472,-0.171]
[-0.0065,-0.054058,-0.171]
[-0.0065,-0.060916,-0.171]
[-0.0065,-0.067774,-0.171]
[-0.0065,-0.074632,-0.171]
[-0.0065,-0.08149,-0.171]
[-0.0065,-0.088348,-0.171]
[-0.0065,-0.095206,-0.171]
[-0.0065,-0.102064,-0.171]
[-0.0065,-0.108922,-0.171]
[-0.0065,-0.11578,-0.171]
[-0.0065,-0.11578,-0.171]
[-0.0065,-0.11578,-0.171]
[-0.0065,-0.11578,-0.171]
[-0.0065,-0.11578,-0.171]
[-0.0065,-0.11578,-0.171]
[-0.0065,-0.11578,-0.171]
[-0.0065,-0.11578,-0.171]
[-0.0065,-0.11578,-0.171]
[-0.0065,-0.11578,-0.171]
[-0.0065,-0.11578,-0.171]
[-0.0065,-0.11578,-0.171]
[-0.0065,-0.11578,-0.171]
[-0.0065,-0.11578,-0.171]
[-0.0065,-0.11578,-0.171]
[-0.0065,-0.11578,-0.171]
[-0.0065,-0.105983,-0.171]
[-0.0065,-0.0961857,-0.171]
[-0.0065,-0.0863886,-0.171]
[-0.0065,-0.0765914,-0.171]
[-0.0065,-0.0667943,-0.171]
[-0.0065,-0.0569971,-0.171]
[-0.0065,-0.0472,-0.171]
[-0.0065,-0.0472,-0.171]
[-0.0065,-0.0472,-0.171]
[-0.0065,-0.0472,-0.171]
[-0.0065,-0.0472,-0.171]
[-0.0065,-0.0472,-0.171]
[-0.0065,-0.0472,-0.171]
[-0.0065,-0.0472,-0.171]
[-0.0065,-0.0472,-0.171]
[-0.0065,-0.0472,-0.171]
[-0.0065,-0.0472,-0.171]
[-0.0065,-0.0472,-0.171]
[-0.0065,-0.0472,-0.171]
[-0.0065,-0.0472,-0.171]
[-0.0065,-0.0472,-0.171]
[-0.0065,-0.0472,-0.171]
[-0.0065,-0.0472,-0.171]
[-0.0065,-0.0472,-0.171]
[-0.0065,-0.0472,-0.171]
[1,0,0,0]
[1,0,0,0]
[1,0,0,0]
[1,0,0,0]
[1,0,0,0]
[1,0,0,0]
[1,0,0,0]
[1,0,0,0]
[1,0,0,0]
[1,0,0,0]
[1,0,0,0]
[1,0,0,0]
[1,0,0,0]
[1,0,0,0]
[1,0,0,0]
[1,0,0,0]
[1,0,0,0]
[1,0,0,0]
[1,0,0,0]
[1,0,0,0]
[1,0,0,0]
[1,0,0,0]
[1,0,0,0]
[1,0,0,0]
[1,0,0,0]
[1,0,0,0]
[1,0,0,0]
[1,0,0,0]
[1,0,0,0]
[1,0,0,0]
[1,0,0,0]
[1,0,0,0]
[1,0,0,0]
[1,0,0,0]
[1,0,0,0]
[1,0,0,0]
[1,0,0,0]
[1,0,0,0]
[1,0,0,0]
[1,0,0,0]
[1,0,0,0]
[1,0,0,0]
[1,0,0,0]
[1,0,0,0]
[1,0,0,0]
[1,0,0,0]
[1,0,0,0]
[1,0,0,0]
[1,0,0,0]
[1,0,0,0]
[1,0,0,0]
[1,0,0,0]
[1,0,0,0]
[1,0,0,0]
[1,0,0,0]
[1,0,0,0]
[1,0,0,0]
[1,0,0,0]
[1,0,0,0]
[1,0,0,0]
[1,0,0,0]
[1,0,0,0]
[1,0,0,0]
[1,0,0,0]
[1,0,0,0]
[1,0,0,0]
[1,0,0,0]
[1,0,0,0]
[1,0,0,0]
[1,0,0,0]
[1,0,0,0]
[1,0,0,0]
[1,0,0,0]
[1,0,0,0]
[1,0,0,0]
[1,0,0,0]
[1,0,0,0]
[1,0,0,0]
[1,0,0,0]
[1,0,0,0]
[1,0,0,0]