81
10
[0.0145,-0.04,0.028]
[0.0145,-0.04,0.028]
[0.0145,-0.04,0.028]
[0.0145,-0.04,0.028]
[0.0145,-0.04,0.028]
[0.0145,-0.04,0.028]
[0.0145,-0.04,0.028]
[0.0145,-0.04,0.028]
[0.0145,-0.04,0.028]
[0.0145,-0.04,0.028]
[0.0145,-0.04,0.028]
[0.0145,-0.04,0.02595]
[0.0145,-0.04,0.0239]
[0.0145,-0.04,0.02185]
[0.0145,-0.04,0.0198]
[0.0145,-0.04,0.01775]
[0.0145,-0.04,0.0157]
[0.0145,-0.04,0.01365]
[0.0145,-0.04,0.0116]
[0.0145,-0.04,0.00955]
[0.0145,-0.04,0.0075]
[0.0145,-0.04,0.0075]
[0.0145,-0.04,0.0075]
[0.0145,-0.04,0.0075]
[0.0145,-0.04,0.0075]
[0.0145,-0.04,0.0075]
[0.0145,-0.04,0.0075]
[0.0145,-0.04,0.0075]
[0.0145,-0.04,0.0075]
[0.0145,-0.04,0.0075]
[0.0145,-0.04,0.0075]
[0.0145,-0.04,0.0075]
[0.0145,-0.04,0.0075]
[0.0145,-0.04,0.0075]
[0.0145,-0.04,0.0075]
[0.0145,-0.04,0.0075]
[0.0145,-0.04,0.0075]
[0.0145,-0.04,0.0075]
[0.0145,-0.04,0.0075]
[0.0145,-0.04,0.0075]
[0.0145,-0.04,0.0075]
[0.0145,-0.04,0.0075]
[0.0145,-0.04,0.0075]
[0.0145,-0.04,0.0075]
[0.0145,-0.04,0.0075]
[0.0145,-0.04,0.0075]
[0.0145,-0.04,0.0075]
[0.0145,-0.04,0.0075]
[0.0145,-0.04,0.0075]
[0.0145,-0.04,0.0075]
[0.0145,-0.04,0.0075]
[0.0145,-0.04,0.0075]
[0.0145,-0.04,0.0075]
[0.0145,-0.04,0.0075]
[0.0145,-0.04,0.0075]
[0.0145,-0.04,0.0075]
[0.0145,-0.04,0.0075]
[0.0145,-0.04,0.0075]
[0.0145,-0.04,0.0075]
[0.0145,-0.04,0.0075]
[0.0145,-0.04,0.0075]
[0.0145,-0.04,0.00955]
[0.0145,-0.04,0.0116]
[0.0145,-0.04,0.01365]
[0.0145,-0.04,0.0157]
[0.0145,-0.04,0.01775]
[0.0145,-0.04,0.0198]
[0.0145,-0.04,0.02185]
[0.0145,-0.04,0.0239]
[0.0145,-0.04,0.02595]
[0.0145,-0.04,0.028]
[0.0145,-0.04,0.028]
[0.0145,-0.04,0.028]
[0.0145,-0.04,0.028]
[0.0145,-0.04,0.028]
[0.0145,-0.04,0.028]
[0.0145,-0.04,0.028]
[0.0145,-0.04,0.028]
[0.0145,-0.04,0.028]
[0.0145,-0.04,0.028]
[0.0145,-0.04,0.028]
[1,0,0,0]
[1,0,0,0]
[1,0,0,0]
[1,0,0,0]
[1,0,0,0]
[1,0,0,0]
[1,0,0,0]
[1,0,0,0]
[1,0,0,0]
[1,0,0,0]
[1,0,0,0]
[1,0,0,0]
[1,0,0,0]
[1,0,0,0]
[1,0,0,0]
[1,0,0,0]
[1,0,0,0]
[1,0,0,0]
[1,0,0,0]
[1,0,0,0]
[1,0,0,0]
[1,0,0,0]
[1,0,0,0]
[1,0,0,0]
[1,0,0,0]
[1,0,0,0]
[1,0,0,0]
[1,0,0,0]
[1,0,0,0]
[1,0,0,0]
[1,0,0,0]
[1,0,0,0]
[1,0,0,0]
[1,0,0,0]
[1,0,0,0]
[1,0,0,0]
[1,0,0,0]
[1,0,0,0]
[1,0,0,0]
[1,0,0,0]
[1,0,0,0]
[1,0,0,0]
[1,0,0,0]
[1,0,0,0]
[1,0,0,0]
[1,0,0,0]
[1,0,0,0]
[1,0,0,0]
[1,0,0,0]
[1,0,0,0]
[1,0,0,0]
[1,0,0,0]
[1,0,0,0]
[1,0,0,0]
[1,0,0,0]
[1,0,0,0]
[1,0,0,0]
[1,0,0,0]
[1,0,0,0]
[1,0,0,0]
[1,0,0,0]
[1,0,0,0]
[1,0,0,0]
[1,0,0,0]
[1,0,0,0]
[1,0,0,0]
[1,0,0,0]
[1,0,0,0]
[1,0,0,0]
[1,0,0,0]
[1,0,0,0]
[1,0,0,0]
[1,0,0,0]
[1,0,0,0]
[1,0,0,0]
[1,0,0,0]
[1,0,0,0]
[1,0,0,0]
[1,0,0,0]
[1,0,0,0]
[1,0,0,0]