81
10
[0.01795,0.369,0.02663]
[0.01795,0.369,0.02663]
[0.01795,0.369,0.02663]
[0.01795,0.369,0.02663]
[0.01795,0.369,0.02663]
[0.01795,0.369,0.02663]
[0.01795,0.369,0.02663]
[0.01795,0.369,0.02663]
[0.01795,0.369,0.02663]
[0.01795,0.369,0.02663]
[0.01795,0.369,0.02663]
[0.01795,0.369,0.02663]
[0.01795,0.369,0.02663]
[0.01795,0.369,0.02663]
[0.01795,0.369,0.02663]
[0.01795,0.369,0.02663]
[0.01795,0.369,0.02663]
[0.01795,0.369,0.02663]
[0.01795,0.369,0.02663]
[0.01795,0.369,0.02663]
[0.01795,0.369,0.02663]
[0.037445,0.369,0.02663]
[0.05694,0.369,0.02663]
[0.076435,0.369,0.02663]
[0.09593,0.369,0.02663]
[0.115425,0.369,0.02663]
[0.13492,0.369,0.02663]
[0.154415,0.369,0.02663]
[0.17391,0.369,0.02663]
[0.193405,0.369,0.02663]
[0.2129,0.369,0.02663]
[0.2129,0.369,0.02663]
[0.2129,0.369,0.02663]
[0.2129,0.369,0.02663]
[0.2129,0.369,0.02663]
[0.2129,0.369,0.02663]
[0.2129,0.369,0.02663]
[0.2129,0.369,0.02663]
[0.2129,0.369,0.02663]
[0.2129,0.369,0.02663]
[0.2129,0.369,0.02663]
[0.2129,0.369,0.02663]
[0.2129,0.369,0.02663]
[0.2129,0.369,0.02663]
[0.2129,0.369,0.02663]
[0.2129,0.369,0.02663]
[0.2129,0.369,0.02663]
[0.2129,0.369,0.02663]
[0.2129,0.369,0.02663]
[0.2129,0.369,0.02663]
[0.2129,0.369,0.02663]
[0.2129,0.369,0.02663]
[0.2129,0.369,0.02663]
[0.2129,0.369,0.02663]
[0.2129,0.369,0.02663]
[0.2129,0.369,0.02663]
[0.2129,0.369,0.02663]
[0.2129,0.369,0.02663]
[0.2129,0.369,0.02663]
[0.2129,0.369,0.02663]
[0.2129,0.369,0.02663]
[0.2129,0.369,0.02663]
[0.2129,0.369,0.02663]
[0.2129,0.369,0.02663]
[0.2129,0.369,0.02663]
[0.2129,0.369,0.02663]
[0.2129,0.369,0.02663]
[0.2129,0.369,0.02663]
[0.2129,0.369,0.02663]
[0.2129,0.369,0.02663]
[0.2129,0.369,0.02663]
[0.193405,0.369,0.02663]
[0.17391,0.369,0.02663]
[0.154415,0.369,0.02663]
[0.13492,0.369,0.02663]
[0.115425,0.369,0.02663]
[0.09593,0.369,0.02663]
[0.076435,0.369,0.02663]
[0.05694,0.369,0.02663]
[0.037445,0.369,0.02663]
[0.01795,0.369,0.02663]
[1,0,0,0]
[1,0,0,0]
[1,0,0,0]
[1,0,0,0]
[1,0,0,0]
[1,0,0,0]
[1,0,0,0]
[1,0,0,0]
[1,0,0,0]
[1,0,0,0]
[1,0,0,0]
[1,0,0,0]
[1,0,0,0]
[1,0,0,0]
[1,0,0,0]
[1,0,0,0]
[1,0,0,0]
[1,0,0,0]
[1,0,0,0]
[1,0,0,0]
[1,0,0,0]
[1,0,0,0]
[1,0,0,0]
[1,0,0,0]
[1,0,0,0]
[1,0,0,0]
[1,0,0,0]
[1,0,0,0]
[1,0,0,0]
[1,0,0,0]
[1,0,0,0]
[1,0,0,0]
[1,0,0,0]
[1,0,0,0]
[1,0,0,0]
[1,0,0,0]
[1,0,0,0]
[1,0,0,0]
[1,0,0,0]
[1,0,0,0]
[1,0,0,0]
[1,0,0,0]
[1,0,0,0]
[1,0,0,0]
[1,0,0,0]
[1,0,0,0]
[1,0,0,0]
[1,0,0,0]
[1,0,0,0]
[1,0,0,0]
[1,0,0,0]
[1,0,0,0]
[1,0,0,0]
[1,0,0,0]
[1,0,0,0]
[1,0,0,0]
[1,0,0,0]
[1,0,0,0]
[1,0,0,0]
[1,0,0,0]
[1,0,0,0]
[1,0,0,0]
[1,0,0,0]
[1,0,0,0]
[1,0,0,0]
[1,0,0,0]
[1,0,0,0]
[1,0,0,0]
[1,0,0,0]
[1,0,0,0]
[1,0,0,0]
[1,0,0,0]
[1,0,0,0]
[1,0,0,0]
[1,0,0,0]
[1,0,0,0]
[1,0,0,0]
[1,0,0,0]
[1,0,0,0]
[1,0,0,0]
[1,0,0,0]