81
10
[-0.12075,0.0765,-0.07588]
[-0.12075,0.0765,-0.07588]
[-0.12075,0.0765,-0.07588]
[-0.12075,0.0765,-0.07588]
[-0.12075,0.0765,-0.07588]
[-0.12075,0.0765,-0.07588]
[-0.12075,0.0765,-0.07588]
[-0.12075,0.0765,-0.07588]
[-0.12075,0.0765,-0.07588]
[-0.12075,0.0765,-0.07588]
[-0.12075,0.0765,-0.07588]
[-0.12075,0.0765,-0.07588]
[-0.12075,0.0765,-0.07588]
[-0.12075,0.0765,-0.07588]
[-0.12075,0.0765,-0.07588]
[-0.12075,0.0765,-0.07588]
[-0.12075,0.0765,-0.07588]
[-0.12075,0.0765,-0.07588]
[-0.12075,0.0765,-0.07588]
[-0.12075,0.0765,-0.07588]
[-0.12075,0.0765,-0.07588]
[-0.12075,0.0765,-0.07588]
[-0.12075,0.0765,-0.07588]
[-0.12075,0.0765,-0.07588]
[-0.12075,0.0765,-0.07588]
[-0.12075,0.0765,-0.07588]
[-0.12075,0.0765,-0.07588]
[-0.12075,0.0765,-0.07588]
[-0.12075,0.0765,-0.07588]
[-0.12075,0.0765,-0.07588]
[-0.12075,0.0765,-0.07588]
[-0.12075,0.0765,-0.078778]
[-0.12075,0.0765,-0.081676]
[-0.12075,0.0765,-0.084574]
[-0.12075,0.0765,-0.087472]
[-0.12075,0.0765,-0.09037]
[-0.12075,0.0765,-0.093268]
[-0.12075,0.0765,-0.096166]
[-0.12075,0.0765,-0.099064]
[-0.12075,0.0765,-0.101962]
[-0.12075,0.0765,-0.10486]
[-0.12075,0.0765,-0.10486]
[-0.12075,0.0765,-0.10486]
[-0.12075,0.0765,-0.10486]
[-0.12075,0.0765,-0.10486]
[-0.12075,0.0765,-0.10486]
[-0.12075,0.0765,-0.10486]
[-0.12075,0.0765,-0.10486]
[-0.12075,0.0765,-0.10486]
[-0.12075,0.0765,-0.10486]
[-0.12075,0.0765,-0.10486]
[-0.12075,0.0765,-0.10486]
[-0.12075,0.0765,-0.10486]
[-0.12075,0.0765,-0.10486]
[-0.12075,0.0765,-0.10486]
[-0.12075,0.0765,-0.10486]
[-0.12075,0.0765,-0.10486]
[-0.12075,0.0765,-0.10486]
[-0.12075,0.0765,-0.10486]
[-0.12075,0.0765,-0.10486]
[-0.12075,0.0765,-0.10486]
[-0.12075,0.0765,-0.10486]
[-0.12075,0.0765,-0.10486]
[-0.12075,0.0765,-0.10486]
[-0.12075,0.0765,-0.10486]
[-0.12075,0.0765,-0.10486]
[-0.12075,0.0765,-0.10486]
[-0.12075,0.0765,-0.10486]
[-0.12075,0.0765,-0.10486]
[-0.12075,0.0765,-0.10486]
[-0.12075,0.0765,-0.10486]
[-0.12075,0.0765,-0.101962]
[-0.12075,0.0765,-0.099064]
[-0.12075,0.0765,-0.096166]
[-0.12075,0.0765,-0.093268]
[-0.12075,0.0765,-0.09037]
[-0.12075,0.0765,-0.087472]
[-0.12075,0.0765,-0.084574]
[-0.12075,0.0765,-0.081676]
[-0.12075,0.0765,-0.078778]
[-0.12075,0.0765,-0.07588]
[1,0,0,0]
[1,0,0,0]
[1,0,0,0]
[1,0,0,0]
[1,0,0,0]
[1,0,0,0]
[1,0,0,0]
[1,0,0,0]
[1,0,0,0]
[1,0,0,0]
[1,0,0,0]
[1,0,0,0]
[1,0,0,0]
[1,0,0,0]
[1,0,0,0]
[1,0,0,0]
[1,0,0,0]
[1,0,0,0]
[1,0,0,0]
[1,0,0,0]
[1,0,0,0]
[1,0,0,0]
[1,0,0,0]
[1,0,0,0]
[1,0,0,0]
[1,0,0,0]
[1,0,0,0]
[1,0,0,0]
[1,0,0,0]
[1,0,0,0]
[1,0,0,0]
[1,0,0,0]
[1,0,0,0]
[1,0,0,0]
[1,0,0,0]
[1,0,0,0]
[1,0,0,0]
[1,0,0,0]
[1,0,0,0]
[1,0,0,0]
[1,0,0,0]
[1,0,0,0]
[1,0,0,0]
[1,0,0,0]
[1,0,0,0]
[1,0,0,0]
[1,0,0,0]
[1,0,0,0]
[1,0,0,0]
[1,0,0,0]
[1,0,0,0]
[1,0,0,0]
[1,0,0,0]
[1,0,0,0]
[1,0,0,0]
[1,0,0,0]
[1,0,0,0]
[1,0,0,0]
[1,0,0,0]
[1,0,0,0]
[1,0,0,0]
[1,0,0,0]
[1,0,0,0]
[1,0,0,0]
[1,0,0,0]
[1,0,0,0]
[1,0,0,0]
[1,0,0,0]
[1,0,0,0]
[1,0,0,0]
[1,0,0,0]
[1,0,0,0]
[1,0,0,0]
[1,0,0,0]
[1,0,0,0]
[1,0,0,0]
[1,0,0,0]
[1,0,0,0]
[1,0,0,0]
[1,0,0,0]
[1,0,0,0]