81
10
[-0.0065,-0.0512,-0.171]
[-0.0065,-0.0512,-0.171]
[-0.0065,-0.0512,-0.171]
[-0.0065,-0.0512,-0.171]
[-0.0065,-0.0512,-0.171]
[-0.0065,-0.0512,-0.171]
[-0.0065,-0.0512,-0.171]
[-0.0065,-0.0512,-0.171]
[-0.0065,-0.0512,-0.171]
[-0.0065,-0.0512,-0.171]
[-0.0065,-0.0512,-0.171]
[-0.0065,-0.0512,-0.171]
[-0.0065,-0.0512,-0.171]
[-0.0065,-0.0512,-0.171]
[-0.0065,-0.0512,-0.171]
[-0.0065,-0.0512,-0.171]
[-0.0065,-0.0512,-0.171]
[-0.0065,-0.0512,-0.171]
[-0.0065,-0.0512,-0.171]
[-0.0065,-0.0512,-0.171]
[-0.0065,-0.0512,-0.171]
[-0.0065,-0.0512,-0.171]
[-0.0065,-0.0512,-0.171]
[-0.0065,-0.0512,-0.171]
[-0.0065,-0.0512,-0.171]
[-0.0065,-0.0512,-0.171]
[-0.0065,-0.0512,-0.171]
[-0.0065,-0.0512,-0.171]
[-0.0065,-0.0512,-0.171]
[-0.0065,-0.0512,-0.171]
[-0.0065,-0.0512,-0.171]
[-0.0065,-0.058105,-0.171]
[-0.0065,-0.06501,-0.171]
[-0.0065,-0.071915,-0.171]
[-0.0065,-0.07882,-0.171]
[-0.0065,-0.085725,-0.171]
[-0.0065,-0.09263,-0.171]
[-0.0065,-0.099535,-0.171]
[-0.0065,-0.10644,-0.171]
[-0.0065,-0.113345,-0.171]
[-0.0065,-0.12025,-0.171]
[-0.0065,-0.12025,-0.171]
[-0.0065,-0.12025,-0.171]
[-0.0065,-0.12025,-0.171]
[-0.0065,-0.12025,-0.171]
[-0.0065,-0.12025,-0.171]
[-0.0065,-0.12025,-0.171]
[-0.0065,-0.12025,-0.171]
[-0.0065,-0.12025,-0.171]
[-0.0065,-0.12025,-0.171]
[-0.0065,-0.12025,-0.171]
[-0.0065,-0.12025,-0.171]
[-0.0065,-0.12025,-0.171]
[-0.0065,-0.12025,-0.171]
[-0.0065,-0.12025,-0.171]
[-0.0065,-0.12025,-0.171]
[-0.0065,-0.110386,-0.171]
[-0.0065,-0.100521,-0.171]
[-0.0065,-0.0906571,-0.171]
[-0.0065,-0.0807929,-0.171]
[-0.0065,-0.0709286,-0.171]
[-0.0065,-0.0610643,-0.171]
[-0.0065,-0.0512,-0.171]
[-0.0065,-0.0512,-0.171]
[-0.0065,-0.0512,-0.171]
[-0.0065,-0.0512,-0.171]
[-0.0065,-0.0512,-0.171]
[-0.0065,-0.0512,-0.171]
[-0.0065,-0.0512,-0.171]
[-0.0065,-0.0512,-0.171]
[-0.0065,-0.0512,-0.171]
[-0.0065,-0.0512,-0.171]
[-0.0065,-0.0512,-0.171]
[-0.0065,-0.0512,-0.171]
[-0.0065,-0.0512,-0.171]
[-0.0065,-0.0512,-0.171]
[-0.0065,-0.0512,-0.171]
[-0.0065,-0.0512,-0.171]
[-0.0065,-0.0512,-0.171]
[-0.0065,-0.0512,-0.171]
[-0.0065,-0.0512,-0.171]
[1,0,0,0]
[1,0,0,0]
[1,0,0,0]
[1,0,0,0]
[1,0,0,0]
[1,0,0,0]
[1,0,0,0]
[1,0,0,0]
[1,0,0,0]
[1,0,0,0]
[1,0,0,0]
[1,0,0,0]
[1,0,0,0]
[1,0,0,0]
[1,0,0,0]
[1,0,0,0]
[1,0,0,0]
[1,0,0,0]
[1,0,0,0]
[1,0,0,0]
[1,0,0,0]
[1,0,0,0]
[1,0,0,0]
[1,0,0,0]
[1,0,0,0]
[1,0,0,0]
[1,0,0,0]
[1,0,0,0]
[1,0,0,0]
[1,0,0,0]
[1,0,0,0]
[1,0,0,0]
[1,0,0,0]
[1,0,0,0]
[1,0,0,0]
[1,0,0,0]
[1,0,0,0]
[1,0,0,0]
[1,0,0,0]
[1,0,0,0]
[1,0,0,0]
[1,0,0,0]
[1,0,0,0]
[1,0,0,0]
[1,0,0,0]
[1,0,0,0]
[1,0,0,0]
[1,0,0,0]
[1,0,0,0]
[1,0,0,0]
[1,0,0,0]
[1,0,0,0]
[1,0,0,0]
[1,0,0,0]
[1,0,0,0]
[1,0,0,0]
[1,0,0,0]
[1,0,0,0]
[1,0,0,0]
[1,0,0,0]
[1,0,0,0]
[1,0,0,0]
[1,0,0,0]
[1,0,0,0]
[1,0,0,0]
[1,0,0,0]
[1,0,0,0]
[1,0,0,0]
[1,0,0,0]
[1,0,0,0]
[1,0,0,0]
[1,0,0,0]
[1,0,0,0]
[1,0,0,0]
[1,0,0,0]
[1,0,0,0]
[1,0,0,0]
[1,0,0,0]
[1,0,0,0]
[1,0,0,0]
[1,0,0,0]