81
10
[0.0145,-0.04,-0.027]
[0.0145,-0.04,-0.027]
[0.0145,-0.04,-0.027]
[0.0145,-0.04,-0.027]
[0.0145,-0.04,-0.027]
[0.0145,-0.04,-0.027]
[0.0145,-0.04,-0.027]
[0.0145,-0.04,-0.027]
[0.0145,-0.04,-0.027]
[0.0145,-0.04,-0.027]
[0.0145,-0.04,-0.027]
[0.0145,-0.04,-0.025]
[0.0145,-0.04,-0.023]
[0.0145,-0.04,-0.021]
[0.0145,-0.04,-0.019]
[0.0145,-0.04,-0.017]
[0.0145,-0.04,-0.015]
[0.0145,-0.04,-0.013]
[0.0145,-0.04,-0.011]
[0.0145,-0.04,-0.009]
[0.0145,-0.04,-0.007]
[0.0145,-0.04,-0.007]
[0.0145,-0.04,-0.007]
[0.0145,-0.04,-0.007]
[0.0145,-0.04,-0.007]
[0.0145,-0.04,-0.007]
[0.0145,-0.04,-0.007]
[0.0145,-0.04,-0.007]
[0.0145,-0.04,-0.007]
[0.0145,-0.04,-0.007]
[0.0145,-0.04,-0.007]
[0.0145,-0.04,-0.007]
[0.0145,-0.04,-0.007]
[0.0145,-0.04,-0.007]
[0.0145,-0.04,-0.007]
[0.0145,-0.04,-0.007]
[0.0145,-0.04,-0.007]
[0.0145,-0.04,-0.007]
[0.0145,-0.04,-0.007]
[0.0145,-0.04,-0.007]
[0.0145,-0.04,-0.007]
[0.0145,-0.04,-0.007]
[0.0145,-0.04,-0.007]
[0.0145,-0.04,-0.007]
[0.0145,-0.04,-0.007]
[0.0145,-0.04,-0.007]
[0.0145,-0.04,-0.007]
[0.0145,-0.04,-0.007]
[0.0145,-0.04,-0.007]
[0.0145,-0.04,-0.007]
[0.0145,-0.04,-0.007]
[0.0145,-0.04,-0.007]
[0.0145,-0.04,-0.007]
[0.0145,-0.04,-0.007]
[0.0145,-0.04,-0.007]
[0.0145,-0.04,-0.007]
[0.0145,-0.04,-0.007]
[0.0145,-0.04,-0.007]
[0.0145,-0.04,-0.007]
[0.0145,-0.04,-0.007]
[0.0145,-0.04,-0.007]
[0.0145,-0.04,-0.009]
[0.0145,-0.04,-0.011]
[0.0145,-0.04,-0.013]
[0.0145,-0.04,-0.015]
[0.0145,-0.04,-0.017]
[0.0145,-0.04,-0.019]
[0.0145,-0.04,-0.021]
[0.0145,-0.04,-0.023]
[0.0145,-0.04,-0.025]
[0.0145,-0.04,-0.027]
[0.0145,-0.04,-0.027]
[0.0145,-0.04,-0.027]
[0.0145,-0.04,-0.027]
[0.0145,-0.04,-0.027]
[0.0145,-0.04,-0.027]
[0.0145,-0.04,-0.027]
[0.0145,-0.04,-0.027]
[0.0145,-0.04,-0.027]
[0.0145,-0.04,-0.027]
[0.0145,-0.04,-0.027]
[1,0,0,0]
[1,0,0,0]
[1,0,0,0]
[1,0,0,0]
[1,0,0,0]
[1,0,0,0]
[1,0,0,0]
[1,0,0,0]
[1,0,0,0]
[1,0,0,0]
[1,0,0,0]
[1,0,0,0]
[1,0,0,0]
[1,0,0,0]
[1,0,0,0]
[1,0,0,0]
[1,0,0,0]
[1,0,0,0]
[1,0,0,0]
[1,0,0,0]
[1,0,0,0]
[1,0,0,0]
[1,0,0,0]
[1,0,0,0]
[1,0,0,0]
[1,0,0,0]
[1,0,0,0]
[1,0,0,0]
[1,0,0,0]
[1,0,0,0]
[1,0,0,0]
[1,0,0,0]
[1,0,0,0]
[1,0,0,0]
[1,0,0,0]
[1,0,0,0]
[1,0,0,0]
[1,0,0,0]
[1,0,0,0]
[1,0,0,0]
[1,0,0,0]
[1,0,0,0]
[1,0,0,0]
[1,0,0,0]
[1,0,0,0]
[1,0,0,0]
[1,0,0,0]
[1,0,0,0]
[1,0,0,0]
[1,0,0,0]
[1,0,0,0]
[1,0,0,0]
[1,0,0,0]
[1,0,0,0]
[1,0,0,0]
[1,0,0,0]
[1,0,0,0]
[1,0,0,0]
[1,0,0,0]
[1,0,0,0]
[1,0,0,0]
[1,0,0,0]
[1,0,0,0]
[1,0,0,0]
[1,0,0,0]
[1,0,0,0]
[1,0,0,0]
[1,0,0,0]
[1,0,0,0]
[1,0,0,0]
[1,0,0,0]
[1,0,0,0]
[1,0,0,0]
[1,0,0,0]
[1,0,0,0]
[1,0,0,0]
[1,0,0,0]
[1,0,0,0]
[1,0,0,0]
[1,0,0,0]
[1,0,0,0]