81
10
[0.0145,-0.04,0.028]
[0.0145,-0.04,0.028]
[0.0145,-0.04,0.028]
[0.0145,-0.04,0.028]
[0.0145,-0.04,0.028]
[0.0145,-0.04,0.028]
[0.0145,-0.04,0.028]
[0.0145,-0.04,0.028]
[0.0145,-0.04,0.028]
[0.0145,-0.04,0.028]
[0.0145,-0.04,0.028]
[0.0145,-0.04,0.0267]
[0.0145,-0.04,0.0254]
[0.0145,-0.04,0.0241]
[0.0145,-0.04,0.0228]
[0.0145,-0.04,0.0215]
[0.0145,-0.04,0.0202]
[0.0145,-0.04,0.0189]
[0.0145,-0.04,0.0176]
[0.0145,-0.04,0.0163]
[0.0145,-0.04,0.015]
[0.0145,-0.04,0.015]
[0.0145,-0.04,0.015]
[0.0145,-0.04,0.015]
[0.0145,-0.04,0.015]
[0.0145,-0.04,0.015]
[0.0145,-0.04,0.015]
[0.0145,-0.04,0.015]
[0.0145,-0.04,0.015]
[0.0145,-0.04,0.015]
[0.0145,-0.04,0.015]
[0.0145,-0.04,0.015]
[0.0145,-0.04,0.015]
[0.0145,-0.04,0.015]
[0.0145,-0.04,0.015]
[0.0145,-0.04,0.015]
[0.0145,-0.04,0.015]
[0.0145,-0.04,0.015]
[0.0145,-0.04,0.015]
[0.0145,-0.04,0.015]
[0.0145,-0.04,0.015]
[0.0145,-0.04,0.015]
[0.0145,-0.04,0.015]
[0.0145,-0.04,0.015]
[0.0145,-0.04,0.015]
[0.0145,-0.04,0.015]
[0.0145,-0.04,0.015]
[0.0145,-0.04,0.015]
[0.0145,-0.04,0.015]
[0.0145,-0.04,0.015]
[0.0145,-0.04,0.015]
[0.0145,-0.04,0.015]
[0.0145,-0.04,0.015]
[0.0145,-0.04,0.015]
[0.0145,-0.04,0.015]
[0.0145,-0.04,0.015]
[0.0145,-0.04,0.015]
[0.0145,-0.04,0.015]
[0.0145,-0.04,0.015]
[0.0145,-0.04,0.015]
[0.0145,-0.04,0.015]
[0.0145,-0.04,0.0163]
[0.0145,-0.04,0.0176]
[0.0145,-0.04,0.0189]
[0.0145,-0.04,0.0202]
[0.0145,-0.04,0.0215]
[0.0145,-0.04,0.0228]
[0.0145,-0.04,0.0241]
[0.0145,-0.04,0.0254]
[0.0145,-0.04,0.0267]
[0.0145,-0.04,0.028]
[0.0145,-0.04,0.028]
[0.0145,-0.04,0.028]
[0.0145,-0.04,0.028]
[0.0145,-0.04,0.028]
[0.0145,-0.04,0.028]
[0.0145,-0.04,0.028]
[0.0145,-0.04,0.028]
[0.0145,-0.04,0.028]
[0.0145,-0.04,0.028]
[0.0145,-0.04,0.028]
[1,0,0,0]
[1,0,0,0]
[1,0,0,0]
[1,0,0,0]
[1,0,0,0]
[1,0,0,0]
[1,0,0,0]
[1,0,0,0]
[1,0,0,0]
[1,0,0,0]
[1,0,0,0]
[1,0,0,0]
[1,0,0,0]
[1,0,0,0]
[1,0,0,0]
[1,0,0,0]
[1,0,0,0]
[1,0,0,0]
[1,0,0,0]
[1,0,0,0]
[1,0,0,0]
[1,0,0,0]
[1,0,0,0]
[1,0,0,0]
[1,0,0,0]
[1,0,0,0]
[1,0,0,0]
[1,0,0,0]
[1,0,0,0]
[1,0,0,0]
[1,0,0,0]
[1,0,0,0]
[1,0,0,0]
[1,0,0,0]
[1,0,0,0]
[1,0,0,0]
[1,0,0,0]
[1,0,0,0]
[1,0,0,0]
[1,0,0,0]
[1,0,0,0]
[1,0,0,0]
[1,0,0,0]
[1,0,0,0]
[1,0,0,0]
[1,0,0,0]
[1,0,0,0]
[1,0,0,0]
[1,0,0,0]
[1,0,0,0]
[1,0,0,0]
[1,0,0,0]
[1,0,0,0]
[1,0,0,0]
[1,0,0,0]
[1,0,0,0]
[1,0,0,0]
[1,0,0,0]
[1,0,0,0]
[1,0,0,0]
[1,0,0,0]
[1,0,0,0]
[1,0,0,0]
[1,0,0,0]
[1,0,0,0]
[1,0,0,0]
[1,0,0,0]
[1,0,0,0]
[1,0,0,0]
[1,0,0,0]
[1,0,0,0]
[1,0,0,0]
[1,0,0,0]
[1,0,0,0]
[1,0,0,0]
[1,0,0,0]
[1,0,0,0]
[1,0,0,0]
[1,0,0,0]
[1,0,0,0]
[1,0,0,0]