81
10
[0.0145,-0.04,-0.033]
[0.0145,-0.04,-0.033]
[0.0145,-0.04,-0.033]
[0.0145,-0.04,-0.033]
[0.0145,-0.04,-0.033]
[0.0145,-0.04,-0.033]
[0.0145,-0.04,-0.033]
[0.0145,-0.04,-0.033]
[0.0145,-0.04,-0.033]
[0.0145,-0.04,-0.033]
[0.0145,-0.04,-0.033]
[0.0145,-0.04,-0.0312]
[0.0145,-0.04,-0.0294]
[0.0145,-0.04,-0.0276]
[0.0145,-0.04,-0.0258]
[0.0145,-0.04,-0.024]
[0.0145,-0.04,-0.0222]
[0.0145,-0.04,-0.0204]
[0.0145,-0.04,-0.0186]
[0.0145,-0.04,-0.0168]
[0.0145,-0.04,-0.015]
[0.0145,-0.04,-0.015]
[0.0145,-0.04,-0.015]
[0.0145,-0.04,-0.015]
[0.0145,-0.04,-0.015]
[0.0145,-0.04,-0.015]
[0.0145,-0.04,-0.015]
[0.0145,-0.04,-0.015]
[0.0145,-0.04,-0.015]
[0.0145,-0.04,-0.015]
[0.0145,-0.04,-0.015]
[0.0145,-0.04,-0.015]
[0.0145,-0.04,-0.015]
[0.0145,-0.04,-0.015]
[0.0145,-0.04,-0.015]
[0.0145,-0.04,-0.015]
[0.0145,-0.04,-0.015]
[0.0145,-0.04,-0.015]
[0.0145,-0.04,-0.015]
[0.0145,-0.04,-0.015]
[0.0145,-0.04,-0.015]
[0.0145,-0.04,-0.015]
[0.0145,-0.04,-0.015]
[0.0145,-0.04,-0.015]
[0.0145,-0.04,-0.015]
[0.0145,-0.04,-0.015]
[0.0145,-0.04,-0.015]
[0.0145,-0.04,-0.015]
[0.0145,-0.04,-0.015]
[0.0145,-0.04,-0.015]
[0.0145,-0.04,-0.015]
[0.0145,-0.04,-0.015]
[0.0145,-0.04,-0.015]
[0.0145,-0.04,-0.015]
[0.0145,-0.04,-0.015]
[0.0145,-0.04,-0.015]
[0.0145,-0.04,-0.015]
[0.0145,-0.04,-0.015]
[0.0145,-0.04,-0.015]
[0.0145,-0.04,-0.015]
[0.0145,-0.04,-0.015]
[0.0145,-0.04,-0.0168]
[0.0145,-0.04,-0.0186]
[0.0145,-0.04,-0.0204]
[0.0145,-0.04,-0.0222]
[0.0145,-0.04,-0.024]
[0.0145,-0.04,-0.0258]
[0.0145,-0.04,-0.0276]
[0.0145,-0.04,-0.0294]
[0.0145,-0.04,-0.0312]
[0.0145,-0.04,-0.033]
[0.0145,-0.04,-0.033]
[0.0145,-0.04,-0.033]
[0.0145,-0.04,-0.033]
[0.0145,-0.04,-0.033]
[0.0145,-0.04,-0.033]
[0.0145,-0.04,-0.033]
[0.0145,-0.04,-0.033]
[0.0145,-0.04,-0.033]
[0.0145,-0.04,-0.033]
[0.0145,-0.04,-0.033]
[1,0,0,0]
[1,0,0,0]
[1,0,0,0]
[1,0,0,0]
[1,0,0,0]
[1,0,0,0]
[1,0,0,0]
[1,0,0,0]
[1,0,0,0]
[1,0,0,0]
[1,0,0,0]
[1,0,0,0]
[1,0,0,0]
[1,0,0,0]
[1,0,0,0]
[1,0,0,0]
[1,0,0,0]
[1,0,0,0]
[1,0,0,0]
[1,0,0,0]
[1,0,0,0]
[1,0,0,0]
[1,0,0,0]
[1,0,0,0]
[1,0,0,0]
[1,0,0,0]
[1,0,0,0]
[1,0,0,0]
[1,0,0,0]
[1,0,0,0]
[1,0,0,0]
[1,0,0,0]
[1,0,0,0]
[1,0,0,0]
[1,0,0,0]
[1,0,0,0]
[1,0,0,0]
[1,0,0,0]
[1,0,0,0]
[1,0,0,0]
[1,0,0,0]
[1,0,0,0]
[1,0,0,0]
[1,0,0,0]
[1,0,0,0]
[1,0,0,0]
[1,0,0,0]
[1,0,0,0]
[1,0,0,0]
[1,0,0,0]
[1,0,0,0]
[1,0,0,0]
[1,0,0,0]
[1,0,0,0]
[1,0,0,0]
[1,0,0,0]
[1,0,0,0]
[1,0,0,0]
[1,0,0,0]
[1,0,0,0]
[1,0,0,0]
[1,0,0,0]
[1,0,0,0]
[1,0,0,0]
[1,0,0,0]
[1,0,0,0]
[1,0,0,0]
[1,0,0,0]
[1,0,0,0]
[1,0,0,0]
[1,0,0,0]
[1,0,0,0]
[1,0,0,0]
[1,0,0,0]
[1,0,0,0]
[1,0,0,0]
[1,0,0,0]
[1,0,0,0]
[1,0,0,0]
[1,0,0,0]
[1,0,0,0]