81
10
[-0.12075,0.0765,-0.07588]
[-0.12075,0.0765,-0.07588]
[-0.12075,0.0765,-0.07588]
[-0.12075,0.0765,-0.07588]
[-0.12075,0.0765,-0.07588]
[-0.12075,0.0765,-0.07588]
[-0.12075,0.0765,-0.07588]
[-0.12075,0.0765,-0.07588]
[-0.12075,0.0765,-0.07588]
[-0.12075,0.0765,-0.07588]
[-0.12075,0.0765,-0.07588]
[-0.12075,0.0765,-0.07588]
[-0.12075,0.0765,-0.07588]
[-0.12075,0.0765,-0.07588]
[-0.12075,0.0765,-0.07588]
[-0.12075,0.0765,-0.07588]
[-0.12075,0.0765,-0.07588]
[-0.12075,0.0765,-0.07588]
[-0.12075,0.0765,-0.07588]
[-0.12075,0.0765,-0.07588]
[-0.12075,0.0765,-0.07588]
[-0.12075,0.0765,-0.07588]
[-0.12075,0.0765,-0.07588]
[-0.12075,0.0765,-0.07588]
[-0.12075,0.0765,-0.07588]
[-0.12075,0.0765,-0.07588]
[-0.12075,0.0765,-0.07588]
[-0.12075,0.0765,-0.07588]
[-0.12075,0.0765,-0.07588]
[-0.12075,0.0765,-0.07588]
[-0.12075,0.0765,-0.07588]
[-0.12075,0.0765,-0.078365]
[-0.12075,0.0765,-0.08085]
[-0.12075,0.0765,-0.083335]
[-0.12075,0.0765,-0.08582]
[-0.12075,0.0765,-0.088305]
[-0.12075,0.0765,-0.09079]
[-0.12075,0.0765,-0.093275]
[-0.12075,0.0765,-0.09576]
[-0.12075,0.0765,-0.098245]
[-0.12075,0.0765,-0.10073]
[-0.12075,0.0765,-0.10073]
[-0.12075,0.0765,-0.10073]
[-0.12075,0.0765,-0.10073]
[-0.12075,0.0765,-0.10073]
[-0.12075,0.0765,-0.10073]
[-0.12075,0.0765,-0.10073]
[-0.12075,0.0765,-0.10073]
[-0.12075,0.0765,-0.10073]
[-0.12075,0.0765,-0.10073]
[-0.12075,0.0765,-0.10073]
[-0.12075,0.0765,-0.10073]
[-0.12075,0.0765,-0.10073]
[-0.12075,0.0765,-0.10073]
[-0.12075,0.0765,-0.10073]
[-0.12075,0.0765,-0.10073]
[-0.12075,0.0765,-0.10073]
[-0.12075,0.0765,-0.10073]
[-0.12075,0.0765,-0.10073]
[-0.12075,0.0765,-0.10073]
[-0.12075,0.0765,-0.10073]
[-0.12075,0.0765,-0.10073]
[-0.12075,0.0765,-0.10073]
[-0.12075,0.0765,-0.10073]
[-0.12075,0.0765,-0.10073]
[-0.12075,0.0765,-0.10073]
[-0.12075,0.0765,-0.10073]
[-0.12075,0.0765,-0.10073]
[-0.12075,0.0765,-0.10073]
[-0.12075,0.0765,-0.10073]
[-0.12075,0.0765,-0.10073]
[-0.12075,0.0765,-0.098245]
[-0.12075,0.0765,-0.09576]
[-0.12075,0.0765,-0.093275]
[-0.12075,0.0765,-0.09079]
[-0.12075,0.0765,-0.088305]
[-0.12075,0.0765,-0.08582]
[-0.12075,0.0765,-0.083335]
[-0.12075,0.0765,-0.08085]
[-0.12075,0.0765,-0.078365]
[-0.12075,0.0765,-0.07588]
[1,0,0,0]
[1,0,0,0]
[1,0,0,0]
[1,0,0,0]
[1,0,0,0]
[1,0,0,0]
[1,0,0,0]
[1,0,0,0]
[1,0,0,0]
[1,0,0,0]
[1,0,0,0]
[1,0,0,0]
[1,0,0,0]
[1,0,0,0]
[1,0,0,0]
[1,0,0,0]
[1,0,0,0]
[1,0,0,0]
[1,0,0,0]
[1,0,0,0]
[1,0,0,0]
[1,0,0,0]
[1,0,0,0]
[1,0,0,0]
[1,0,0,0]
[1,0,0,0]
[1,0,0,0]
[1,0,0,0]
[1,0,0,0]
[1,0,0,0]
[1,0,0,0]
[1,0,0,0]
[1,0,0,0]
[1,0,0,0]
[1,0,0,0]
[1,0,0,0]
[1,0,0,0]
[1,0,0,0]
[1,0,0,0]
[1,0,0,0]
[1,0,0,0]
[1,0,0,0]
[1,0,0,0]
[1,0,0,0]
[1,0,0,0]
[1,0,0,0]
[1,0,0,0]
[1,0,0,0]
[1,0,0,0]
[1,0,0,0]
[1,0,0,0]
[1,0,0,0]
[1,0,0,0]
[1,0,0,0]
[1,0,0,0]
[1,0,0,0]
[1,0,0,0]
[1,0,0,0]
[1,0,0,0]
[1,0,0,0]
[1,0,0,0]
[1,0,0,0]
[1,0,0,0]
[1,0,0,0]
[1,0,0,0]
[1,0,0,0]
[1,0,0,0]
[1,0,0,0]
[1,0,0,0]
[1,0,0,0]
[1,0,0,0]
[1,0,0,0]
[1,0,0,0]
[1,0,0,0]
[1,0,0,0]
[1,0,0,0]
[1,0,0,0]
[1,0,0,0]
[1,0,0,0]
[1,0,0,0]
[1,0,0,0]