81
10
[-0.0065,-0.048,-0.171]
[-0.0065,-0.048,-0.171]
[-0.0065,-0.048,-0.171]
[-0.0065,-0.048,-0.171]
[-0.0065,-0.048,-0.171]
[-0.0065,-0.048,-0.171]
[-0.0065,-0.048,-0.171]
[-0.0065,-0.048,-0.171]
[-0.0065,-0.048,-0.171]
[-0.0065,-0.048,-0.171]
[-0.0065,-0.048,-0.171]
[-0.0065,-0.048,-0.171]
[-0.0065,-0.048,-0.171]
[-0.0065,-0.048,-0.171]
[-0.0065,-0.048,-0.171]
[-0.0065,-0.048,-0.171]
[-0.0065,-0.048,-0.171]
[-0.0065,-0.048,-0.171]
[-0.0065,-0.048,-0.171]
[-0.0065,-0.048,-0.171]
[-0.0065,-0.048,-0.171]
[-0.0065,-0.048,-0.171]
[-0.0065,-0.048,-0.171]
[-0.0065,-0.048,-0.171]
[-0.0065,-0.048,-0.171]
[-0.0065,-0.048,-0.171]
[-0.0065,-0.048,-0.171]
[-0.0065,-0.048,-0.171]
[-0.0065,-0.048,-0.171]
[-0.0065,-0.048,-0.171]
[-0.0065,-0.048,-0.171]
[-0.0065,-0.054494,-0.171]
[-0.0065,-0.060988,-0.171]
[-0.0065,-0.067482,-0.171]
[-0.0065,-0.073976,-0.171]
[-0.0065,-0.08047,-0.171]
[-0.0065,-0.086964,-0.171]
[-0.0065,-0.093458,-0.171]
[-0.0065,-0.099952,-0.171]
[-0.0065,-0.106446,-0.171]
[-0.0065,-0.11294,-0.171]
[-0.0065,-0.11294,-0.171]
[-0.0065,-0.11294,-0.171]
[-0.0065,-0.11294,-0.171]
[-0.0065,-0.11294,-0.171]
[-0.0065,-0.11294,-0.171]
[-0.0065,-0.11294,-0.171]
[-0.0065,-0.11294,-0.171]
[-0.0065,-0.11294,-0.171]
[-0.0065,-0.11294,-0.171]
[-0.0065,-0.11294,-0.171]
[-0.0065,-0.11294,-0.171]
[-0.0065,-0.11294,-0.171]
[-0.0065,-0.11294,-0.171]
[-0.0065,-0.11294,-0.171]
[-0.0065,-0.11294,-0.171]
[-0.0065,-0.103663,-0.171]
[-0.0065,-0.0943857,-0.171]
[-0.0065,-0.0851086,-0.171]
[-0.0065,-0.0758314,-0.171]
[-0.0065,-0.0665543,-0.171]
[-0.0065,-0.0572771,-0.171]
[-0.0065,-0.048,-0.171]
[-0.0065,-0.048,-0.171]
[-0.0065,-0.048,-0.171]
[-0.0065,-0.048,-0.171]
[-0.0065,-0.048,-0.171]
[-0.0065,-0.048,-0.171]
[-0.0065,-0.048,-0.171]
[-0.0065,-0.048,-0.171]
[-0.0065,-0.048,-0.171]
[-0.0065,-0.048,-0.171]
[-0.0065,-0.048,-0.171]
[-0.0065,-0.048,-0.171]
[-0.0065,-0.048,-0.171]
[-0.0065,-0.048,-0.171]
[-0.0065,-0.048,-0.171]
[-0.0065,-0.048,-0.171]
[-0.0065,-0.048,-0.171]
[-0.0065,-0.048,-0.171]
[-0.0065,-0.048,-0.171]
[1,0,0,0]
[1,0,0,0]
[1,0,0,0]
[1,0,0,0]
[1,0,0,0]
[1,0,0,0]
[1,0,0,0]
[1,0,0,0]
[1,0,0,0]
[1,0,0,0]
[1,0,0,0]
[1,0,0,0]
[1,0,0,0]
[1,0,0,0]
[1,0,0,0]
[1,0,0,0]
[1,0,0,0]
[1,0,0,0]
[1,0,0,0]
[1,0,0,0]
[1,0,0,0]
[1,0,0,0]
[1,0,0,0]
[1,0,0,0]
[1,0,0,0]
[1,0,0,0]
[1,0,0,0]
[1,0,0,0]
[1,0,0,0]
[1,0,0,0]
[1,0,0,0]
[1,0,0,0]
[1,0,0,0]
[1,0,0,0]
[1,0,0,0]
[1,0,0,0]
[1,0,0,0]
[1,0,0,0]
[1,0,0,0]
[1,0,0,0]
[1,0,0,0]
[1,0,0,0]
[1,0,0,0]
[1,0,0,0]
[1,0,0,0]
[1,0,0,0]
[1,0,0,0]
[1,0,0,0]
[1,0,0,0]
[1,0,0,0]
[1,0,0,0]
[1,0,0,0]
[1,0,0,0]
[1,0,0,0]
[1,0,0,0]
[1,0,0,0]
[1,0,0,0]
[1,0,0,0]
[1,0,0,0]
[1,0,0,0]
[1,0,0,0]
[1,0,0,0]
[1,0,0,0]
[1,0,0,0]
[1,0,0,0]
[1,0,0,0]
[1,0,0,0]
[1,0,0,0]
[1,0,0,0]
[1,0,0,0]
[1,0,0,0]
[1,0,0,0]
[1,0,0,0]
[1,0,0,0]
[1,0,0,0]
[1,0,0,0]
[1,0,0,0]
[1,0,0,0]
[1,0,0,0]
[1,0,0,0]
[1,0,0,0]