81
10
[0.0145,-0.04,0.016]
[0.0145,-0.04,0.016]
[0.0145,-0.04,0.016]
[0.0145,-0.04,0.016]
[0.0145,-0.04,0.016]
[0.0145,-0.04,0.016]
[0.0145,-0.04,0.016]
[0.0145,-0.04,0.016]
[0.0145,-0.04,0.016]
[0.0145,-0.04,0.016]
[0.0145,-0.04,0.016]
[0.0145,-0.04,0.0136]
[0.0145,-0.04,0.0112]
[0.0145,-0.04,0.0088]
[0.0145,-0.04,0.0064]
[0.0145,-0.04,0.004]
[0.0145,-0.04,0.004]
[0.0145,-0.04,0.004]
[0.0145,-0.04,0.004]
[0.0145,-0.04,0.004]
[0.0145,-0.04,0.004]
[0.0145,-0.04,0.004]
[0.0145,-0.04,0.004]
[0.0145,-0.04,0.004]
[0.0145,-0.04,0.004]
[0.0145,-0.04,0.004]
[0.0145,-0.04,0.004]
[0.0145,-0.04,0.004]
[0.0145,-0.04,0.004]
[0.0145,-0.04,0.004]
[0.0145,-0.04,0.004]
[0.0145,-0.04,0.004]
[0.0145,-0.04,0.004]
[0.0145,-0.04,0.004]
[0.0145,-0.04,0.004]
[0.0145,-0.04,0.004]
[0.0145,-0.04,0.004]
[0.0145,-0.04,0.004]
[0.0145,-0.04,0.004]
[0.0145,-0.04,0.004]
[0.0145,-0.04,0.004]
[0.0145,-0.04,0.004]
[0.0145,-0.04,0.004]
[0.0145,-0.04,0.004]
[0.0145,-0.04,0.004]
[0.0145,-0.04,0.004]
[0.0145,-0.04,0.004]
[0.0145,-0.04,0.004]
[0.0145,-0.04,0.004]
[0.0145,-0.04,0.004]
[0.0145,-0.04,0.004]
[0.0145,-0.04,0.004]
[0.0145,-0.04,0.004]
[0.0145,-0.04,0.004]
[0.0145,-0.04,0.004]
[0.0145,-0.04,0.004]
[0.0145,-0.04,0.004]
[0.0145,-0.04,0.004]
[0.0145,-0.04,0.004]
[0.0145,-0.04,0.004]
[0.0145,-0.04,0.004]
[0.0145,-0.04,0.0052]
[0.0145,-0.04,0.0064]
[0.0145,-0.04,0.0076]
[0.0145,-0.04,0.0088]
[0.0145,-0.04,0.01]
[0.0145,-0.04,0.0112]
[0.0145,-0.04,0.0124]
[0.0145,-0.04,0.0136]
[0.0145,-0.04,0.0148]
[0.0145,-0.04,0.016]
[0.0145,-0.04,0.016]
[0.0145,-0.04,0.016]
[0.0145,-0.04,0.016]
[0.0145,-0.04,0.016]
[0.0145,-0.04,0.016]
[0.0145,-0.04,0.016]
[0.0145,-0.04,0.016]
[0.0145,-0.04,0.016]
[0.0145,-0.04,0.016]
[0.0145,-0.04,0.016]
[1,0,0,0]
[1,0,0,0]
[1,0,0,0]
[1,0,0,0]
[1,0,0,0]
[1,0,0,0]
[1,0,0,0]
[1,0,0,0]
[1,0,0,0]
[1,0,0,0]
[1,0,0,0]
[1,0,0,0]
[1,0,0,0]
[1,0,0,0]
[1,0,0,0]
[1,0,0,0]
[1,0,0,0]
[1,0,0,0]
[1,0,0,0]
[1,0,0,0]
[1,0,0,0]
[1,0,0,0]
[1,0,0,0]
[1,0,0,0]
[1,0,0,0]
[1,0,0,0]
[1,0,0,0]
[1,0,0,0]
[1,0,0,0]
[1,0,0,0]
[1,0,0,0]
[1,0,0,0]
[1,0,0,0]
[1,0,0,0]
[1,0,0,0]
[1,0,0,0]
[1,0,0,0]
[1,0,0,0]
[1,0,0,0]
[1,0,0,0]
[1,0,0,0]
[1,0,0,0]
[1,0,0,0]
[1,0,0,0]
[1,0,0,0]
[1,0,0,0]
[1,0,0,0]
[1,0,0,0]
[1,0,0,0]
[1,0,0,0]
[1,0,0,0]
[1,0,0,0]
[1,0,0,0]
[1,0,0,0]
[1,0,0,0]
[1,0,0,0]
[1,0,0,0]
[1,0,0,0]
[1,0,0,0]
[1,0,0,0]
[1,0,0,0]
[1,0,0,0]
[1,0,0,0]
[1,0,0,0]
[1,0,0,0]
[1,0,0,0]
[1,0,0,0]
[1,0,0,0]
[1,0,0,0]
[1,0,0,0]
[1,0,0,0]
[1,0,0,0]
[1,0,0,0]
[1,0,0,0]
[1,0,0,0]
[1,0,0,0]
[1,0,0,0]
[1,0,0,0]
[1,0,0,0]
[1,0,0,0]
[1,0,0,0]