81
10
[0.01795,0.369,0.02663]
[0.01795,0.369,0.02663]
[0.01795,0.369,0.02663]
[0.01795,0.369,0.02663]
[0.01795,0.369,0.02663]
[0.01795,0.369,0.02663]
[0.01795,0.369,0.02663]
[0.01795,0.369,0.02663]
[0.01795,0.369,0.02663]
[0.01795,0.369,0.02663]
[0.01795,0.369,0.02663]
[0.01795,0.369,0.02663]
[0.01795,0.369,0.02663]
[0.01795,0.369,0.02663]
[0.01795,0.369,0.02663]
[0.01795,0.369,0.02663]
[0.037455,0.369,0.02663]
[0.05696,0.369,0.02663]
[0.076465,0.369,0.02663]
[0.09597,0.369,0.02663]
[0.115475,0.369,0.02663]
[0.13498,0.369,0.02663]
[0.154485,0.369,0.02663]
[0.17399,0.369,0.02663]
[0.193495,0.369,0.02663]
[0.213,0.369,0.02663]
[0.213,0.369,0.02663]
[0.213,0.369,0.02663]
[0.213,0.369,0.02663]
[0.213,0.369,0.02663]
[0.213,0.369,0.02663]
[0.213,0.369,0.02663]
[0.213,0.369,0.02663]
[0.213,0.369,0.02663]
[0.213,0.369,0.02663]
[0.213,0.369,0.02663]
[0.213,0.369,0.02663]
[0.213,0.369,0.02663]
[0.213,0.369,0.02663]
[0.213,0.369,0.02663]
[0.213,0.369,0.02663]
[0.213,0.369,0.02663]
[0.213,0.369,0.02663]
[0.213,0.369,0.02663]
[0.213,0.369,0.02663]
[0.213,0.369,0.02663]
[0.213,0.369,0.02663]
[0.213,0.369,0.02663]
[0.213,0.369,0.02663]
[0.213,0.369,0.02663]
[0.213,0.369,0.02663]
[0.213,0.369,0.02663]
[0.213,0.369,0.02663]
[0.213,0.369,0.02663]
[0.213,0.369,0.02663]
[0.213,0.369,0.02663]
[0.213,0.369,0.02663]
[0.213,0.369,0.02663]
[0.213,0.369,0.02663]
[0.213,0.369,0.02663]
[0.213,0.369,0.02663]
[0.213,0.369,0.02663]
[0.213,0.369,0.02663]
[0.213,0.369,0.02663]
[0.213,0.369,0.02663]
[0.213,0.369,0.02663]
[0.213,0.369,0.02663]
[0.213,0.369,0.02663]
[0.213,0.369,0.02663]
[0.213,0.369,0.02663]
[0.213,0.369,0.02663]
[0.193495,0.369,0.02663]
[0.17399,0.369,0.02663]
[0.154485,0.369,0.02663]
[0.13498,0.369,0.02663]
[0.115475,0.369,0.02663]
[0.09597,0.369,0.02663]
[0.076465,0.369,0.02663]
[0.05696,0.369,0.02663]
[0.037455,0.369,0.02663]
[0.01795,0.369,0.02663]
[1,0,0,0]
[1,0,0,0]
[1,0,0,0]
[1,0,0,0]
[1,0,0,0]
[1,0,0,0]
[1,0,0,0]
[1,0,0,0]
[1,0,0,0]
[1,0,0,0]
[1,0,0,0]
[1,0,0,0]
[1,0,0,0]
[1,0,0,0]
[1,0,0,0]
[1,0,0,0]
[1,0,0,0]
[1,0,0,0]
[1,0,0,0]
[1,0,0,0]
[1,0,0,0]
[1,0,0,0]
[1,0,0,0]
[1,0,0,0]
[1,0,0,0]
[1,0,0,0]
[1,0,0,0]
[1,0,0,0]
[1,0,0,0]
[1,0,0,0]
[1,0,0,0]
[1,0,0,0]
[1,0,0,0]
[1,0,0,0]
[1,0,0,0]
[1,0,0,0]
[1,0,0,0]
[1,0,0,0]
[1,0,0,0]
[1,0,0,0]
[1,0,0,0]
[1,0,0,0]
[1,0,0,0]
[1,0,0,0]
[1,0,0,0]
[1,0,0,0]
[1,0,0,0]
[1,0,0,0]
[1,0,0,0]
[1,0,0,0]
[1,0,0,0]
[1,0,0,0]
[1,0,0,0]
[1,0,0,0]
[1,0,0,0]
[1,0,0,0]
[1,0,0,0]
[1,0,0,0]
[1,0,0,0]
[1,0,0,0]
[1,0,0,0]
[1,0,0,0]
[1,0,0,0]
[1,0,0,0]
[1,0,0,0]
[1,0,0,0]
[1,0,0,0]
[1,0,0,0]
[1,0,0,0]
[1,0,0,0]
[1,0,0,0]
[1,0,0,0]
[1,0,0,0]
[1,0,0,0]
[1,0,0,0]
[1,0,0,0]
[1,0,0,0]
[1,0,0,0]
[1,0,0,0]
[1,0,0,0]
[1,0,0,0]