81
10
[0.0145,-0.04,-0.038]
[0.0145,-0.04,-0.038]
[0.0145,-0.04,-0.038]
[0.0145,-0.04,-0.038]
[0.0145,-0.04,-0.038]
[0.0145,-0.04,-0.038]
[0.0145,-0.04,-0.038]
[0.0145,-0.04,-0.038]
[0.0145,-0.04,-0.038]
[0.0145,-0.04,-0.038]
[0.0145,-0.04,-0.038]
[0.0145,-0.04,-0.0373]
[0.0145,-0.04,-0.0366]
[0.0145,-0.04,-0.0359]
[0.0145,-0.04,-0.0352]
[0.0145,-0.04,-0.0345]
[0.0145,-0.04,-0.0345]
[0.0145,-0.04,-0.0345]
[0.0145,-0.04,-0.0345]
[0.0145,-0.04,-0.0345]
[0.0145,-0.04,-0.0345]
[0.0145,-0.04,-0.0345]
[0.0145,-0.04,-0.0345]
[0.0145,-0.04,-0.0345]
[0.0145,-0.04,-0.0345]
[0.0145,-0.04,-0.0345]
[0.0145,-0.04,-0.0345]
[0.0145,-0.04,-0.0345]
[0.0145,-0.04,-0.0345]
[0.0145,-0.04,-0.0345]
[0.0145,-0.04,-0.0345]
[0.0145,-0.04,-0.0345]
[0.0145,-0.04,-0.0345]
[0.0145,-0.04,-0.0345]
[0.0145,-0.04,-0.0345]
[0.0145,-0.04,-0.0345]
[0.0145,-0.04,-0.0345]
[0.0145,-0.04,-0.0345]
[0.0145,-0.04,-0.0345]
[0.0145,-0.04,-0.0345]
[0.0145,-0.04,-0.0345]
[0.0145,-0.04,-0.0345]
[0.0145,-0.04,-0.0345]
[0.0145,-0.04,-0.0345]
[0.0145,-0.04,-0.0345]
[0.0145,-0.04,-0.0345]
[0.0145,-0.04,-0.0345]
[0.0145,-0.04,-0.0345]
[0.0145,-0.04,-0.0345]
[0.0145,-0.04,-0.0345]
[0.0145,-0.04,-0.0345]
[0.0145,-0.04,-0.0345]
[0.0145,-0.04,-0.0345]
[0.0145,-0.04,-0.0345]
[0.0145,-0.04,-0.0345]
[0.0145,-0.04,-0.0345]
[0.0145,-0.04,-0.0345]
[0.0145,-0.04,-0.0345]
[0.0145,-0.04,-0.0345]
[0.0145,-0.04,-0.0345]
[0.0145,-0.04,-0.0345]
[0.0145,-0.04,-0.03485]
[0.0145,-0.04,-0.0352]
[0.0145,-0.04,-0.03555]
[0.0145,-0.04,-0.0359]
[0.0145,-0.04,-0.03625]
[0.0145,-0.04,-0.0366]
[0.0145,-0.04,-0.03695]
[0.0145,-0.04,-0.0373]
[0.0145,-0.04,-0.03765]
[0.0145,-0.04,-0.038]
[0.0145,-0.04,-0.038]
[0.0145,-0.04,-0.038]
[0.0145,-0.04,-0.038]
[0.0145,-0.04,-0.038]
[0.0145,-0.04,-0.038]
[0.0145,-0.04,-0.038]
[0.0145,-0.04,-0.038]
[0.0145,-0.04,-0.038]
[0.0145,-0.04,-0.038]
[0.0145,-0.04,-0.038]
[1,0,0,0]
[1,0,0,0]
[1,0,0,0]
[1,0,0,0]
[1,0,0,0]
[1,0,0,0]
[1,0,0,0]
[1,0,0,0]
[1,0,0,0]
[1,0,0,0]
[1,0,0,0]
[1,0,0,0]
[1,0,0,0]
[1,0,0,0]
[1,0,0,0]
[1,0,0,0]
[1,0,0,0]
[1,0,0,0]
[1,0,0,0]
[1,0,0,0]
[1,0,0,0]
[1,0,0,0]
[1,0,0,0]
[1,0,0,0]
[1,0,0,0]
[1,0,0,0]
[1,0,0,0]
[1,0,0,0]
[1,0,0,0]
[1,0,0,0]
[1,0,0,0]
[1,0,0,0]
[1,0,0,0]
[1,0,0,0]
[1,0,0,0]
[1,0,0,0]
[1,0,0,0]
[1,0,0,0]
[1,0,0,0]
[1,0,0,0]
[1,0,0,0]
[1,0,0,0]
[1,0,0,0]
[1,0,0,0]
[1,0,0,0]
[1,0,0,0]
[1,0,0,0]
[1,0,0,0]
[1,0,0,0]
[1,0,0,0]
[1,0,0,0]
[1,0,0,0]
[1,0,0,0]
[1,0,0,0]
[1,0,0,0]
[1,0,0,0]
[1,0,0,0]
[1,0,0,0]
[1,0,0,0]
[1,0,0,0]
[1,0,0,0]
[1,0,0,0]
[1,0,0,0]
[1,0,0,0]
[1,0,0,0]
[1,0,0,0]
[1,0,0,0]
[1,0,0,0]
[1,0,0,0]
[1,0,0,0]
[1,0,0,0]
[1,0,0,0]
[1,0,0,0]
[1,0,0,0]
[1,0,0,0]
[1,0,0,0]
[1,0,0,0]
[1,0,0,0]
[1,0,0,0]
[1,0,0,0]
[1,0,0,0]