81
10
[-0.12075,0.0765,-0.07588]
[-0.12075,0.0765,-0.07588]
[-0.12075,0.0765,-0.07588]
[-0.12075,0.0765,-0.07588]
[-0.12075,0.0765,-0.07588]
[-0.12075,0.0765,-0.07588]
[-0.12075,0.0765,-0.07588]
[-0.12075,0.0765,-0.07588]
[-0.12075,0.0765,-0.07588]
[-0.12075,0.0765,-0.07588]
[-0.12075,0.0765,-0.07588]
[-0.12075,0.0765,-0.07588]
[-0.12075,0.0765,-0.07588]
[-0.12075,0.0765,-0.07588]
[-0.12075,0.0765,-0.07588]
[-0.12075,0.0765,-0.07588]
[-0.12075,0.0765,-0.07588]
[-0.12075,0.0765,-0.07588]
[-0.12075,0.0765,-0.07588]
[-0.12075,0.0765,-0.07588]
[-0.12075,0.0765,-0.082176]
[-0.12075,0.0765,-0.088472]
[-0.12075,0.0765,-0.094768]
[-0.12075,0.0765,-0.101064]
[-0.12075,0.0765,-0.10736]
[-0.12075,0.0765,-0.10736]
[-0.12075,0.0765,-0.10736]
[-0.12075,0.0765,-0.10736]
[-0.12075,0.0765,-0.10736]
[-0.12075,0.0765,-0.10736]
[-0.12075,0.0765,-0.10736]
[-0.12075,0.0765,-0.10736]
[-0.12075,0.0765,-0.10736]
[-0.12075,0.0765,-0.10736]
[-0.12075,0.0765,-0.10736]
[-0.12075,0.0765,-0.10736]
[-0.12075,0.0765,-0.10736]
[-0.12075,0.0765,-0.10736]
[-0.12075,0.0765,-0.10736]
[-0.12075,0.0765,-0.10736]
[-0.12075,0.0765,-0.10736]
[-0.12075,0.0765,-0.10736]
[-0.12075,0.0765,-0.10736]
[-0.12075,0.0765,-0.10736]
[-0.12075,0.0765,-0.10736]
[-0.12075,0.0765,-0.10736]
[-0.12075,0.0765,-0.10736]
[-0.12075,0.0765,-0.10736]
[-0.12075,0.0765,-0.10736]
[-0.12075,0.0765,-0.10736]
[-0.12075,0.0765,-0.10736]
[-0.12075,0.0765,-0.10736]
[-0.12075,0.0765,-0.10736]
[-0.12075,0.0765,-0.10736]
[-0.12075,0.0765,-0.10736]
[-0.12075,0.0765,-0.10736]
[-0.12075,0.0765,-0.10736]
[-0.12075,0.0765,-0.10736]
[-0.12075,0.0765,-0.10736]
[-0.12075,0.0765,-0.10736]
[-0.12075,0.0765,-0.10736]
[-0.12075,0.0765,-0.10736]
[-0.12075,0.0765,-0.10736]
[-0.12075,0.0765,-0.10736]
[-0.12075,0.0765,-0.10736]
[-0.12075,0.0765,-0.10736]
[-0.12075,0.0765,-0.10736]
[-0.12075,0.0765,-0.10736]
[-0.12075,0.0765,-0.10736]
[-0.12075,0.0765,-0.10736]
[-0.12075,0.0765,-0.10736]
[-0.12075,0.0765,-0.104212]
[-0.12075,0.0765,-0.101064]
[-0.12075,0.0765,-0.097916]
[-0.12075,0.0765,-0.094768]
[-0.12075,0.0765,-0.09162]
[-0.12075,0.0765,-0.088472]
[-0.12075,0.0765,-0.085324]
[-0.12075,0.0765,-0.082176]
[-0.12075,0.0765,-0.079028]
[-0.12075,0.0765,-0.07588]
[1,0,0,0]
[1,0,0,0]
[1,0,0,0]
[1,0,0,0]
[1,0,0,0]
[1,0,0,0]
[1,0,0,0]
[1,0,0,0]
[1,0,0,0]
[1,0,0,0]
[1,0,0,0]
[1,0,0,0]
[1,0,0,0]
[1,0,0,0]
[1,0,0,0]
[1,0,0,0]
[1,0,0,0]
[1,0,0,0]
[1,0,0,0]
[1,0,0,0]
[1,0,0,0]
[1,0,0,0]
[1,0,0,0]
[1,0,0,0]
[1,0,0,0]
[1,0,0,0]
[1,0,0,0]
[1,0,0,0]
[1,0,0,0]
[1,0,0,0]
[1,0,0,0]
[1,0,0,0]
[1,0,0,0]
[1,0,0,0]
[1,0,0,0]
[1,0,0,0]
[1,0,0,0]
[1,0,0,0]
[1,0,0,0]
[1,0,0,0]
[1,0,0,0]
[1,0,0,0]
[1,0,0,0]
[1,0,0,0]
[1,0,0,0]
[1,0,0,0]
[1,0,0,0]
[1,0,0,0]
[1,0,0,0]
[1,0,0,0]
[1,0,0,0]
[1,0,0,0]
[1,0,0,0]
[1,0,0,0]
[1,0,0,0]
[1,0,0,0]
[1,0,0,0]
[1,0,0,0]
[1,0,0,0]
[1,0,0,0]
[1,0,0,0]
[1,0,0,0]
[1,0,0,0]
[1,0,0,0]
[1,0,0,0]
[1,0,0,0]
[1,0,0,0]
[1,0,0,0]
[1,0,0,0]
[1,0,0,0]
[1,0,0,0]
[1,0,0,0]
[1,0,0,0]
[1,0,0,0]
[1,0,0,0]
[1,0,0,0]
[1,0,0,0]
[1,0,0,0]
[1,0,0,0]
[1,0,0,0]
[1,0,0,0]