76
10
[-0.0065,-0.034,-0.171]
[-0.0065,-0.034,-0.171]
[-0.0065,-0.034,-0.171]
[-0.0065,-0.034,-0.171]
[-0.0065,-0.034,-0.171]
[-0.0065,-0.034,-0.171]
[-0.0065,-0.034,-0.171]
[-0.0065,-0.034,-0.171]
[-0.0065,-0.034,-0.171]
[-0.0065,-0.034,-0.171]
[-0.0065,-0.034,-0.171]
[-0.0065,-0.034,-0.171]
[-0.0065,-0.034,-0.171]
[-0.0065,-0.034,-0.171]
[-0.0065,-0.034,-0.171]
[-0.0065,-0.034,-0.171]
[-0.0065,-0.034,-0.171]
[-0.0065,-0.034,-0.171]
[-0.0065,-0.034,-0.171]
[-0.0065,-0.034,-0.171]
[-0.0065,-0.034,-0.171]
[-0.0065,-0.034,-0.171]
[-0.0065,-0.034,-0.171]
[-0.0065,-0.034,-0.171]
[-0.0065,-0.034,-0.171]
[-0.0065,-0.034,-0.171]
[-0.0065,-0.04094,-0.171]
[-0.0065,-0.04788,-0.171]
[-0.0065,-0.05482,-0.171]
[-0.0065,-0.06176,-0.171]
[-0.0065,-0.0687,-0.171]
[-0.0065,-0.07564,-0.171]
[-0.0065,-0.08258,-0.171]
[-0.0065,-0.08952,-0.171]
[-0.0065,-0.09646,-0.171]
[-0.0065,-0.1034,-0.171]
[-0.0065,-0.11034,-0.171]
[-0.0065,-0.11728,-0.171]
[-0.0065,-0.12422,-0.171]
[-0.0065,-0.12422,-0.171]
[-0.0065,-0.12422,-0.171]
[-0.0065,-0.12422,-0.171]
[-0.0065,-0.12422,-0.171]
[-0.0065,-0.12422,-0.171]
[-0.0065,-0.12422,-0.171]
[-0.0065,-0.12422,-0.171]
[-0.0065,-0.12422,-0.171]
[-0.0065,-0.12422,-0.171]
[-0.0065,-0.12422,-0.171]
[-0.0065,-0.12422,-0.171]
[-0.0065,-0.12422,-0.171]
[-0.0065,-0.12422,-0.171]
[-0.0065,-0.12422,-0.171]
[-0.0065,-0.12422,-0.171]
[-0.0065,-0.12422,-0.171]
[-0.0065,-0.12422,-0.171]
[-0.0065,-0.115198,-0.171]
[-0.0065,-0.106176,-0.171]
[-0.0065,-0.097154,-0.171]
[-0.0065,-0.088132,-0.171]
[-0.0065,-0.07911,-0.171]
[-0.0065,-0.070088,-0.171]
[-0.0065,-0.061066,-0.171]
[-0.0065,-0.052044,-0.171]
[-0.0065,-0.043022,-0.171]
[-0.0065,-0.034,-0.171]
[-0.0065,-0.034,-0.171]
[-0.0065,-0.034,-0.171]
[-0.0065,-0.034,-0.171]
[-0.0065,-0.034,-0.171]
[-0.0065,-0.034,-0.171]
[-0.0065,-0.034,-0.171]
[-0.0065,-0.034,-0.171]
[-0.0065,-0.034,-0.171]
[-0.0065,-0.034,-0.171]
[-0.0065,-0.034,-0.171]
[1,0,0,0]
[1,0,0,0]
[1,0,0,0]
[1,0,0,0]
[1,0,0,0]
[1,0,0,0]
[1,0,0,0]
[1,0,0,0]
[1,0,0,0]
[1,0,0,0]
[1,0,0,0]
[1,0,0,0]
[1,0,0,0]
[1,0,0,0]
[1,0,0,0]
[1,0,0,0]
[1,0,0,0]
[1,0,0,0]
[1,0,0,0]
[1,0,0,0]
[1,0,0,0]
[1,0,0,0]
[1,0,0,0]
[1,0,0,0]
[1,0,0,0]
[1,0,0,0]
[1,0,0,0]
[1,0,0,0]
[1,0,0,0]
[1,0,0,0]
[1,0,0,0]
[1,0,0,0]
[1,0,0,0]
[1,0,0,0]
[1,0,0,0]
[1,0,0,0]
[1,0,0,0]
[1,0,0,0]
[1,0,0,0]
[1,0,0,0]
[1,0,0,0]
[1,0,0,0]
[1,0,0,0]
[1,0,0,0]
[1,0,0,0]
[1,0,0,0]
[1,0,0,0]
[1,0,0,0]
[1,0,0,0]
[1,0,0,0]
[1,0,0,0]
[1,0,0,0]
[1,0,0,0]
[1,0,0,0]
[1,0,0,0]
[1,0,0,0]
[1,0,0,0]
[1,0,0,0]
[1,0,0,0]
[1,0,0,0]
[1,0,0,0]
[1,0,0,0]
[1,0,0,0]
[1,0,0,0]
[1,0,0,0]
[1,0,0,0]
[1,0,0,0]
[1,0,0,0]
[1,0,0,0]
[1,0,0,0]
[1,0,0,0]
[1,0,0,0]
[1,0,0,0]
[1,0,0,0]
[1,0,0,0]
[1,0,0,0]