39
10
[0,0,0]
[0,0,0]
[0,0,0]
[0,0,0]
[0,0,0]
[0,0,0]
[0,0,0]
[0,0,0]
[0,0,0]
[0,0,0]
[0,0,0]
[0,0,0]
[0,0,0]
[0,0,0]
[0,0,0]
[0,0,0]
[0,0,0]
[0,0,0]
[0,0,0]
[0,0,0]
[0,0,0]
[0,0,0]
[0,0,0]
[0,0,0]
[0,0,0]
[0,0,0]
[0,0,0]
[0,0,0]
[0,0,0]
[0,0,0]
[0,0,0]
[0,0,0]
[0,0,0]
[0,0,0]
[0,0,0]
[0,0,0]
[0,0,0]
[0,0,0]
[0,0,0]
[0,0,0,0]
[0,0,0,0]
[0,0,0,0]
[0,0,0,0]
[0,0,0,0]
[0,0,0,0]
[0,0,0,0]
[0,0,0,0]
[0,0,0,0]
[0,0,0,0]
[0,0,0,0]
[22.0589,0,-1,0]
[22.0589,0,-1,0]
[0,0,0,0]
[0,0,0,0]
[0,0,0,0]
[0,0,0,0]
[0,0,0,0]
[0,0,0,0]
[0,0,0,0]
[0,0,0,0]
[0,0,0,0]
[0,0,0,0]
[0,0,0,0]
[0,0,0,0]
[0,0,0,0]
[0,0,0,0]
[0,0,0,0]
[0,0,0,0]
[0,0,0,0]
[0,0,0,0]
[0,0,0,0]
[0,0,0,0]
[0,0,0,0]
[0,0,0,0]
[11.0294,0,1,0]
[11.0294,0,1,0]
[11.0294,0,1,0]
[11.0294,0,1,0]