800
10
[-2.99625,0,0]
[-2.9925,0,0]
[-2.98875,0,0]
[-2.985,0,0]
[-2.98125,0,0]
[-2.9775,0,0]
[-2.97375,0,0]
[-2.97,0,0]
[-2.96625,0,0]
[-2.9625,0,0]
[-2.95875,0,0]
[-2.955,0,0]
[-2.95125,0,0]
[-2.9475,0,0]
[-2.94375,0,0]
[-2.94,0,0]
[-2.93625,0,0]
[-2.9325,0,0]
[-2.92875,0,0]
[-2.925,0,0]
[-2.92125,0,0]
[-2.9175,0,0]
[-2.91375,0,0]
[-2.91,0,0]
[-2.90625,0,0]
[-2.9025,0,0]
[-2.89875,0,0]
[-2.895,0,0]
[-2.89125,0,0]
[-2.8875,0,0]
[-2.88375,0,0]
[-2.88,0,0]
[-2.87625,0,0]
[-2.8725,0,0]
[-2.86875,0,0]
[-2.865,0,0]
[-2.86125,0,0]
[-2.8575,0,0]
[-2.85375,0,0]
[-2.85,0,0]
[-2.84625,0,0]
[-2.8425,0,0]
[-2.83875,0,0]
[-2.835,0,0]
[-2.83125,0,0]
[-2.8275,0,0]
[-2.82375,0,0]
[-2.82,0,0]
[-2.81625,0,0]
[-2.8125,0,0]
[-2.80875,0,0]
[-2.805,0,0]
[-2.80125,0,0]
[-2.7975,0,0]
[-2.79375,0,0]
[-2.79,0,0]
[-2.78625,0,0]
[-2.7825,0,0]
[-2.77875,0,0]
[-2.775,0,0]
[-2.77125,0,0]
[-2.7675,0,0]
[-2.76375,0,0]
[-2.76,0,0]
[-2.75625,0,0]
[-2.7525,0,0]
[-2.74875,0,0]
[-2.745,0,0]
[-2.74125,0,0]
[-2.7375,0,0]
[-2.73375,0,0]
[-2.73,0,0]
[-2.72625,0,0]
[-2.7225,0,0]
[-2.71875,0,0]
[-2.715,0,0]
[-2.71125,0,0]
[-2.7075,0,0]
[-2.70375,0,0]
[-2.7,0,0]
[-2.69625,0,0]
[-2.6925,0,0]
[-2.68875,0,0]
[-2.685,0,0]
[-2.68125,0,0]
[-2.6775,0,0]
[-2.67375,0,0]
[-2.67,0,0]
[-2.66625,0,0]
[-2.6625,0,0]
[-2.65875,0,0]
[-2.655,0,0]
[-2.65125,0,0]
[-2.6475,0,0]
[-2.64375,0,0]
[-2.64,0,0]
[-2.63625,0,0]
[-2.6325,0,0]
[-2.62875,0,0]
[-2.625,0,0]
[-2.62125,0,0]
[-2.6175,0,0]
[-2.61375,0,0]
[-2.61,0,0]
[-2.60625,0,0]
[-2.6025,0,0]
[-2.59875,0,0]
[-2.595,0,0]
[-2.59125,0,0]
[-2.5875,0,0]
[-2.58375,0,0]
[-2.58,0,0]
[-2.57625,0,0]
[-2.5725,0,0]
[-2.56875,0,0]
[-2.565,0,0]
[-2.56125,0,0]
[-2.5575,0,0]
[-2.55375,0,0]
[-2.55,0,0]
[-2.54625,0,0]
[-2.5425,0,0]
[-2.53875,0,0]
[-2.535,0,0]
[-2.53125,0,0]
[-2.5275,0,0]
[-2.52375,0,0]
[-2.52,0,0]
[-2.51625,0,0]
[-2.5125,0,0]
[-2.50875,0,0]
[-2.505,0,0]
[-2.50125,0,0]
[-2.4975,0,0]
[-2.49375,0,0]
[-2.49,0,0]
[-2.48625,0,0]
[-2.4825,0,0]
[-2.47875,0,0]
[-2.475,0,0]
[-2.47125,0,0]
[-2.4675,0,0]
[-2.46375,0,0]
[-2.46,0,0]
[-2.45625,0,0]
[-2.4525,0,0]
[-2.44875,0,0]
[-2.445,0,0]
[-2.44125,0,0]
[-2.4375,0,0]
[-2.43375,0,0]
[-2.43,0,0]
[-2.42625,0,0]
[-2.4225,0,0]
[-2.41875,0,0]
[-2.415,0,0]
[-2.41125,0,0]
[-2.4075,0,0]
[-2.40375,0,0]
[-2.4,0,0]
[-2.39625,0,0]
[-2.3925,0,0]
[-2.38875,0,0]
[-2.385,0,0]
[-2.38125,0,0]
[-2.3775,0,0]
[-2.37375,0,0]
[-2.37,0,0]
[-2.36625,0,0]
[-2.3625,0,0]
[-2.35875,0,0]
[-2.355,0,0]
[-2.35125,0,0]
[-2.3475,0,0]
[-2.34375,0,0]
[-2.34,0,0]
[-2.33625,0,0]
[-2.3325,0,0]
[-2.32875,0,0]
[-2.325,0,0]
[-2.32125,0,0]
[-2.3175,0,0]
[-2.31375,0,0]
[-2.31,0,0]
[-2.30625,0,0]
[-2.3025,0,0]
[-2.29875,0,0]
[-2.295,0,0]
[-2.29125,0,0]
[-2.2875,0,0]
[-2.28375,0,0]
[-2.28,0,0]
[-2.27625,0,0]
[-2.2725,0,0]
[-2.26875,0,0]
[-2.265,0,0]
[-2.26125,0,0]
[-2.2575,0,0]
[-2.25375,0,0]
[-2.25,0,0]
[-2.24625,0,0]
[-2.2425,0,0]
[-2.23875,0,0]
[-2.235,0,0]
[-2.23125,0,0]
[-2.2275,0,0]
[-2.22375,0,0]
[-2.22,0,0]
[-2.21625,0,0]
[-2.2125,0,0]
[-2.20875,0,0]
[-2.205,0,0]
[-2.20125,0,0]
[-2.1975,0,0]
[-2.19375,0,0]
[-2.19,0,0]
[-2.18625,0,0]
[-2.1825,0,0]
[-2.17875,0,0]
[-2.175,0,0]
[-2.17125,0,0]
[-2.1675,0,0]
[-2.16375,0,0]
[-2.16,0,0]
[-2.15625,0,0]
[-2.1525,0,0]
[-2.14875,0,0]
[-2.145,0,0]
[-2.14125,0,0]
[-2.1375,0,0]
[-2.13375,0,0]
[-2.13,0,0]
[-2.12625,0,0]
[-2.1225,0,0]
[-2.11875,0,0]
[-2.115,0,0]
[-2.11125,0,0]
[-2.1075,0,0]
[-2.10375,0,0]
[-2.1,0,0]
[-2.09625,0,0]
[-2.0925,0,0]
[-2.08875,0,0]
[-2.085,0,0]
[-2.08125,0,0]
[-2.0775,0,0]
[-2.07375,0,0]
[-2.07,0,0]
[-2.06625,0,0]
[-2.0625,0,0]
[-2.05875,0,0]
[-2.055,0,0]
[-2.05125,0,0]
[-2.0475,0,0]
[-2.04375,0,0]
[-2.04,0,0]
[-2.03625,0,0]
[-2.0325,0,0]
[-2.02875,0,0]
[-2.025,0,0]
[-2.02125,0,0]
[-2.0175,0,0]
[-2.01375,0,0]
[-2.01,0,0]
[-2.00625,0,0]
[-2.0025,0,0]
[-1.99875,0,0]
[-1.995,0,0]
[-1.99125,0,0]
[-1.9875,0,0]
[-1.98375,0,0]
[-1.98,0,0]
[-1.97625,0,0]
[-1.9725,0,0]
[-1.96875,0,0]
[-1.965,0,0]
[-1.96125,0,0]
[-1.9575,0,0]
[-1.95375,0,0]
[-1.95,0,0]
[-1.94625,0,0]
[-1.9425,0,0]
[-1.93875,0,0]
[-1.935,0,0]
[-1.93125,0,0]
[-1.9275,0,0]
[-1.92375,0,0]
[-1.92,0,0]
[-1.91625,0,0]
[-1.9125,0,0]
[-1.90875,0,0]
[-1.905,0,0]
[-1.90125,0,0]
[-1.8975,0,0]
[-1.89375,0,0]
[-1.89,0,0]
[-1.88625,0,0]
[-1.8825,0,0]
[-1.87875,0,0]
[-1.875,0,0]
[-1.87125,0,0]
[-1.8675,0,0]
[-1.86375,0,0]
[-1.86,0,0]
[-1.85625,0,0]
[-1.8525,0,0]
[-1.84875,0,0]
[-1.845,0,0]
[-1.84125,0,0]
[-1.8375,0,0]
[-1.83375,0,0]
[-1.83,0,0]
[-1.82625,0,0]
[-1.8225,0,0]
[-1.81875,0,0]
[-1.815,0,0]
[-1.81125,0,0]
[-1.8075,0,0]
[-1.80375,0,0]
[-1.8,0,0]
[-1.79625,0,0]
[-1.7925,0,0]
[-1.78875,0,0]
[-1.785,0,0]
[-1.78125,0,0]
[-1.7775,0,0]
[-1.77375,0,0]
[-1.77,0,0]
[-1.76625,0,0]
[-1.7625,0,0]
[-1.75875,0,0]
[-1.755,0,0]
[-1.75125,0,0]
[-1.7475,0,0]
[-1.74375,0,0]
[-1.74,0,0]
[-1.73625,0,0]
[-1.7325,0,0]
[-1.72875,0,0]
[-1.725,0,0]
[-1.72125,0,0]
[-1.7175,0,0]
[-1.71375,0,0]
[-1.71,0,0]
[-1.70625,0,0]
[-1.7025,0,0]
[-1.69875,0,0]
[-1.695,0,0]
[-1.69125,0,0]
[-1.6875,0,0]
[-1.68375,0,0]
[-1.68,0,0]
[-1.67625,0,0]
[-1.6725,0,0]
[-1.66875,0,0]
[-1.665,0,0]
[-1.66125,0,0]
[-1.6575,0,0]
[-1.65375,0,0]
[-1.65,0,0]
[-1.64625,0,0]
[-1.6425,0,0]
[-1.63875,0,0]
[-1.635,0,0]
[-1.63125,0,0]
[-1.6275,0,0]
[-1.62375,0,0]
[-1.62,0,0]
[-1.61625,0,0]
[-1.6125,0,0]
[-1.60875,0,0]
[-1.605,0,0]
[-1.60125,0,0]
[-1.5975,0,0]
[-1.59375,0,0]
[-1.59,0,0]
[-1.58625,0,0]
[-1.5825,0,0]
[-1.57875,0,0]
[-1.575,0,0]
[-1.57125,0,0]
[-1.5675,0,0]
[-1.56375,0,0]
[-1.56,0,0]
[-1.55625,0,0]
[-1.5525,0,0]
[-1.54875,0,0]
[-1.545,0,0]
[-1.54125,0,0]
[-1.5375,0,0]
[-1.53375,0,0]
[-1.53,0,0]
[-1.52625,0,0]
[-1.5225,0,0]
[-1.51875,0,0]
[-1.515,0,0]
[-1.51125,0,0]
[-1.5075,0,0]
[-1.50375,0,0]
[-1.5,0,0]
[-1.49625,0,0]
[-1.4925,0,0]
[-1.48875,0,0]
[-1.485,0,0]
[-1.48125,0,0]
[-1.4775,0,0]
[-1.47375,0,0]
[-1.47,0,0]
[-1.46625,0,0]
[-1.4625,0,0]
[-1.45875,0,0]
[-1.455,0,0]
[-1.45125,0,0]
[-1.4475,0,0]
[-1.44375,0,0]
[-1.44,0,0]
[-1.43625,0,0]
[-1.4325,0,0]
[-1.42875,0,0]
[-1.425,0,0]
[-1.42125,0,0]
[-1.4175,0,0]
[-1.41375,0,0]
[-1.41,0,0]
[-1.40625,0,0]
[-1.4025,0,0]
[-1.39875,0,0]
[-1.395,0,0]
[-1.39125,0,0]
[-1.3875,0,0]
[-1.38375,0,0]
[-1.38,0,0]
[-1.37625,0,0]
[-1.3725,0,0]
[-1.36875,0,0]
[-1.365,0,0]
[-1.36125,0,0]
[-1.3575,0,0]
[-1.35375,0,0]
[-1.35,0,0]
[-1.34625,0,0]
[-1.3425,0,0]
[-1.33875,0,0]
[-1.335,0,0]
[-1.33125,0,0]
[-1.3275,0,0]
[-1.32375,0,0]
[-1.32,0,0]
[-1.31625,0,0]
[-1.3125,0,0]
[-1.30875,0,0]
[-1.305,0,0]
[-1.30125,0,0]
[-1.2975,0,0]
[-1.29375,0,0]
[-1.29,0,0]
[-1.28625,0,0]
[-1.2825,0,0]
[-1.27875,0,0]
[-1.275,0,0]
[-1.27125,0,0]
[-1.2675,0,0]
[-1.26375,0,0]
[-1.26,0,0]
[-1.25625,0,0]
[-1.2525,0,0]
[-1.24875,0,0]
[-1.245,0,0]
[-1.24125,0,0]
[-1.2375,0,0]
[-1.23375,0,0]
[-1.23,0,0]
[-1.22625,0,0]
[-1.2225,0,0]
[-1.21875,0,0]
[-1.215,0,0]
[-1.21125,0,0]
[-1.2075,0,0]
[-1.20375,0,0]
[-1.2,0,0]
[-1.19625,0,0]
[-1.1925,0,0]
[-1.18875,0,0]
[-1.185,0,0]
[-1.18125,0,0]
[-1.1775,0,0]
[-1.17375,0,0]
[-1.17,0,0]
[-1.16625,0,0]
[-1.1625,0,0]
[-1.15875,0,0]
[-1.155,0,0]
[-1.15125,0,0]
[-1.1475,0,0]
[-1.14375,0,0]
[-1.14,0,0]
[-1.13625,0,0]
[-1.1325,0,0]
[-1.12875,0,0]
[-1.125,0,0]
[-1.12125,0,0]
[-1.1175,0,0]
[-1.11375,0,0]
[-1.11,0,0]
[-1.10625,0,0]
[-1.1025,0,0]
[-1.09875,0,0]
[-1.095,0,0]
[-1.09125,0,0]
[-1.0875,0,0]
[-1.08375,0,0]
[-1.08,0,0]
[-1.07625,0,0]
[-1.0725,0,0]
[-1.06875,0,0]
[-1.065,0,0]
[-1.06125,0,0]
[-1.0575,0,0]
[-1.05375,0,0]
[-1.05,0,0]
[-1.04625,0,0]
[-1.0425,0,0]
[-1.03875,0,0]
[-1.035,0,0]
[-1.03125,0,0]
[-1.0275,0,0]
[-1.02375,0,0]
[-1.02,0,0]
[-1.01625,0,0]
[-1.0125,0,0]
[-1.00875,0,0]
[-1.005,0,0]
[-1.00125,0,0]
[-0.9975,0,0]
[-0.99375,0,0]
[-0.99,0,0]
[-0.98625,0,0]
[-0.9825,0,0]
[-0.97875,0,0]
[-0.975,0,0]
[-0.97125,0,0]
[-0.9675,0,0]
[-0.96375,0,0]
[-0.96,0,0]
[-0.95625,0,0]
[-0.9525,0,0]
[-0.94875,0,0]
[-0.945,0,0]
[-0.94125,0,0]
[-0.9375,0,0]
[-0.93375,0,0]
[-0.93,0,0]
[-0.92625,0,0]
[-0.9225,0,0]
[-0.91875,0,0]
[-0.915,0,0]
[-0.91125,0,0]
[-0.9075,0,0]
[-0.90375,0,0]
[-0.9,0,0]
[-0.89625,0,0]
[-0.8925,0,0]
[-0.88875,0,0]
[-0.885,0,0]
[-0.88125,0,0]
[-0.8775,0,0]
[-0.87375,0,0]
[-0.87,0,0]
[-0.86625,0,0]
[-0.8625,0,0]
[-0.85875,0,0]
[-0.855,0,0]
[-0.85125,0,0]
[-0.8475,0,0]
[-0.84375,0,0]
[-0.84,0,0]
[-0.83625,0,0]
[-0.8325,0,0]
[-0.82875,0,0]
[-0.825,0,0]
[-0.82125,0,0]
[-0.8175,0,0]
[-0.81375,0,0]
[-0.81,0,0]
[-0.80625,0,0]
[-0.8025,0,0]
[-0.79875,0,0]
[-0.795,0,0]
[-0.79125,0,0]
[-0.7875,0,0]
[-0.78375,0,0]
[-0.78,0,0]
[-0.77625,0,0]
[-0.7725,0,0]
[-0.76875,0,0]
[-0.765,0,0]
[-0.76125,0,0]
[-0.7575,0,0]
[-0.75375,0,0]
[-0.75,0,0]
[-0.74625,0,0]
[-0.7425,0,0]
[-0.73875,0,0]
[-0.735,0,0]
[-0.73125,0,0]
[-0.7275,0,0]
[-0.72375,0,0]
[-0.72,0,0]
[-0.71625,0,0]
[-0.7125,0,0]
[-0.70875,0,0]
[-0.705,0,0]
[-0.70125,0,0]
[-0.6975,0,0]
[-0.69375,0,0]
[-0.69,0,0]
[-0.68625,0,0]
[-0.6825,0,0]
[-0.67875,0,0]
[-0.675,0,0]
[-0.67125,0,0]
[-0.6675,0,0]
[-0.66375,0,0]
[-0.66,0,0]
[-0.65625,0,0]
[-0.6525,0,0]
[-0.64875,0,0]
[-0.645,0,0]
[-0.64125,0,0]
[-0.6375,0,0]
[-0.63375,0,0]
[-0.63,0,0]
[-0.62625,0,0]
[-0.6225,0,0]
[-0.61875,0,0]
[-0.615,0,0]
[-0.61125,0,0]
[-0.6075,0,0]
[-0.60375,0,0]
[-0.6,0,0]
[-0.59625,0,0]
[-0.5925,0,0]
[-0.58875,0,0]
[-0.585,0,0]
[-0.58125,0,0]
[-0.5775,0,0]
[-0.57375,0,0]
[-0.57,0,0]
[-0.56625,0,0]
[-0.5625,0,0]
[-0.55875,0,0]
[-0.555,0,0]
[-0.55125,0,0]
[-0.5475,0,0]
[-0.54375,0,0]
[-0.54,0,0]
[-0.53625,0,0]
[-0.5325,0,0]
[-0.52875,0,0]
[-0.525,0,0]
[-0.52125,0,0]
[-0.5175,0,0]
[-0.51375,0,0]
[-0.51,0,0]
[-0.50625,0,0]
[-0.5025,0,0]
[-0.49875,0,0]
[-0.495,0,0]
[-0.49125,0,0]
[-0.4875,0,0]
[-0.48375,0,0]
[-0.48,0,0]
[-0.47625,0,0]
[-0.4725,0,0]
[-0.46875,0,0]
[-0.465,0,0]
[-0.46125,0,0]
[-0.4575,0,0]
[-0.45375,0,0]
[-0.45,0,0]
[-0.44625,0,0]
[-0.4425,0,0]
[-0.43875,0,0]
[-0.435,0,0]
[-0.43125,0,0]
[-0.4275,0,0]
[-0.42375,0,0]
[-0.42,0,0]
[-0.41625,0,0]
[-0.4125,0,0]
[-0.40875,0,0]
[-0.405,0,0]
[-0.40125,0,0]
[-0.3975,0,0]
[-0.39375,0,0]
[-0.39,0,0]
[-0.38625,0,0]
[-0.3825,0,0]
[-0.37875,0,0]
[-0.375,0,0]
[-0.37125,0,0]
[-0.3675,0,0]
[-0.36375,0,0]
[-0.36,0,0]
[-0.35625,0,0]
[-0.3525,0,0]
[-0.34875,0,0]
[-0.345,0,0]
[-0.34125,0,0]
[-0.3375,0,0]
[-0.33375,0,0]
[-0.33,0,0]
[-0.32625,0,0]
[-0.3225,0,0]
[-0.31875,0,0]
[-0.315,0,0]
[-0.31125,0,0]
[-0.3075,0,0]
[-0.30375,0,0]
[-0.3,0,0]
[-0.29625,0,0]
[-0.2925,0,0]
[-0.28875,0,0]
[-0.285,0,0]
[-0.28125,0,0]
[-0.2775,0,0]
[-0.27375,0,0]
[-0.27,0,0]
[-0.26625,0,0]
[-0.2625,0,0]
[-0.25875,0,0]
[-0.255,0,0]
[-0.25125,0,0]
[-0.2475,0,0]
[-0.24375,0,0]
[-0.24,0,0]
[-0.23625,0,0]
[-0.2325,0,0]
[-0.22875,0,0]
[-0.225,0,0]
[-0.22125,0,0]
[-0.2175,0,0]
[-0.21375,0,0]
[-0.21,0,0]
[-0.20625,0,0]
[-0.2025,0,0]
[-0.19875,0,0]
[-0.195,0,0]
[-0.19125,0,0]
[-0.1875,0,0]
[-0.18375,0,0]
[-0.18,0,0]
[-0.17625,0,0]
[-0.1725,0,0]
[-0.16875,0,0]
[-0.165,0,0]
[-0.16125,0,0]
[-0.1575,0,0]
[-0.15375,0,0]
[-0.15,0,0]
[-0.14625,0,0]
[-0.1425,0,0]
[-0.13875,0,0]
[-0.135,0,0]
[-0.13125,0,0]
[-0.1275,0,0]
[-0.12375,0,0]
[-0.12,0,0]
[-0.11625,0,0]
[-0.1125,0,0]
[-0.10875,0,0]
[-0.105,0,0]
[-0.10125,0,0]
[-0.0975,0,0]
[-0.09375,0,0]
[-0.09,0,0]
[-0.08625,0,0]
[-0.0825,0,0]
[-0.07875,0,0]
[-0.075,0,0]
[-0.07125,0,0]
[-0.0675,0,0]
[-0.06375,0,0]
[-0.06,0,0]
[-0.05625,0,0]
[-0.0525,0,0]
[-0.04875,0,0]
[-0.045,0,0]
[-0.04125,0,0]
[-0.0375,0,0]
[-0.03375,0,0]
[-0.03,0,0]
[-0.02625,0,0]
[-0.0225,0,0]
[-0.01875,0,0]
[-0.015,0,0]
[-0.01125,0,0]
[-0.0075,0,0]
[-0.00375,0,0]
[0,0,0]
[1,0,0,0]
[1,0,0,0]
[1,0,0,0]
[1,0,0,0]
[1,0,0,0]
[1,0,0,0]
[1,0,0,0]
[1,0,0,0]
[1,0,0,0]
[1,0,0,0]
[1,0,0,0]
[1,0,0,0]
[1,0,0,0]
[1,0,0,0]
[1,0,0,0]
[1,0,0,0]
[1,0,0,0]
[1,0,0,0]
[1,0,0,0]
[1,0,0,0]
[1,0,0,0]
[1,0,0,0]
[1,0,0,0]
[1,0,0,0]
[1,0,0,0]
[1,0,0,0]
[1,0,0,0]
[1,0,0,0]
[1,0,0,0]
[1,0,0,0]
[1,0,0,0]
[1,0,0,0]
[1,0,0,0]
[1,0,0,0]
[1,0,0,0]
[1,0,0,0]
[1,0,0,0]
[1,0,0,0]
[1,0,0,0]
[1,0,0,0]
[1,0,0,0]
[1,0,0,0]
[1,0,0,0]
[1,0,0,0]
[1,0,0,0]
[1,0,0,0]
[1,0,0,0]
[1,0,0,0]
[1,0,0,0]
[1,0,0,0]
[1,0,0,0]
[1,0,0,0]
[1,0,0,0]
[1,0,0,0]
[1,0,0,0]
[1,0,0,0]
[1,0,0,0]
[1,0,0,0]
[1,0,0,0]
[1,0,0,0]
[1,0,0,0]
[1,0,0,0]
[1,0,0,0]
[1,0,0,0]
[1,0,0,0]
[1,0,0,0]
[1,0,0,0]
[1,0,0,0]
[1,0,0,0]
[1,0,0,0]
[1,0,0,0]
[1,0,0,0]
[1,0,0,0]
[1,0,0,0]
[1,0,0,0]
[1,0,0,0]
[1,0,0,0]
[1,0,0,0]
[1,0,0,0]
[1,0,0,0]
[1,0,0,0]
[1,0,0,0]
[1,0,0,0]
[1,0,0,0]
[1,0,0,0]
[1,0,0,0]
[1,0,0,0]
[1,0,0,0]
[1,0,0,0]
[1,0,0,0]
[1,0,0,0]
[1,0,0,0]
[1,0,0,0]
[1,0,0,0]
[1,0,0,0]
[1,0,0,0]
[1,0,0,0]
[1,0,0,0]
[1,0,0,0]
[1,0,0,0]
[1,0,0,0]
[1,0,0,0]
[1,0,0,0]
[1,0,0,0]
[1,0,0,0]
[1,0,0,0]
[1,0,0,0]
[1,0,0,0]
[1,0,0,0]
[1,0,0,0]
[1,0,0,0]
[1,0,0,0]
[1,0,0,0]
[1,0,0,0]
[1,0,0,0]
[1,0,0,0]
[1,0,0,0]
[1,0,0,0]
[1,0,0,0]
[1,0,0,0]
[1,0,0,0]
[1,0,0,0]
[1,0,0,0]
[1,0,0,0]
[1,0,0,0]
[1,0,0,0]
[1,0,0,0]
[1,0,0,0]
[1,0,0,0]
[1,0,0,0]
[1,0,0,0]
[1,0,0,0]
[1,0,0,0]
[1,0,0,0]
[1,0,0,0]
[1,0,0,0]
[1,0,0,0]
[1,0,0,0]
[1,0,0,0]
[1,0,0,0]
[1,0,0,0]
[1,0,0,0]
[1,0,0,0]
[1,0,0,0]
[1,0,0,0]
[1,0,0,0]
[1,0,0,0]
[1,0,0,0]
[1,0,0,0]
[1,0,0,0]
[1,0,0,0]
[1,0,0,0]
[1,0,0,0]
[1,0,0,0]
[1,0,0,0]
[1,0,0,0]
[1,0,0,0]
[1,0,0,0]
[1,0,0,0]
[1,0,0,0]
[1,0,0,0]
[1,0,0,0]
[1,0,0,0]
[1,0,0,0]
[1,0,0,0]
[1,0,0,0]
[1,0,0,0]
[1,0,0,0]
[1,0,0,0]
[1,0,0,0]
[1,0,0,0]
[1,0,0,0]
[1,0,0,0]
[1,0,0,0]
[1,0,0,0]
[1,0,0,0]
[1,0,0,0]
[1,0,0,0]
[1,0,0,0]
[1,0,0,0]
[1,0,0,0]
[1,0,0,0]
[1,0,0,0]
[1,0,0,0]
[1,0,0,0]
[1,0,0,0]
[1,0,0,0]
[1,0,0,0]
[1,0,0,0]
[1,0,0,0]
[1,0,0,0]
[1,0,0,0]
[1,0,0,0]
[1,0,0,0]
[1,0,0,0]
[1,0,0,0]
[1,0,0,0]
[1,0,0,0]
[1,0,0,0]
[1,0,0,0]
[1,0,0,0]
[1,0,0,0]
[1,0,0,0]
[1,0,0,0]
[1,0,0,0]
[1,0,0,0]
[1,0,0,0]
[1,0,0,0]
[1,0,0,0]
[1,0,0,0]
[1,0,0,0]
[1,0,0,0]
[1,0,0,0]
[1,0,0,0]
[1,0,0,0]
[1,0,0,0]
[1,0,0,0]
[1,0,0,0]
[1,0,0,0]
[1,0,0,0]
[1,0,0,0]
[1,0,0,0]
[1,0,0,0]
[1,0,0,0]
[1,0,0,0]
[1,0,0,0]
[1,0,0,0]
[1,0,0,0]
[1,0,0,0]
[1,0,0,0]
[1,0,0,0]
[1,0,0,0]
[1,0,0,0]
[1,0,0,0]
[1,0,0,0]
[1,0,0,0]
[1,0,0,0]
[1,0,0,0]
[1,0,0,0]
[1,0,0,0]
[1,0,0,0]
[1,0,0,0]
[1,0,0,0]
[1,0,0,0]
[1,0,0,0]
[1,0,0,0]
[1,0,0,0]
[1,0,0,0]
[1,0,0,0]
[1,0,0,0]
[1,0,0,0]
[1,0,0,0]
[1,0,0,0]
[1,0,0,0]
[1,0,0,0]
[1,0,0,0]
[1,0,0,0]
[1,0,0,0]
[1,0,0,0]
[1,0,0,0]
[1,0,0,0]
[1,0,0,0]
[1,0,0,0]
[1,0,0,0]
[1,0,0,0]
[1,0,0,0]
[1,0,0,0]
[1,0,0,0]
[1,0,0,0]
[1,0,0,0]
[1,0,0,0]
[1,0,0,0]
[1,0,0,0]
[1,0,0,0]
[1,0,0,0]
[1,0,0,0]
[1,0,0,0]
[1,0,0,0]
[1,0,0,0]
[1,0,0,0]
[1,0,0,0]
[1,0,0,0]
[1,0,0,0]
[1,0,0,0]
[1,0,0,0]
[1,0,0,0]
[1,0,0,0]
[1,0,0,0]
[1,0,0,0]
[1,0,0,0]
[1,0,0,0]
[1,0,0,0]
[1,0,0,0]
[1,0,0,0]
[1,0,0,0]
[1,0,0,0]
[1,0,0,0]
[1,0,0,0]
[1,0,0,0]
[1,0,0,0]
[1,0,0,0]
[1,0,0,0]
[1,0,0,0]
[1,0,0,0]
[1,0,0,0]
[1,0,0,0]
[1,0,0,0]
[1,0,0,0]
[1,0,0,0]
[1,0,0,0]
[1,0,0,0]
[1,0,0,0]
[1,0,0,0]
[1,0,0,0]
[1,0,0,0]
[1,0,0,0]
[1,0,0,0]
[1,0,0,0]
[1,0,0,0]
[1,0,0,0]
[1,0,0,0]
[1,0,0,0]
[1,0,0,0]
[1,0,0,0]
[1,0,0,0]
[1,0,0,0]
[1,0,0,0]
[1,0,0,0]
[1,0,0,0]
[1,0,0,0]
[1,0,0,0]
[1,0,0,0]
[1,0,0,0]
[1,0,0,0]
[1,0,0,0]
[1,0,0,0]
[1,0,0,0]
[1,0,0,0]
[1,0,0,0]
[1,0,0,0]
[1,0,0,0]
[1,0,0,0]
[1,0,0,0]
[1,0,0,0]
[1,0,0,0]
[1,0,0,0]
[1,0,0,0]
[1,0,0,0]
[1,0,0,0]
[1,0,0,0]
[1,0,0,0]
[1,0,0,0]
[1,0,0,0]
[1,0,0,0]
[1,0,0,0]
[1,0,0,0]
[1,0,0,0]
[1,0,0,0]
[1,0,0,0]
[1,0,0,0]
[1,0,0,0]
[1,0,0,0]
[1,0,0,0]
[1,0,0,0]
[1,0,0,0]
[1,0,0,0]
[1,0,0,0]
[1,0,0,0]
[1,0,0,0]
[1,0,0,0]
[1,0,0,0]
[1,0,0,0]
[1,0,0,0]
[1,0,0,0]
[1,0,0,0]
[1,0,0,0]
[1,0,0,0]
[1,0,0,0]
[1,0,0,0]
[1,0,0,0]
[1,0,0,0]
[1,0,0,0]
[1,0,0,0]
[1,0,0,0]
[1,0,0,0]
[1,0,0,0]
[1,0,0,0]
[1,0,0,0]
[1,0,0,0]
[1,0,0,0]
[1,0,0,0]
[1,0,0,0]
[1,0,0,0]
[1,0,0,0]
[1,0,0,0]
[1,0,0,0]
[1,0,0,0]
[1,0,0,0]
[1,0,0,0]
[1,0,0,0]
[1,0,0,0]
[1,0,0,0]
[1,0,0,0]
[1,0,0,0]
[1,0,0,0]
[1,0,0,0]
[1,0,0,0]
[1,0,0,0]
[1,0,0,0]
[1,0,0,0]
[1,0,0,0]
[1,0,0,0]
[1,0,0,0]
[1,0,0,0]
[1,0,0,0]
[1,0,0,0]
[1,0,0,0]
[1,0,0,0]
[1,0,0,0]
[1,0,0,0]
[1,0,0,0]
[1,0,0,0]
[1,0,0,0]
[1,0,0,0]
[1,0,0,0]
[1,0,0,0]
[1,0,0,0]
[1,0,0,0]
[1,0,0,0]
[1,0,0,0]
[1,0,0,0]
[1,0,0,0]
[1,0,0,0]
[1,0,0,0]
[1,0,0,0]
[1,0,0,0]
[1,0,0,0]
[1,0,0,0]
[1,0,0,0]
[1,0,0,0]
[1,0,0,0]
[1,0,0,0]
[1,0,0,0]
[1,0,0,0]
[1,0,0,0]
[1,0,0,0]
[1,0,0,0]
[1,0,0,0]
[1,0,0,0]
[1,0,0,0]
[1,0,0,0]
[1,0,0,0]
[1,0,0,0]
[1,0,0,0]
[1,0,0,0]
[1,0,0,0]
[1,0,0,0]
[1,0,0,0]
[1,0,0,0]
[1,0,0,0]
[1,0,0,0]
[1,0,0,0]
[1,0,0,0]
[1,0,0,0]
[1,0,0,0]
[1,0,0,0]
[1,0,0,0]
[1,0,0,0]
[1,0,0,0]
[1,0,0,0]
[1,0,0,0]
[1,0,0,0]
[1,0,0,0]
[1,0,0,0]
[1,0,0,0]
[1,0,0,0]
[1,0,0,0]
[1,0,0,0]
[1,0,0,0]
[1,0,0,0]
[1,0,0,0]
[1,0,0,0]
[1,0,0,0]
[1,0,0,0]
[1,0,0,0]
[1,0,0,0]
[1,0,0,0]
[1,0,0,0]
[1,0,0,0]
[1,0,0,0]
[1,0,0,0]
[1,0,0,0]
[1,0,0,0]
[1,0,0,0]
[1,0,0,0]
[1,0,0,0]
[1,0,0,0]
[1,0,0,0]
[1,0,0,0]
[1,0,0,0]
[1,0,0,0]
[1,0,0,0]
[1,0,0,0]
[1,0,0,0]
[1,0,0,0]
[1,0,0,0]
[1,0,0,0]
[1,0,0,0]
[1,0,0,0]
[1,0,0,0]
[1,0,0,0]
[1,0,0,0]
[1,0,0,0]
[1,0,0,0]
[1,0,0,0]
[1,0,0,0]
[1,0,0,0]
[1,0,0,0]
[1,0,0,0]
[1,0,0,0]
[1,0,0,0]
[1,0,0,0]
[1,0,0,0]
[1,0,0,0]
[1,0,0,0]
[1,0,0,0]
[1,0,0,0]
[1,0,0,0]
[1,0,0,0]
[1,0,0,0]
[1,0,0,0]
[1,0,0,0]
[1,0,0,0]
[1,0,0,0]
[1,0,0,0]
[1,0,0,0]
[1,0,0,0]
[1,0,0,0]
[1,0,0,0]
[1,0,0,0]
[1,0,0,0]
[1,0,0,0]
[1,0,0,0]
[1,0,0,0]
[1,0,0,0]
[1,0,0,0]
[1,0,0,0]
[1,0,0,0]
[1,0,0,0]
[1,0,0,0]
[1,0,0,0]
[1,0,0,0]
[1,0,0,0]
[1,0,0,0]
[1,0,0,0]
[1,0,0,0]
[1,0,0,0]
[1,0,0,0]
[1,0,0,0]
[1,0,0,0]
[1,0,0,0]
[1,0,0,0]
[1,0,0,0]
[1,0,0,0]
[1,0,0,0]
[1,0,0,0]
[1,0,0,0]
[1,0,0,0]
[1,0,0,0]
[1,0,0,0]
[1,0,0,0]
[1,0,0,0]
[1,0,0,0]
[1,0,0,0]
[1,0,0,0]
[1,0,0,0]
[1,0,0,0]
[1,0,0,0]
[1,0,0,0]
[1,0,0,0]
[1,0,0,0]
[1,0,0,0]
[1,0,0,0]
[1,0,0,0]
[1,0,0,0]
[1,0,0,0]
[1,0,0,0]
[1,0,0,0]
[1,0,0,0]
[1,0,0,0]
[1,0,0,0]
[1,0,0,0]
[1,0,0,0]
[1,0,0,0]
[1,0,0,0]
[1,0,0,0]
[1,0,0,0]
[1,0,0,0]
[1,0,0,0]
[1,0,0,0]
[1,0,0,0]
[1,0,0,0]
[1,0,0,0]
[1,0,0,0]
[1,0,0,0]
[1,0,0,0]
[1,0,0,0]
[1,0,0,0]
[1,0,0,0]
[1,0,0,0]
[1,0,0,0]
[1,0,0,0]
[1,0,0,0]
[1,0,0,0]
[1,0,0,0]
[1,0,0,0]
[1,0,0,0]
[1,0,0,0]
[1,0,0,0]
[1,0,0,0]
[1,0,0,0]
[1,0,0,0]
[1,0,0,0]
[1,0,0,0]
[1,0,0,0]
[1,0,0,0]
[1,0,0,0]
[1,0,0,0]
[1,0,0,0]
[1,0,0,0]
[1,0,0,0]
[1,0,0,0]
[1,0,0,0]
[1,0,0,0]
[1,0,0,0]
[1,0,0,0]
[1,0,0,0]
[1,0,0,0]
[1,0,0,0]
[1,0,0,0]
[1,0,0,0]
[1,0,0,0]
[1,0,0,0]
[1,0,0,0]
[1,0,0,0]
[1,0,0,0]
[1,0,0,0]
[1,0,0,0]
[1,0,0,0]
[1,0,0,0]
[1,0,0,0]
[1,0,0,0]
[1,0,0,0]
[1,0,0,0]
[1,0,0,0]
[1,0,0,0]
[1,0,0,0]
[1,0,0,0]
[1,0,0,0]
[1,0,0,0]
[1,0,0,0]
[1,0,0,0]
[1,0,0,0]
[1,0,0,0]
[1,0,0,0]
[1,0,0,0]
[1,0,0,0]
[1,0,0,0]
[1,0,0,0]
[1,0,0,0]
[1,0,0,0]
[1,0,0,0]
[1,0,0,0]
[1,0,0,0]
[1,0,0,0]
[1,0,0,0]
[1,0,0,0]
[1,0,0,0]
[1,0,0,0]
[1,0,0,0]
[1,0,0,0]
[1,0,0,0]
[1,0,0,0]
[1,0,0,0]
[1,0,0,0]
[1,0,0,0]
[1,0,0,0]
[1,0,0,0]
[1,0,0,0]
[1,0,0,0]
[1,0,0,0]
[1,0,0,0]
[1,0,0,0]
[1,0,0,0]
[1,0,0,0]
[1,0,0,0]
[1,0,0,0]
[1,0,0,0]
[1,0,0,0]
[1,0,0,0]
[1,0,0,0]
[1,0,0,0]
[1,0,0,0]
[1,0,0,0]
[1,0,0,0]
[1,0,0,0]
[1,0,0,0]
[1,0,0,0]
[1,0,0,0]
[1,0,0,0]
[1,0,0,0]
[1,0,0,0]
[1,0,0,0]
[1,0,0,0]
[1,0,0,0]
[1,0,0,0]
[1,0,0,0]
[1,0,0,0]
[1,0,0,0]
[1,0,0,0]
[1,0,0,0]
[1,0,0,0]
[1,0,0,0]
[1,0,0,0]
[1,0,0,0]
[1,0,0,0]
[1,0,0,0]
[1,0,0,0]
[1,0,0,0]
[1,0,0,0]
[1,0,0,0]
[1,0,0,0]
[1,0,0,0]
[1,0,0,0]
[1,0,0,0]
[1,0,0,0]
[1,0,0,0]
[1,0,0,0]
[1,0,0,0]
[1,0,0,0]
[1,0,0,0]
[1,0,0,0]
[1,0,0,0]
[1,0,0,0]
[1,0,0,0]
[1,0,0,0]
[1,0,0,0]
[1,0,0,0]
[1,0,0,0]
[1,0,0,0]
[1,0,0,0]
[1,0,0,0]
[1,0,0,0]
[1,0,0,0]
[1,0,0,0]
[1,0,0,0]
[1,0,0,0]
[1,0,0,0]
[1,0,0,0]
[1,0,0,0]
[1,0,0,0]
[1,0,0,0]
[1,0,0,0]
[1,0,0,0]
[1,0,0,0]
[1,0,0,0]
[1,0,0,0]
[1,0,0,0]
[1,0,0,0]
[1,0,0,0]
[1,0,0,0]
[1,0,0,0]
[1,0,0,0]
[1,0,0,0]
[1,0,0,0]
[1,0,0,0]
[1,0,0,0]
[1,0,0,0]
[1,0,0,0]
[1,0,0,0]
[1,0,0,0]
[1,0,0,0]
[1,0,0,0]
[1,0,0,0]
[1,0,0,0]
[1,0,0,0]
[1,0,0,0]
[1,0,0,0]
[1,0,0,0]
[1,0,0,0]
[1,0,0,0]
[1,0,0,0]
[1,0,0,0]
[1,0,0,0]
[1,0,0,0]
[1,0,0,0]
[1,0,0,0]
[1,0,0,0]
[1,0,0,0]
[1,0,0,0]
