1120
10
[-2.99732,0,0]
[-2.99464,0,0]
[-2.99196,0,0]
[-2.98929,0,0]
[-2.98661,0,0]
[-2.98393,0,0]
[-2.98125,0,0]
[-2.97857,0,0]
[-2.97589,0,0]
[-2.97321,0,0]
[-2.97054,0,0]
[-2.96786,0,0]
[-2.96518,0,0]
[-2.9625,0,0]
[-2.95982,0,0]
[-2.95714,0,0]
[-2.95446,0,0]
[-2.95179,0,0]
[-2.94911,0,0]
[-2.94643,0,0]
[-2.94375,0,0]
[-2.94107,0,0]
[-2.93839,0,0]
[-2.93571,0,0]
[-2.93304,0,0]
[-2.93036,0,0]
[-2.92768,0,0]
[-2.925,0,0]
[-2.92232,0,0]
[-2.91964,0,0]
[-2.91696,0,0]
[-2.91429,0,0]
[-2.91161,0,0]
[-2.90893,0,0]
[-2.90625,0,0]
[-2.90357,0,0]
[-2.90089,0,0]
[-2.89821,0,0]
[-2.89554,0,0]
[-2.89286,0,0]
[-2.89018,0,0]
[-2.8875,0,0]
[-2.88482,0,0]
[-2.88214,0,0]
[-2.87946,0,0]
[-2.87679,0,0]
[-2.87411,0,0]
[-2.87143,0,0]
[-2.86875,0,0]
[-2.86607,0,0]
[-2.86339,0,0]
[-2.86071,0,0]
[-2.85804,0,0]
[-2.85536,0,0]
[-2.85268,0,0]
[-2.85,0,0]
[-2.84732,0,0]
[-2.84464,0,0]
[-2.84196,0,0]
[-2.83929,0,0]
[-2.83661,0,0]
[-2.83393,0,0]
[-2.83125,0,0]
[-2.82857,0,0]
[-2.82589,0,0]
[-2.82321,0,0]
[-2.82054,0,0]
[-2.81786,0,0]
[-2.81518,0,0]
[-2.8125,0,0]
[-2.80982,0,0]
[-2.80714,0,0]
[-2.80446,0,0]
[-2.80179,0,0]
[-2.79911,0,0]
[-2.79643,0,0]
[-2.79375,0,0]
[-2.79107,0,0]
[-2.78839,0,0]
[-2.78571,0,0]
[-2.78304,0,0]
[-2.78036,0,0]
[-2.77768,0,0]
[-2.775,0,0]
[-2.77232,0,0]
[-2.76964,0,0]
[-2.76696,0,0]
[-2.76429,0,0]
[-2.76161,0,0]
[-2.75893,0,0]
[-2.75625,0,0]
[-2.75357,0,0]
[-2.75089,0,0]
[-2.74821,0,0]
[-2.74554,0,0]
[-2.74286,0,0]
[-2.74018,0,0]
[-2.7375,0,0]
[-2.73482,0,0]
[-2.73214,0,0]
[-2.72946,0,0]
[-2.72679,0,0]
[-2.72411,0,0]
[-2.72143,0,0]
[-2.71875,0,0]
[-2.71607,0,0]
[-2.71339,0,0]
[-2.71071,0,0]
[-2.70804,0,0]
[-2.70536,0,0]
[-2.70268,0,0]
[-2.7,0,0]
[-2.69732,0,0]
[-2.69464,0,0]
[-2.69196,0,0]
[-2.68929,0,0]
[-2.68661,0,0]
[-2.68393,0,0]
[-2.68125,0,0]
[-2.67857,0,0]
[-2.67589,0,0]
[-2.67321,0,0]
[-2.67054,0,0]
[-2.66786,0,0]
[-2.66518,0,0]
[-2.6625,0,0]
[-2.65982,0,0]
[-2.65714,0,0]
[-2.65446,0,0]
[-2.65179,0,0]
[-2.64911,0,0]
[-2.64643,0,0]
[-2.64375,0,0]
[-2.64107,0,0]
[-2.63839,0,0]
[-2.63571,0,0]
[-2.63304,0,0]
[-2.63036,0,0]
[-2.62768,0,0]
[-2.625,0,0]
[-2.62232,0,0]
[-2.61964,0,0]
[-2.61696,0,0]
[-2.61429,0,0]
[-2.61161,0,0]
[-2.60893,0,0]
[-2.60625,0,0]
[-2.60357,0,0]
[-2.60089,0,0]
[-2.59821,0,0]
[-2.59554,0,0]
[-2.59286,0,0]
[-2.59018,0,0]
[-2.5875,0,0]
[-2.58482,0,0]
[-2.58214,0,0]
[-2.57946,0,0]
[-2.57679,0,0]
[-2.57411,0,0]
[-2.57143,0,0]
[-2.56875,0,0]
[-2.56607,0,0]
[-2.56339,0,0]
[-2.56071,0,0]
[-2.55804,0,0]
[-2.55536,0,0]
[-2.55268,0,0]
[-2.55,0,0]
[-2.54732,0,0]
[-2.54464,0,0]
[-2.54196,0,0]
[-2.53929,0,0]
[-2.53661,0,0]
[-2.53393,0,0]
[-2.53125,0,0]
[-2.52857,0,0]
[-2.52589,0,0]
[-2.52321,0,0]
[-2.52054,0,0]
[-2.51786,0,0]
[-2.51518,0,0]
[-2.5125,0,0]
[-2.50982,0,0]
[-2.50714,0,0]
[-2.50446,0,0]
[-2.50179,0,0]
[-2.49911,0,0]
[-2.49643,0,0]
[-2.49375,0,0]
[-2.49107,0,0]
[-2.48839,0,0]
[-2.48571,0,0]
[-2.48304,0,0]
[-2.48036,0,0]
[-2.47768,0,0]
[-2.475,0,0]
[-2.47232,0,0]
[-2.46964,0,0]
[-2.46696,0,0]
[-2.46429,0,0]
[-2.46161,0,0]
[-2.45893,0,0]
[-2.45625,0,0]
[-2.45357,0,0]
[-2.45089,0,0]
[-2.44821,0,0]
[-2.44554,0,0]
[-2.44286,0,0]
[-2.44018,0,0]
[-2.4375,0,0]
[-2.43482,0,0]
[-2.43214,0,0]
[-2.42946,0,0]
[-2.42679,0,0]
[-2.42411,0,0]
[-2.42143,0,0]
[-2.41875,0,0]
[-2.41607,0,0]
[-2.41339,0,0]
[-2.41071,0,0]
[-2.40804,0,0]
[-2.40536,0,0]
[-2.40268,0,0]
[-2.4,0,0]
[-2.39732,0,0]
[-2.39464,0,0]
[-2.39196,0,0]
[-2.38929,0,0]
[-2.38661,0,0]
[-2.38393,0,0]
[-2.38125,0,0]
[-2.37857,0,0]
[-2.37589,0,0]
[-2.37321,0,0]
[-2.37054,0,0]
[-2.36786,0,0]
[-2.36518,0,0]
[-2.3625,0,0]
[-2.35982,0,0]
[-2.35714,0,0]
[-2.35446,0,0]
[-2.35179,0,0]
[-2.34911,0,0]
[-2.34643,0,0]
[-2.34375,0,0]
[-2.34107,0,0]
[-2.33839,0,0]
[-2.33571,0,0]
[-2.33304,0,0]
[-2.33036,0,0]
[-2.32768,0,0]
[-2.325,0,0]
[-2.32232,0,0]
[-2.31964,0,0]
[-2.31696,0,0]
[-2.31429,0,0]
[-2.31161,0,0]
[-2.30893,0,0]
[-2.30625,0,0]
[-2.30357,0,0]
[-2.30089,0,0]
[-2.29821,0,0]
[-2.29554,0,0]
[-2.29286,0,0]
[-2.29018,0,0]
[-2.2875,0,0]
[-2.28482,0,0]
[-2.28214,0,0]
[-2.27946,0,0]
[-2.27679,0,0]
[-2.27411,0,0]
[-2.27143,0,0]
[-2.26875,0,0]
[-2.26607,0,0]
[-2.26339,0,0]
[-2.26071,0,0]
[-2.25804,0,0]
[-2.25536,0,0]
[-2.25268,0,0]
[-2.25,0,0]
[-2.24732,0,0]
[-2.24464,0,0]
[-2.24196,0,0]
[-2.23929,0,0]
[-2.23661,0,0]
[-2.23393,0,0]
[-2.23125,0,0]
[-2.22857,0,0]
[-2.22589,0,0]
[-2.22321,0,0]
[-2.22054,0,0]
[-2.21786,0,0]
[-2.21518,0,0]
[-2.2125,0,0]
[-2.20982,0,0]
[-2.20714,0,0]
[-2.20446,0,0]
[-2.20179,0,0]
[-2.19911,0,0]
[-2.19643,0,0]
[-2.19375,0,0]
[-2.19107,0,0]
[-2.18839,0,0]
[-2.18571,0,0]
[-2.18304,0,0]
[-2.18036,0,0]
[-2.17768,0,0]
[-2.175,0,0]
[-2.17232,0,0]
[-2.16964,0,0]
[-2.16696,0,0]
[-2.16429,0,0]
[-2.16161,0,0]
[-2.15893,0,0]
[-2.15625,0,0]
[-2.15357,0,0]
[-2.15089,0,0]
[-2.14821,0,0]
[-2.14554,0,0]
[-2.14286,0,0]
[-2.14018,0,0]
[-2.1375,0,0]
[-2.13482,0,0]
[-2.13214,0,0]
[-2.12946,0,0]
[-2.12679,0,0]
[-2.12411,0,0]
[-2.12143,0,0]
[-2.11875,0,0]
[-2.11607,0,0]
[-2.11339,0,0]
[-2.11071,0,0]
[-2.10804,0,0]
[-2.10536,0,0]
[-2.10268,0,0]
[-2.1,0,0]
[-2.09732,0,0]
[-2.09464,0,0]
[-2.09196,0,0]
[-2.08929,0,0]
[-2.08661,0,0]
[-2.08393,0,0]
[-2.08125,0,0]
[-2.07857,0,0]
[-2.07589,0,0]
[-2.07321,0,0]
[-2.07054,0,0]
[-2.06786,0,0]
[-2.06518,0,0]
[-2.0625,0,0]
[-2.05982,0,0]
[-2.05714,0,0]
[-2.05446,0,0]
[-2.05179,0,0]
[-2.04911,0,0]
[-2.04643,0,0]
[-2.04375,0,0]
[-2.04107,0,0]
[-2.03839,0,0]
[-2.03571,0,0]
[-2.03304,0,0]
[-2.03036,0,0]
[-2.02768,0,0]
[-2.025,0,0]
[-2.02232,0,0]
[-2.01964,0,0]
[-2.01696,0,0]
[-2.01429,0,0]
[-2.01161,0,0]
[-2.00893,0,0]
[-2.00625,0,0]
[-2.00357,0,0]
[-2.00089,0,0]
[-1.99821,0,0]
[-1.99554,0,0]
[-1.99286,0,0]
[-1.99018,0,0]
[-1.9875,0,0]
[-1.98482,0,0]
[-1.98214,0,0]
[-1.97946,0,0]
[-1.97679,0,0]
[-1.97411,0,0]
[-1.97143,0,0]
[-1.96875,0,0]
[-1.96607,0,0]
[-1.96339,0,0]
[-1.96071,0,0]
[-1.95804,0,0]
[-1.95536,0,0]
[-1.95268,0,0]
[-1.95,0,0]
[-1.94732,0,0]
[-1.94464,0,0]
[-1.94196,0,0]
[-1.93929,0,0]
[-1.93661,0,0]
[-1.93393,0,0]
[-1.93125,0,0]
[-1.92857,0,0]
[-1.92589,0,0]
[-1.92321,0,0]
[-1.92054,0,0]
[-1.91786,0,0]
[-1.91518,0,0]
[-1.9125,0,0]
[-1.90982,0,0]
[-1.90714,0,0]
[-1.90446,0,0]
[-1.90179,0,0]
[-1.89911,0,0]
[-1.89643,0,0]
[-1.89375,0,0]
[-1.89107,0,0]
[-1.88839,0,0]
[-1.88571,0,0]
[-1.88304,0,0]
[-1.88036,0,0]
[-1.87768,0,0]
[-1.875,0,0]
[-1.87232,0,0]
[-1.86964,0,0]
[-1.86696,0,0]
[-1.86429,0,0]
[-1.86161,0,0]
[-1.85893,0,0]
[-1.85625,0,0]
[-1.85357,0,0]
[-1.85089,0,0]
[-1.84821,0,0]
[-1.84554,0,0]
[-1.84286,0,0]
[-1.84018,0,0]
[-1.8375,0,0]
[-1.83482,0,0]
[-1.83214,0,0]
[-1.82946,0,0]
[-1.82679,0,0]
[-1.82411,0,0]
[-1.82143,0,0]
[-1.81875,0,0]
[-1.81607,0,0]
[-1.81339,0,0]
[-1.81071,0,0]
[-1.80804,0,0]
[-1.80536,0,0]
[-1.80268,0,0]
[-1.8,0,0]
[-1.79732,0,0]
[-1.79464,0,0]
[-1.79196,0,0]
[-1.78929,0,0]
[-1.78661,0,0]
[-1.78393,0,0]
[-1.78125,0,0]
[-1.77857,0,0]
[-1.77589,0,0]
[-1.77321,0,0]
[-1.77054,0,0]
[-1.76786,0,0]
[-1.76518,0,0]
[-1.7625,0,0]
[-1.75982,0,0]
[-1.75714,0,0]
[-1.75446,0,0]
[-1.75179,0,0]
[-1.74911,0,0]
[-1.74643,0,0]
[-1.74375,0,0]
[-1.74107,0,0]
[-1.73839,0,0]
[-1.73571,0,0]
[-1.73304,0,0]
[-1.73036,0,0]
[-1.72768,0,0]
[-1.725,0,0]
[-1.72232,0,0]
[-1.71964,0,0]
[-1.71696,0,0]
[-1.71429,0,0]
[-1.71161,0,0]
[-1.70893,0,0]
[-1.70625,0,0]
[-1.70357,0,0]
[-1.70089,0,0]
[-1.69821,0,0]
[-1.69554,0,0]
[-1.69286,0,0]
[-1.69018,0,0]
[-1.6875,0,0]
[-1.68482,0,0]
[-1.68214,0,0]
[-1.67946,0,0]
[-1.67679,0,0]
[-1.67411,0,0]
[-1.67143,0,0]
[-1.66875,0,0]
[-1.66607,0,0]
[-1.66339,0,0]
[-1.66071,0,0]
[-1.65804,0,0]
[-1.65536,0,0]
[-1.65268,0,0]
[-1.65,0,0]
[-1.64732,0,0]
[-1.64464,0,0]
[-1.64196,0,0]
[-1.63929,0,0]
[-1.63661,0,0]
[-1.63393,0,0]
[-1.63125,0,0]
[-1.62857,0,0]
[-1.62589,0,0]
[-1.62321,0,0]
[-1.62054,0,0]
[-1.61786,0,0]
[-1.61518,0,0]
[-1.6125,0,0]
[-1.60982,0,0]
[-1.60714,0,0]
[-1.60446,0,0]
[-1.60179,0,0]
[-1.59911,0,0]
[-1.59643,0,0]
[-1.59375,0,0]
[-1.59107,0,0]
[-1.58839,0,0]
[-1.58571,0,0]
[-1.58304,0,0]
[-1.58036,0,0]
[-1.57768,0,0]
[-1.575,0,0]
[-1.57232,0,0]
[-1.56964,0,0]
[-1.56696,0,0]
[-1.56429,0,0]
[-1.56161,0,0]
[-1.55893,0,0]
[-1.55625,0,0]
[-1.55357,0,0]
[-1.55089,0,0]
[-1.54821,0,0]
[-1.54554,0,0]
[-1.54286,0,0]
[-1.54018,0,0]
[-1.5375,0,0]
[-1.53482,0,0]
[-1.53214,0,0]
[-1.52946,0,0]
[-1.52679,0,0]
[-1.52411,0,0]
[-1.52143,0,0]
[-1.51875,0,0]
[-1.51607,0,0]
[-1.51339,0,0]
[-1.51071,0,0]
[-1.50804,0,0]
[-1.50536,0,0]
[-1.50268,0,0]
[-1.5,0,0]
[-1.49732,0,0]
[-1.49464,0,0]
[-1.49196,0,0]
[-1.48929,0,0]
[-1.48661,0,0]
[-1.48393,0,0]
[-1.48125,0,0]
[-1.47857,0,0]
[-1.47589,0,0]
[-1.47321,0,0]
[-1.47054,0,0]
[-1.46786,0,0]
[-1.46518,0,0]
[-1.4625,0,0]
[-1.45982,0,0]
[-1.45714,0,0]
[-1.45446,0,0]
[-1.45179,0,0]
[-1.44911,0,0]
[-1.44643,0,0]
[-1.44375,0,0]
[-1.44107,0,0]
[-1.43839,0,0]
[-1.43571,0,0]
[-1.43304,0,0]
[-1.43036,0,0]
[-1.42768,0,0]
[-1.425,0,0]
[-1.42232,0,0]
[-1.41964,0,0]
[-1.41696,0,0]
[-1.41429,0,0]
[-1.41161,0,0]
[-1.40893,0,0]
[-1.40625,0,0]
[-1.40357,0,0]
[-1.40089,0,0]
[-1.39821,0,0]
[-1.39554,0,0]
[-1.39286,0,0]
[-1.39018,0,0]
[-1.3875,0,0]
[-1.38482,0,0]
[-1.38214,0,0]
[-1.37946,0,0]
[-1.37679,0,0]
[-1.37411,0,0]
[-1.37143,0,0]
[-1.36875,0,0]
[-1.36607,0,0]
[-1.36339,0,0]
[-1.36071,0,0]
[-1.35804,0,0]
[-1.35536,0,0]
[-1.35268,0,0]
[-1.35,0,0]
[-1.34732,0,0]
[-1.34464,0,0]
[-1.34196,0,0]
[-1.33929,0,0]
[-1.33661,0,0]
[-1.33393,0,0]
[-1.33125,0,0]
[-1.32857,0,0]
[-1.32589,0,0]
[-1.32321,0,0]
[-1.32054,0,0]
[-1.31786,0,0]
[-1.31518,0,0]
[-1.3125,0,0]
[-1.30982,0,0]
[-1.30714,0,0]
[-1.30446,0,0]
[-1.30179,0,0]
[-1.29911,0,0]
[-1.29643,0,0]
[-1.29375,0,0]
[-1.29107,0,0]
[-1.28839,0,0]
[-1.28571,0,0]
[-1.28304,0,0]
[-1.28036,0,0]
[-1.27768,0,0]
[-1.275,0,0]
[-1.27232,0,0]
[-1.26964,0,0]
[-1.26696,0,0]
[-1.26429,0,0]
[-1.26161,0,0]
[-1.25893,0,0]
[-1.25625,0,0]
[-1.25357,0,0]
[-1.25089,0,0]
[-1.24821,0,0]
[-1.24554,0,0]
[-1.24286,0,0]
[-1.24018,0,0]
[-1.2375,0,0]
[-1.23482,0,0]
[-1.23214,0,0]
[-1.22946,0,0]
[-1.22679,0,0]
[-1.22411,0,0]
[-1.22143,0,0]
[-1.21875,0,0]
[-1.21607,0,0]
[-1.21339,0,0]
[-1.21071,0,0]
[-1.20804,0,0]
[-1.20536,0,0]
[-1.20268,0,0]
[-1.2,0,0]
[-1.19732,0,0]
[-1.19464,0,0]
[-1.19196,0,0]
[-1.18929,0,0]
[-1.18661,0,0]
[-1.18393,0,0]
[-1.18125,0,0]
[-1.17857,0,0]
[-1.17589,0,0]
[-1.17321,0,0]
[-1.17054,0,0]
[-1.16786,0,0]
[-1.16518,0,0]
[-1.1625,0,0]
[-1.15982,0,0]
[-1.15714,0,0]
[-1.15446,0,0]
[-1.15179,0,0]
[-1.14911,0,0]
[-1.14643,0,0]
[-1.14375,0,0]
[-1.14107,0,0]
[-1.13839,0,0]
[-1.13571,0,0]
[-1.13304,0,0]
[-1.13036,0,0]
[-1.12768,0,0]
[-1.125,0,0]
[-1.12232,0,0]
[-1.11964,0,0]
[-1.11696,0,0]
[-1.11429,0,0]
[-1.11161,0,0]
[-1.10893,0,0]
[-1.10625,0,0]
[-1.10357,0,0]
[-1.10089,0,0]
[-1.09821,0,0]
[-1.09554,0,0]
[-1.09286,0,0]
[-1.09018,0,0]
[-1.0875,0,0]
[-1.08482,0,0]
[-1.08214,0,0]
[-1.07946,0,0]
[-1.07679,0,0]
[-1.07411,0,0]
[-1.07143,0,0]
[-1.06875,0,0]
[-1.06607,0,0]
[-1.06339,0,0]
[-1.06071,0,0]
[-1.05804,0,0]
[-1.05536,0,0]
[-1.05268,0,0]
[-1.05,0,0]
[-1.04732,0,0]
[-1.04464,0,0]
[-1.04196,0,0]
[-1.03929,0,0]
[-1.03661,0,0]
[-1.03393,0,0]
[-1.03125,0,0]
[-1.02857,0,0]
[-1.02589,0,0]
[-1.02321,0,0]
[-1.02054,0,0]
[-1.01786,0,0]
[-1.01518,0,0]
[-1.0125,0,0]
[-1.00982,0,0]
[-1.00714,0,0]
[-1.00446,0,0]
[-1.00179,0,0]
[-0.999107,0,0]
[-0.996429,0,0]
[-0.99375,0,0]
[-0.991071,0,0]
[-0.988393,0,0]
[-0.985714,0,0]
[-0.983036,0,0]
[-0.980357,0,0]
[-0.977679,0,0]
[-0.975,0,0]
[-0.972321,0,0]
[-0.969643,0,0]
[-0.966964,0,0]
[-0.964286,0,0]
[-0.961607,0,0]
[-0.958929,0,0]
[-0.95625,0,0]
[-0.953571,0,0]
[-0.950893,0,0]
[-0.948214,0,0]
[-0.945536,0,0]
[-0.942857,0,0]
[-0.940179,0,0]
[-0.9375,0,0]
[-0.934821,0,0]
[-0.932143,0,0]
[-0.929464,0,0]
[-0.926786,0,0]
[-0.924107,0,0]
[-0.921429,0,0]
[-0.91875,0,0]
[-0.916071,0,0]
[-0.913393,0,0]
[-0.910714,0,0]
[-0.908036,0,0]
[-0.905357,0,0]
[-0.902679,0,0]
[-0.9,0,0]
[-0.897321,0,0]
[-0.894643,0,0]
[-0.891964,0,0]
[-0.889286,0,0]
[-0.886607,0,0]
[-0.883929,0,0]
[-0.88125,0,0]
[-0.878571,0,0]
[-0.875893,0,0]
[-0.873214,0,0]
[-0.870536,0,0]
[-0.867857,0,0]
[-0.865179,0,0]
[-0.8625,0,0]
[-0.859821,0,0]
[-0.857143,0,0]
[-0.854464,0,0]
[-0.851786,0,0]
[-0.849107,0,0]
[-0.846429,0,0]
[-0.84375,0,0]
[-0.841071,0,0]
[-0.838393,0,0]
[-0.835714,0,0]
[-0.833036,0,0]
[-0.830357,0,0]
[-0.827679,0,0]
[-0.825,0,0]
[-0.822321,0,0]
[-0.819643,0,0]
[-0.816964,0,0]
[-0.814286,0,0]
[-0.811607,0,0]
[-0.808929,0,0]
[-0.80625,0,0]
[-0.803571,0,0]
[-0.800893,0,0]
[-0.798214,0,0]
[-0.795536,0,0]
[-0.792857,0,0]
[-0.790179,0,0]
[-0.7875,0,0]
[-0.784821,0,0]
[-0.782143,0,0]
[-0.779464,0,0]
[-0.776786,0,0]
[-0.774107,0,0]
[-0.771429,0,0]
[-0.76875,0,0]
[-0.766071,0,0]
[-0.763393,0,0]
[-0.760714,0,0]
[-0.758036,0,0]
[-0.755357,0,0]
[-0.752679,0,0]
[-0.75,0,0]
[-0.747321,0,0]
[-0.744643,0,0]
[-0.741964,0,0]
[-0.739286,0,0]
[-0.736607,0,0]
[-0.733929,0,0]
[-0.73125,0,0]
[-0.728571,0,0]
[-0.725893,0,0]
[-0.723214,0,0]
[-0.720536,0,0]
[-0.717857,0,0]
[-0.715179,0,0]
[-0.7125,0,0]
[-0.709821,0,0]
[-0.707143,0,0]
[-0.704464,0,0]
[-0.701786,0,0]
[-0.699107,0,0]
[-0.696429,0,0]
[-0.69375,0,0]
[-0.691071,0,0]
[-0.688393,0,0]
[-0.685714,0,0]
[-0.683036,0,0]
[-0.680357,0,0]
[-0.677679,0,0]
[-0.675,0,0]
[-0.672321,0,0]
[-0.669643,0,0]
[-0.666964,0,0]
[-0.664286,0,0]
[-0.661607,0,0]
[-0.658929,0,0]
[-0.65625,0,0]
[-0.653571,0,0]
[-0.650893,0,0]
[-0.648214,0,0]
[-0.645536,0,0]
[-0.642857,0,0]
[-0.640179,0,0]
[-0.6375,0,0]
[-0.634821,0,0]
[-0.632143,0,0]
[-0.629464,0,0]
[-0.626786,0,0]
[-0.624107,0,0]
[-0.621429,0,0]
[-0.61875,0,0]
[-0.616071,0,0]
[-0.613393,0,0]
[-0.610714,0,0]
[-0.608036,0,0]
[-0.605357,0,0]
[-0.602679,0,0]
[-0.6,0,0]
[-0.597321,0,0]
[-0.594643,0,0]
[-0.591964,0,0]
[-0.589286,0,0]
[-0.586607,0,0]
[-0.583929,0,0]
[-0.58125,0,0]
[-0.578571,0,0]
[-0.575893,0,0]
[-0.573214,0,0]
[-0.570536,0,0]
[-0.567857,0,0]
[-0.565179,0,0]
[-0.5625,0,0]
[-0.559821,0,0]
[-0.557143,0,0]
[-0.554464,0,0]
[-0.551786,0,0]
[-0.549107,0,0]
[-0.546429,0,0]
[-0.54375,0,0]
[-0.541071,0,0]
[-0.538393,0,0]
[-0.535714,0,0]
[-0.533036,0,0]
[-0.530357,0,0]
[-0.527679,0,0]
[-0.525,0,0]
[-0.522321,0,0]
[-0.519643,0,0]
[-0.516964,0,0]
[-0.514286,0,0]
[-0.511607,0,0]
[-0.508929,0,0]
[-0.50625,0,0]
[-0.503571,0,0]
[-0.500893,0,0]
[-0.498214,0,0]
[-0.495536,0,0]
[-0.492857,0,0]
[-0.490179,0,0]
[-0.4875,0,0]
[-0.484821,0,0]
[-0.482143,0,0]
[-0.479464,0,0]
[-0.476786,0,0]
[-0.474107,0,0]
[-0.471429,0,0]
[-0.46875,0,0]
[-0.466071,0,0]
[-0.463393,0,0]
[-0.460714,0,0]
[-0.458036,0,0]
[-0.455357,0,0]
[-0.452679,0,0]
[-0.45,0,0]
[-0.447321,0,0]
[-0.444643,0,0]
[-0.441964,0,0]
[-0.439286,0,0]
[-0.436607,0,0]
[-0.433929,0,0]
[-0.43125,0,0]
[-0.428571,0,0]
[-0.425893,0,0]
[-0.423214,0,0]
[-0.420536,0,0]
[-0.417857,0,0]
[-0.415179,0,0]
[-0.4125,0,0]
[-0.409821,0,0]
[-0.407143,0,0]
[-0.404464,0,0]
[-0.401786,0,0]
[-0.399107,0,0]
[-0.396429,0,0]
[-0.39375,0,0]
[-0.391071,0,0]
[-0.388393,0,0]
[-0.385714,0,0]
[-0.383036,0,0]
[-0.380357,0,0]
[-0.377679,0,0]
[-0.375,0,0]
[-0.372321,0,0]
[-0.369643,0,0]
[-0.366964,0,0]
[-0.364286,0,0]
[-0.361607,0,0]
[-0.358929,0,0]
[-0.35625,0,0]
[-0.353571,0,0]
[-0.350893,0,0]
[-0.348214,0,0]
[-0.345536,0,0]
[-0.342857,0,0]
[-0.340179,0,0]
[-0.3375,0,0]
[-0.334821,0,0]
[-0.332143,0,0]
[-0.329464,0,0]
[-0.326786,0,0]
[-0.324107,0,0]
[-0.321429,0,0]
[-0.31875,0,0]
[-0.316071,0,0]
[-0.313393,0,0]
[-0.310714,0,0]
[-0.308036,0,0]
[-0.305357,0,0]
[-0.302679,0,0]
[-0.3,0,0]
[-0.297321,0,0]
[-0.294643,0,0]
[-0.291964,0,0]
[-0.289286,0,0]
[-0.286607,0,0]
[-0.283929,0,0]
[-0.28125,0,0]
[-0.278571,0,0]
[-0.275893,0,0]
[-0.273214,0,0]
[-0.270536,0,0]
[-0.267857,0,0]
[-0.265179,0,0]
[-0.2625,0,0]
[-0.259821,0,0]
[-0.257143,0,0]
[-0.254464,0,0]
[-0.251786,0,0]
[-0.249107,0,0]
[-0.246429,0,0]
[-0.24375,0,0]
[-0.241071,0,0]
[-0.238393,0,0]
[-0.235714,0,0]
[-0.233036,0,0]
[-0.230357,0,0]
[-0.227679,0,0]
[-0.225,0,0]
[-0.222321,0,0]
[-0.219643,0,0]
[-0.216964,0,0]
[-0.214286,0,0]
[-0.211607,0,0]
[-0.208929,0,0]
[-0.20625,0,0]
[-0.203571,0,0]
[-0.200893,0,0]
[-0.198214,0,0]
[-0.195536,0,0]
[-0.192857,0,0]
[-0.190179,0,0]
[-0.1875,0,0]
[-0.184821,0,0]
[-0.182143,0,0]
[-0.179464,0,0]
[-0.176786,0,0]
[-0.174107,0,0]
[-0.171429,0,0]
[-0.16875,0,0]
[-0.166071,0,0]
[-0.163393,0,0]
[-0.160714,0,0]
[-0.158036,0,0]
[-0.155357,0,0]
[-0.152679,0,0]
[-0.15,0,0]
[-0.147321,0,0]
[-0.144643,0,0]
[-0.141964,0,0]
[-0.139286,0,0]
[-0.136607,0,0]
[-0.133929,0,0]
[-0.13125,0,0]
[-0.128571,0,0]
[-0.125893,0,0]
[-0.123214,0,0]
[-0.120536,0,0]
[-0.117857,0,0]
[-0.115179,0,0]
[-0.1125,0,0]
[-0.109821,0,0]
[-0.107143,0,0]
[-0.104464,0,0]
[-0.101786,0,0]
[-0.0991071,0,0]
[-0.0964286,0,0]
[-0.09375,0,0]
[-0.0910714,0,0]
[-0.0883929,0,0]
[-0.0857143,0,0]
[-0.0830357,0,0]
[-0.0803571,0,0]
[-0.0776786,0,0]
[-0.075,0,0]
[-0.0723214,0,0]
[-0.0696429,0,0]
[-0.0669643,0,0]
[-0.0642857,0,0]
[-0.0616071,0,0]
[-0.0589286,0,0]
[-0.05625,0,0]
[-0.0535714,0,0]
[-0.0508929,0,0]
[-0.0482143,0,0]
[-0.0455357,0,0]
[-0.0428571,0,0]
[-0.0401786,0,0]
[-0.0375,0,0]
[-0.0348214,0,0]
[-0.0321429,0,0]
[-0.0294643,0,0]
[-0.0267857,0,0]
[-0.0241071,0,0]
[-0.0214286,0,0]
[-0.01875,0,0]
[-0.0160714,0,0]
[-0.0133929,0,0]
[-0.0107143,0,0]
[-0.00803571,0,0]
[-0.00535714,0,0]
[-0.00267857,0,0]
[0,0,0]
[1,0,0,0]
[1,0,0,0]
[1,0,0,0]
[1,0,0,0]
[1,0,0,0]
[1,0,0,0]
[1,0,0,0]
[1,0,0,0]
[1,0,0,0]
[1,0,0,0]
[1,0,0,0]
[1,0,0,0]
[1,0,0,0]
[1,0,0,0]
[1,0,0,0]
[1,0,0,0]
[1,0,0,0]
[1,0,0,0]
[1,0,0,0]
[1,0,0,0]
[1,0,0,0]
[1,0,0,0]
[1,0,0,0]
[1,0,0,0]
[1,0,0,0]
[1,0,0,0]
[1,0,0,0]
[1,0,0,0]
[1,0,0,0]
[1,0,0,0]
[1,0,0,0]
[1,0,0,0]
[1,0,0,0]
[1,0,0,0]
[1,0,0,0]
[1,0,0,0]
[1,0,0,0]
[1,0,0,0]
[1,0,0,0]
[1,0,0,0]
[1,0,0,0]
[1,0,0,0]
[1,0,0,0]
[1,0,0,0]
[1,0,0,0]
[1,0,0,0]
[1,0,0,0]
[1,0,0,0]
[1,0,0,0]
[1,0,0,0]
[1,0,0,0]
[1,0,0,0]
[1,0,0,0]
[1,0,0,0]
[1,0,0,0]
[1,0,0,0]
[1,0,0,0]
[1,0,0,0]
[1,0,0,0]
[1,0,0,0]
[1,0,0,0]
[1,0,0,0]
[1,0,0,0]
[1,0,0,0]
[1,0,0,0]
[1,0,0,0]
[1,0,0,0]
[1,0,0,0]
[1,0,0,0]
[1,0,0,0]
[1,0,0,0]
[1,0,0,0]
[1,0,0,0]
[1,0,0,0]
[1,0,0,0]
[1,0,0,0]
[1,0,0,0]
[1,0,0,0]
[1,0,0,0]
[1,0,0,0]
[1,0,0,0]
[1,0,0,0]
[1,0,0,0]
[1,0,0,0]
[1,0,0,0]
[1,0,0,0]
[1,0,0,0]
[1,0,0,0]
[1,0,0,0]
[1,0,0,0]
[1,0,0,0]
[1,0,0,0]
[1,0,0,0]
[1,0,0,0]
[1,0,0,0]
[1,0,0,0]
[1,0,0,0]
[1,0,0,0]
[1,0,0,0]
[1,0,0,0]
[1,0,0,0]
[1,0,0,0]
[1,0,0,0]
[1,0,0,0]
[1,0,0,0]
[1,0,0,0]
[1,0,0,0]
[1,0,0,0]
[1,0,0,0]
[1,0,0,0]
[1,0,0,0]
[1,0,0,0]
[1,0,0,0]
[1,0,0,0]
[1,0,0,0]
[1,0,0,0]
[1,0,0,0]
[1,0,0,0]
[1,0,0,0]
[1,0,0,0]
[1,0,0,0]
[1,0,0,0]
[1,0,0,0]
[1,0,0,0]
[1,0,0,0]
[1,0,0,0]
[1,0,0,0]
[1,0,0,0]
[1,0,0,0]
[1,0,0,0]
[1,0,0,0]
[1,0,0,0]
[1,0,0,0]
[1,0,0,0]
[1,0,0,0]
[1,0,0,0]
[1,0,0,0]
[1,0,0,0]
[1,0,0,0]
[1,0,0,0]
[1,0,0,0]
[1,0,0,0]
[1,0,0,0]
[1,0,0,0]
[1,0,0,0]
[1,0,0,0]
[1,0,0,0]
[1,0,0,0]
[1,0,0,0]
[1,0,0,0]
[1,0,0,0]
[1,0,0,0]
[1,0,0,0]
[1,0,0,0]
[1,0,0,0]
[1,0,0,0]
[1,0,0,0]
[1,0,0,0]
[1,0,0,0]
[1,0,0,0]
[1,0,0,0]
[1,0,0,0]
[1,0,0,0]
[1,0,0,0]
[1,0,0,0]
[1,0,0,0]
[1,0,0,0]
[1,0,0,0]
[1,0,0,0]
[1,0,0,0]
[1,0,0,0]
[1,0,0,0]
[1,0,0,0]
[1,0,0,0]
[1,0,0,0]
[1,0,0,0]
[1,0,0,0]
[1,0,0,0]
[1,0,0,0]
[1,0,0,0]
[1,0,0,0]
[1,0,0,0]
[1,0,0,0]
[1,0,0,0]
[1,0,0,0]
[1,0,0,0]
[1,0,0,0]
[1,0,0,0]
[1,0,0,0]
[1,0,0,0]
[1,0,0,0]
[1,0,0,0]
[1,0,0,0]
[1,0,0,0]
[1,0,0,0]
[1,0,0,0]
[1,0,0,0]
[1,0,0,0]
[1,0,0,0]
[1,0,0,0]
[1,0,0,0]
[1,0,0,0]
[1,0,0,0]
[1,0,0,0]
[1,0,0,0]
[1,0,0,0]
[1,0,0,0]
[1,0,0,0]
[1,0,0,0]
[1,0,0,0]
[1,0,0,0]
[1,0,0,0]
[1,0,0,0]
[1,0,0,0]
[1,0,0,0]
[1,0,0,0]
[1,0,0,0]
[1,0,0,0]
[1,0,0,0]
[1,0,0,0]
[1,0,0,0]
[1,0,0,0]
[1,0,0,0]
[1,0,0,0]
[1,0,0,0]
[1,0,0,0]
[1,0,0,0]
[1,0,0,0]
[1,0,0,0]
[1,0,0,0]
[1,0,0,0]
[1,0,0,0]
[1,0,0,0]
[1,0,0,0]
[1,0,0,0]
[1,0,0,0]
[1,0,0,0]
[1,0,0,0]
[1,0,0,0]
[1,0,0,0]
[1,0,0,0]
[1,0,0,0]
[1,0,0,0]
[1,0,0,0]
[1,0,0,0]
[1,0,0,0]
[1,0,0,0]
[1,0,0,0]
[1,0,0,0]
[1,0,0,0]
[1,0,0,0]
[1,0,0,0]
[1,0,0,0]
[1,0,0,0]
[1,0,0,0]
[1,0,0,0]
[1,0,0,0]
[1,0,0,0]
[1,0,0,0]
[1,0,0,0]
[1,0,0,0]
[1,0,0,0]
[1,0,0,0]
[1,0,0,0]
[1,0,0,0]
[1,0,0,0]
[1,0,0,0]
[1,0,0,0]
[1,0,0,0]
[1,0,0,0]
[1,0,0,0]
[1,0,0,0]
[1,0,0,0]
[1,0,0,0]
[1,0,0,0]
[1,0,0,0]
[1,0,0,0]
[1,0,0,0]
[1,0,0,0]
[1,0,0,0]
[1,0,0,0]
[1,0,0,0]
[1,0,0,0]
[1,0,0,0]
[1,0,0,0]
[1,0,0,0]
[1,0,0,0]
[1,0,0,0]
[1,0,0,0]
[1,0,0,0]
[1,0,0,0]
[1,0,0,0]
[1,0,0,0]
[1,0,0,0]
[1,0,0,0]
[1,0,0,0]
[1,0,0,0]
[1,0,0,0]
[1,0,0,0]
[1,0,0,0]
[1,0,0,0]
[1,0,0,0]
[1,0,0,0]
[1,0,0,0]
[1,0,0,0]
[1,0,0,0]
[1,0,0,0]
[1,0,0,0]
[1,0,0,0]
[1,0,0,0]
[1,0,0,0]
[1,0,0,0]
[1,0,0,0]
[1,0,0,0]
[1,0,0,0]
[1,0,0,0]
[1,0,0,0]
[1,0,0,0]
[1,0,0,0]
[1,0,0,0]
[1,0,0,0]
[1,0,0,0]
[1,0,0,0]
[1,0,0,0]
[1,0,0,0]
[1,0,0,0]
[1,0,0,0]
[1,0,0,0]
[1,0,0,0]
[1,0,0,0]
[1,0,0,0]
[1,0,0,0]
[1,0,0,0]
[1,0,0,0]
[1,0,0,0]
[1,0,0,0]
[1,0,0,0]
[1,0,0,0]
[1,0,0,0]
[1,0,0,0]
[1,0,0,0]
[1,0,0,0]
[1,0,0,0]
[1,0,0,0]
[1,0,0,0]
[1,0,0,0]
[1,0,0,0]
[1,0,0,0]
[1,0,0,0]
[1,0,0,0]
[1,0,0,0]
[1,0,0,0]
[1,0,0,0]
[1,0,0,0]
[1,0,0,0]
[1,0,0,0]
[1,0,0,0]
[1,0,0,0]
[1,0,0,0]
[1,0,0,0]
[1,0,0,0]
[1,0,0,0]
[1,0,0,0]
[1,0,0,0]
[1,0,0,0]
[1,0,0,0]
[1,0,0,0]
[1,0,0,0]
[1,0,0,0]
[1,0,0,0]
[1,0,0,0]
[1,0,0,0]
[1,0,0,0]
[1,0,0,0]
[1,0,0,0]
[1,0,0,0]
[1,0,0,0]
[1,0,0,0]
[1,0,0,0]
[1,0,0,0]
[1,0,0,0]
[1,0,0,0]
[1,0,0,0]
[1,0,0,0]
[1,0,0,0]
[1,0,0,0]
[1,0,0,0]
[1,0,0,0]
[1,0,0,0]
[1,0,0,0]
[1,0,0,0]
[1,0,0,0]
[1,0,0,0]
[1,0,0,0]
[1,0,0,0]
[1,0,0,0]
[1,0,0,0]
[1,0,0,0]
[1,0,0,0]
[1,0,0,0]
[1,0,0,0]
[1,0,0,0]
[1,0,0,0]
[1,0,0,0]
[1,0,0,0]
[1,0,0,0]
[1,0,0,0]
[1,0,0,0]
[1,0,0,0]
[1,0,0,0]
[1,0,0,0]
[1,0,0,0]
[1,0,0,0]
[1,0,0,0]
[1,0,0,0]
[1,0,0,0]
[1,0,0,0]
[1,0,0,0]
[1,0,0,0]
[1,0,0,0]
[1,0,0,0]
[1,0,0,0]
[1,0,0,0]
[1,0,0,0]
[1,0,0,0]
[1,0,0,0]
[1,0,0,0]
[1,0,0,0]
[1,0,0,0]
[1,0,0,0]
[1,0,0,0]
[1,0,0,0]
[1,0,0,0]
[1,0,0,0]
[1,0,0,0]
[1,0,0,0]
[1,0,0,0]
[1,0,0,0]
[1,0,0,0]
[1,0,0,0]
[1,0,0,0]
[1,0,0,0]
[1,0,0,0]
[1,0,0,0]
[1,0,0,0]
[1,0,0,0]
[1,0,0,0]
[1,0,0,0]
[1,0,0,0]
[1,0,0,0]
[1,0,0,0]
[1,0,0,0]
[1,0,0,0]
[1,0,0,0]
[1,0,0,0]
[1,0,0,0]
[1,0,0,0]
[1,0,0,0]
[1,0,0,0]
[1,0,0,0]
[1,0,0,0]
[1,0,0,0]
[1,0,0,0]
[1,0,0,0]
[1,0,0,0]
[1,0,0,0]
[1,0,0,0]
[1,0,0,0]
[1,0,0,0]
[1,0,0,0]
[1,0,0,0]
[1,0,0,0]
[1,0,0,0]
[1,0,0,0]
[1,0,0,0]
[1,0,0,0]
[1,0,0,0]
[1,0,0,0]
[1,0,0,0]
[1,0,0,0]
[1,0,0,0]
[1,0,0,0]
[1,0,0,0]
[1,0,0,0]
[1,0,0,0]
[1,0,0,0]
[1,0,0,0]
[1,0,0,0]
[1,0,0,0]
[1,0,0,0]
[1,0,0,0]
[1,0,0,0]
[1,0,0,0]
[1,0,0,0]
[1,0,0,0]
[1,0,0,0]
[1,0,0,0]
[1,0,0,0]
[1,0,0,0]
[1,0,0,0]
[1,0,0,0]
[1,0,0,0]
[1,0,0,0]
[1,0,0,0]
[1,0,0,0]
[1,0,0,0]
[1,0,0,0]
[1,0,0,0]
[1,0,0,0]
[1,0,0,0]
[1,0,0,0]
[1,0,0,0]
[1,0,0,0]
[1,0,0,0]
[1,0,0,0]
[1,0,0,0]
[1,0,0,0]
[1,0,0,0]
[1,0,0,0]
[1,0,0,0]
[1,0,0,0]
[1,0,0,0]
[1,0,0,0]
[1,0,0,0]
[1,0,0,0]
[1,0,0,0]
[1,0,0,0]
[1,0,0,0]
[1,0,0,0]
[1,0,0,0]
[1,0,0,0]
[1,0,0,0]
[1,0,0,0]
[1,0,0,0]
[1,0,0,0]
[1,0,0,0]
[1,0,0,0]
[1,0,0,0]
[1,0,0,0]
[1,0,0,0]
[1,0,0,0]
[1,0,0,0]
[1,0,0,0]
[1,0,0,0]
[1,0,0,0]
[1,0,0,0]
[1,0,0,0]
[1,0,0,0]
[1,0,0,0]
[1,0,0,0]
[1,0,0,0]
[1,0,0,0]
[1,0,0,0]
[1,0,0,0]
[1,0,0,0]
[1,0,0,0]
[1,0,0,0]
[1,0,0,0]
[1,0,0,0]
[1,0,0,0]
[1,0,0,0]
[1,0,0,0]
[1,0,0,0]
[1,0,0,0]
[1,0,0,0]
[1,0,0,0]
[1,0,0,0]
[1,0,0,0]
[1,0,0,0]
[1,0,0,0]
[1,0,0,0]
[1,0,0,0]
[1,0,0,0]
[1,0,0,0]
[1,0,0,0]
[1,0,0,0]
[1,0,0,0]
[1,0,0,0]
[1,0,0,0]
[1,0,0,0]
[1,0,0,0]
[1,0,0,0]
[1,0,0,0]
[1,0,0,0]
[1,0,0,0]
[1,0,0,0]
[1,0,0,0]
[1,0,0,0]
[1,0,0,0]
[1,0,0,0]
[1,0,0,0]
[1,0,0,0]
[1,0,0,0]
[1,0,0,0]
[1,0,0,0]
[1,0,0,0]
[1,0,0,0]
[1,0,0,0]
[1,0,0,0]
[1,0,0,0]
[1,0,0,0]
[1,0,0,0]
[1,0,0,0]
[1,0,0,0]
[1,0,0,0]
[1,0,0,0]
[1,0,0,0]
[1,0,0,0]
[1,0,0,0]
[1,0,0,0]
[1,0,0,0]
[1,0,0,0]
[1,0,0,0]
[1,0,0,0]
[1,0,0,0]
[1,0,0,0]
[1,0,0,0]
[1,0,0,0]
[1,0,0,0]
[1,0,0,0]
[1,0,0,0]
[1,0,0,0]
[1,0,0,0]
[1,0,0,0]
[1,0,0,0]
[1,0,0,0]
[1,0,0,0]
[1,0,0,0]
[1,0,0,0]
[1,0,0,0]
[1,0,0,0]
[1,0,0,0]
[1,0,0,0]
[1,0,0,0]
[1,0,0,0]
[1,0,0,0]
[1,0,0,0]
[1,0,0,0]
[1,0,0,0]
[1,0,0,0]
[1,0,0,0]
[1,0,0,0]
[1,0,0,0]
[1,0,0,0]
[1,0,0,0]
[1,0,0,0]
[1,0,0,0]
[1,0,0,0]
[1,0,0,0]
[1,0,0,0]
[1,0,0,0]
[1,0,0,0]
[1,0,0,0]
[1,0,0,0]
[1,0,0,0]
[1,0,0,0]
[1,0,0,0]
[1,0,0,0]
[1,0,0,0]
[1,0,0,0]
[1,0,0,0]
[1,0,0,0]
[1,0,0,0]
[1,0,0,0]
[1,0,0,0]
[1,0,0,0]
[1,0,0,0]
[1,0,0,0]
[1,0,0,0]
[1,0,0,0]
[1,0,0,0]
[1,0,0,0]
[1,0,0,0]
[1,0,0,0]
[1,0,0,0]
[1,0,0,0]
[1,0,0,0]
[1,0,0,0]
[1,0,0,0]
[1,0,0,0]
[1,0,0,0]
[1,0,0,0]
[1,0,0,0]
[1,0,0,0]
[1,0,0,0]
[1,0,0,0]
[1,0,0,0]
[1,0,0,0]
[1,0,0,0]
[1,0,0,0]
[1,0,0,0]
[1,0,0,0]
[1,0,0,0]
[1,0,0,0]
[1,0,0,0]
[1,0,0,0]
[1,0,0,0]
[1,0,0,0]
[1,0,0,0]
[1,0,0,0]
[1,0,0,0]
[1,0,0,0]
[1,0,0,0]
[1,0,0,0]
[1,0,0,0]
[1,0,0,0]
[1,0,0,0]
[1,0,0,0]
[1,0,0,0]
[1,0,0,0]
[1,0,0,0]
[1,0,0,0]
[1,0,0,0]
[1,0,0,0]
[1,0,0,0]
[1,0,0,0]
[1,0,0,0]
[1,0,0,0]
[1,0,0,0]
[1,0,0,0]
[1,0,0,0]
[1,0,0,0]
[1,0,0,0]
[1,0,0,0]
[1,0,0,0]
[1,0,0,0]
[1,0,0,0]
[1,0,0,0]
[1,0,0,0]
[1,0,0,0]
[1,0,0,0]
[1,0,0,0]
[1,0,0,0]
[1,0,0,0]
[1,0,0,0]
[1,0,0,0]
[1,0,0,0]
[1,0,0,0]
[1,0,0,0]
[1,0,0,0]
[1,0,0,0]
[1,0,0,0]
[1,0,0,0]
[1,0,0,0]
[1,0,0,0]
[1,0,0,0]
[1,0,0,0]
[1,0,0,0]
[1,0,0,0]
[1,0,0,0]
[1,0,0,0]
[1,0,0,0]
[1,0,0,0]
[1,0,0,0]
[1,0,0,0]
[1,0,0,0]
[1,0,0,0]
[1,0,0,0]
[1,0,0,0]
[1,0,0,0]
[1,0,0,0]
[1,0,0,0]
[1,0,0,0]
[1,0,0,0]
[1,0,0,0]
[1,0,0,0]
[1,0,0,0]
[1,0,0,0]
[1,0,0,0]
[1,0,0,0]
[1,0,0,0]
[1,0,0,0]
[1,0,0,0]
[1,0,0,0]
[1,0,0,0]
[1,0,0,0]
[1,0,0,0]
[1,0,0,0]
[1,0,0,0]
[1,0,0,0]
[1,0,0,0]
[1,0,0,0]
[1,0,0,0]
[1,0,0,0]
[1,0,0,0]
[1,0,0,0]
[1,0,0,0]
[1,0,0,0]
[1,0,0,0]
[1,0,0,0]
[1,0,0,0]
[1,0,0,0]
[1,0,0,0]
[1,0,0,0]
[1,0,0,0]
[1,0,0,0]
[1,0,0,0]
[1,0,0,0]
[1,0,0,0]
[1,0,0,0]
[1,0,0,0]
[1,0,0,0]
[1,0,0,0]
[1,0,0,0]
[1,0,0,0]
[1,0,0,0]
[1,0,0,0]
[1,0,0,0]
[1,0,0,0]
[1,0,0,0]
[1,0,0,0]
[1,0,0,0]
[1,0,0,0]
[1,0,0,0]
[1,0,0,0]
[1,0,0,0]
[1,0,0,0]
[1,0,0,0]
[1,0,0,0]
[1,0,0,0]
[1,0,0,0]
[1,0,0,0]
[1,0,0,0]
[1,0,0,0]
[1,0,0,0]
[1,0,0,0]
[1,0,0,0]
[1,0,0,0]
[1,0,0,0]
[1,0,0,0]
[1,0,0,0]
[1,0,0,0]
[1,0,0,0]
[1,0,0,0]
[1,0,0,0]
[1,0,0,0]
[1,0,0,0]
[1,0,0,0]
[1,0,0,0]
[1,0,0,0]
[1,0,0,0]
[1,0,0,0]
[1,0,0,0]
[1,0,0,0]
[1,0,0,0]
[1,0,0,0]
[1,0,0,0]
[1,0,0,0]
[1,0,0,0]
[1,0,0,0]
[1,0,0,0]
[1,0,0,0]
[1,0,0,0]
[1,0,0,0]
[1,0,0,0]
[1,0,0,0]
[1,0,0,0]
[1,0,0,0]
[1,0,0,0]
[1,0,0,0]
[1,0,0,0]
[1,0,0,0]
[1,0,0,0]
[1,0,0,0]
[1,0,0,0]
[1,0,0,0]
[1,0,0,0]
[1,0,0,0]
[1,0,0,0]
[1,0,0,0]
[1,0,0,0]
[1,0,0,0]
[1,0,0,0]
[1,0,0,0]
[1,0,0,0]
[1,0,0,0]
[1,0,0,0]
[1,0,0,0]
[1,0,0,0]
[1,0,0,0]
[1,0,0,0]
[1,0,0,0]
[1,0,0,0]
[1,0,0,0]
[1,0,0,0]
[1,0,0,0]
[1,0,0,0]
[1,0,0,0]
[1,0,0,0]
[1,0,0,0]
[1,0,0,0]
[1,0,0,0]
[1,0,0,0]
[1,0,0,0]
[1,0,0,0]
[1,0,0,0]
[1,0,0,0]
[1,0,0,0]
[1,0,0,0]
[1,0,0,0]
[1,0,0,0]
[1,0,0,0]
[1,0,0,0]
[1,0,0,0]
[1,0,0,0]
[1,0,0,0]
[1,0,0,0]
[1,0,0,0]
[1,0,0,0]
[1,0,0,0]
[1,0,0,0]
[1,0,0,0]
[1,0,0,0]
[1,0,0,0]
[1,0,0,0]
[1,0,0,0]
[1,0,0,0]
[1,0,0,0]
[1,0,0,0]
[1,0,0,0]
[1,0,0,0]
[1,0,0,0]
[1,0,0,0]
[1,0,0,0]
[1,0,0,0]
[1,0,0,0]
[1,0,0,0]
[1,0,0,0]
[1,0,0,0]
[1,0,0,0]
[1,0,0,0]
[1,0,0,0]
[1,0,0,0]
[1,0,0,0]
[1,0,0,0]
[1,0,0,0]
[1,0,0,0]
[1,0,0,0]
[1,0,0,0]
[1,0,0,0]
[1,0,0,0]
[1,0,0,0]
[1,0,0,0]
[1,0,0,0]
[1,0,0,0]
[1,0,0,0]
[1,0,0,0]
[1,0,0,0]
[1,0,0,0]
[1,0,0,0]
[1,0,0,0]
[1,0,0,0]
[1,0,0,0]
[1,0,0,0]
[1,0,0,0]
[1,0,0,0]
[1,0,0,0]
[1,0,0,0]
[1,0,0,0]
[1,0,0,0]
[1,0,0,0]
[1,0,0,0]
[1,0,0,0]
[1,0,0,0]
[1,0,0,0]
[1,0,0,0]
[1,0,0,0]
[1,0,0,0]
[1,0,0,0]
[1,0,0,0]
[1,0,0,0]
[1,0,0,0]
[1,0,0,0]
[1,0,0,0]
[1,0,0,0]
[1,0,0,0]
[1,0,0,0]
[1,0,0,0]
[1,0,0,0]
[1,0,0,0]
[1,0,0,0]
[1,0,0,0]
[1,0,0,0]
[1,0,0,0]
[1,0,0,0]
[1,0,0,0]
[1,0,0,0]
[1,0,0,0]
[1,0,0,0]
[1,0,0,0]
[1,0,0,0]
[1,0,0,0]
[1,0,0,0]
[1,0,0,0]
[1,0,0,0]
[1,0,0,0]
[1,0,0,0]
[1,0,0,0]
[1,0,0,0]
[1,0,0,0]
[1,0,0,0]
[1,0,0,0]
[1,0,0,0]
[1,0,0,0]
[1,0,0,0]
[1,0,0,0]
[1,0,0,0]
[1,0,0,0]
[1,0,0,0]
[1,0,0,0]
[1,0,0,0]
[1,0,0,0]
[1,0,0,0]
[1,0,0,0]
[1,0,0,0]
[1,0,0,0]
[1,0,0,0]
[1,0,0,0]
[1,0,0,0]
[1,0,0,0]
[1,0,0,0]
[1,0,0,0]
[1,0,0,0]
[1,0,0,0]
[1,0,0,0]
[1,0,0,0]
[1,0,0,0]
[1,0,0,0]
[1,0,0,0]
[1,0,0,0]
[1,0,0,0]
[1,0,0,0]
[1,0,0,0]
[1,0,0,0]
[1,0,0,0]
[1,0,0,0]
[1,0,0,0]
[1,0,0,0]
[1,0,0,0]
[1,0,0,0]
[1,0,0,0]
[1,0,0,0]
[1,0,0,0]
[1,0,0,0]
[1,0,0,0]
[1,0,0,0]
[1,0,0,0]
[1,0,0,0]
[1,0,0,0]
[1,0,0,0]
[1,0,0,0]
[1,0,0,0]
[1,0,0,0]
[1,0,0,0]
[1,0,0,0]
[1,0,0,0]
[1,0,0,0]
[1,0,0,0]
[1,0,0,0]
[1,0,0,0]
[1,0,0,0]
[1,0,0,0]
[1,0,0,0]
[1,0,0,0]
[1,0,0,0]
[1,0,0,0]
[1,0,0,0]
[1,0,0,0]
[1,0,0,0]
[1,0,0,0]
[1,0,0,0]
[1,0,0,0]
[1,0,0,0]
[1,0,0,0]
[1,0,0,0]
[1,0,0,0]
[1,0,0,0]
[1,0,0,0]
[1,0,0,0]
[1,0,0,0]
[1,0,0,0]
[1,0,0,0]
[1,0,0,0]
[1,0,0,0]
[1,0,0,0]
[1,0,0,0]
[1,0,0,0]
[1,0,0,0]
[1,0,0,0]
[1,0,0,0]
[1,0,0,0]
[1,0,0,0]
[1,0,0,0]
[1,0,0,0]
[1,0,0,0]
[1,0,0,0]
[1,0,0,0]
[1,0,0,0]
[1,0,0,0]
[1,0,0,0]
[1,0,0,0]
[1,0,0,0]
[1,0,0,0]
[1,0,0,0]
[1,0,0,0]
[1,0,0,0]
[1,0,0,0]
[1,0,0,0]
[1,0,0,0]
[1,0,0,0]
[1,0,0,0]
[1,0,0,0]
[1,0,0,0]
[1,0,0,0]
[1,0,0,0]
[1,0,0,0]
[1,0,0,0]
[1,0,0,0]
[1,0,0,0]
[1,0,0,0]
