1380
10
[-2.99783,0,0]
[-2.99565,0,0]
[-2.99348,0,0]
[-2.9913,0,0]
[-2.98913,0,0]
[-2.98696,0,0]
[-2.98478,0,0]
[-2.98261,0,0]
[-2.98043,0,0]
[-2.97826,0,0]
[-2.97609,0,0]
[-2.97391,0,0]
[-2.97174,0,0]
[-2.96957,0,0]
[-2.96739,0,0]
[-2.96522,0,0]
[-2.96304,0,0]
[-2.96087,0,0]
[-2.9587,0,0]
[-2.95652,0,0]
[-2.95435,0,0]
[-2.95217,0,0]
[-2.95,0,0]
[-2.94783,0,0]
[-2.94565,0,0]
[-2.94348,0,0]
[-2.9413,0,0]
[-2.93913,0,0]
[-2.93696,0,0]
[-2.93478,0,0]
[-2.93261,0,0]
[-2.93043,0,0]
[-2.92826,0,0]
[-2.92609,0,0]
[-2.92391,0,0]
[-2.92174,0,0]
[-2.91957,0,0]
[-2.91739,0,0]
[-2.91522,0,0]
[-2.91304,0,0]
[-2.91087,0,0]
[-2.9087,0,0]
[-2.90652,0,0]
[-2.90435,0,0]
[-2.90217,0,0]
[-2.9,0,0]
[-2.89783,0,0]
[-2.89565,0,0]
[-2.89348,0,0]
[-2.8913,0,0]
[-2.88913,0,0]
[-2.88696,0,0]
[-2.88478,0,0]
[-2.88261,0,0]
[-2.88043,0,0]
[-2.87826,0,0]
[-2.87609,0,0]
[-2.87391,0,0]
[-2.87174,0,0]
[-2.86957,0,0]
[-2.86739,0,0]
[-2.86522,0,0]
[-2.86304,0,0]
[-2.86087,0,0]
[-2.8587,0,0]
[-2.85652,0,0]
[-2.85435,0,0]
[-2.85217,0,0]
[-2.85,0,0]
[-2.84783,0,0]
[-2.84565,0,0]
[-2.84348,0,0]
[-2.8413,0,0]
[-2.83913,0,0]
[-2.83696,0,0]
[-2.83478,0,0]
[-2.83261,0,0]
[-2.83043,0,0]
[-2.82826,0,0]
[-2.82609,0,0]
[-2.82391,0,0]
[-2.82174,0,0]
[-2.81957,0,0]
[-2.81739,0,0]
[-2.81522,0,0]
[-2.81304,0,0]
[-2.81087,0,0]
[-2.8087,0,0]
[-2.80652,0,0]
[-2.80435,0,0]
[-2.80217,0,0]
[-2.8,0,0]
[-2.79783,0,0]
[-2.79565,0,0]
[-2.79348,0,0]
[-2.7913,0,0]
[-2.78913,0,0]
[-2.78696,0,0]
[-2.78478,0,0]
[-2.78261,0,0]
[-2.78043,0,0]
[-2.77826,0,0]
[-2.77609,0,0]
[-2.77391,0,0]
[-2.77174,0,0]
[-2.76957,0,0]
[-2.76739,0,0]
[-2.76522,0,0]
[-2.76304,0,0]
[-2.76087,0,0]
[-2.7587,0,0]
[-2.75652,0,0]
[-2.75435,0,0]
[-2.75217,0,0]
[-2.75,0,0]
[-2.74783,0,0]
[-2.74565,0,0]
[-2.74348,0,0]
[-2.7413,0,0]
[-2.73913,0,0]
[-2.73696,0,0]
[-2.73478,0,0]
[-2.73261,0,0]
[-2.73043,0,0]
[-2.72826,0,0]
[-2.72609,0,0]
[-2.72391,0,0]
[-2.72174,0,0]
[-2.71957,0,0]
[-2.71739,0,0]
[-2.71522,0,0]
[-2.71304,0,0]
[-2.71087,0,0]
[-2.7087,0,0]
[-2.70652,0,0]
[-2.70435,0,0]
[-2.70217,0,0]
[-2.7,0,0]
[-2.69783,0,0]
[-2.69565,0,0]
[-2.69348,0,0]
[-2.6913,0,0]
[-2.68913,0,0]
[-2.68696,0,0]
[-2.68478,0,0]
[-2.68261,0,0]
[-2.68043,0,0]
[-2.67826,0,0]
[-2.67609,0,0]
[-2.67391,0,0]
[-2.67174,0,0]
[-2.66957,0,0]
[-2.66739,0,0]
[-2.66522,0,0]
[-2.66304,0,0]
[-2.66087,0,0]
[-2.6587,0,0]
[-2.65652,0,0]
[-2.65435,0,0]
[-2.65217,0,0]
[-2.65,0,0]
[-2.64783,0,0]
[-2.64565,0,0]
[-2.64348,0,0]
[-2.6413,0,0]
[-2.63913,0,0]
[-2.63696,0,0]
[-2.63478,0,0]
[-2.63261,0,0]
[-2.63043,0,0]
[-2.62826,0,0]
[-2.62609,0,0]
[-2.62391,0,0]
[-2.62174,0,0]
[-2.61957,0,0]
[-2.61739,0,0]
[-2.61522,0,0]
[-2.61304,0,0]
[-2.61087,0,0]
[-2.6087,0,0]
[-2.60652,0,0]
[-2.60435,0,0]
[-2.60217,0,0]
[-2.6,0,0]
[-2.59783,0,0]
[-2.59565,0,0]
[-2.59348,0,0]
[-2.5913,0,0]
[-2.58913,0,0]
[-2.58696,0,0]
[-2.58478,0,0]
[-2.58261,0,0]
[-2.58043,0,0]
[-2.57826,0,0]
[-2.57609,0,0]
[-2.57391,0,0]
[-2.57174,0,0]
[-2.56957,0,0]
[-2.56739,0,0]
[-2.56522,0,0]
[-2.56304,0,0]
[-2.56087,0,0]
[-2.5587,0,0]
[-2.55652,0,0]
[-2.55435,0,0]
[-2.55217,0,0]
[-2.55,0,0]
[-2.54783,0,0]
[-2.54565,0,0]
[-2.54348,0,0]
[-2.5413,0,0]
[-2.53913,0,0]
[-2.53696,0,0]
[-2.53478,0,0]
[-2.53261,0,0]
[-2.53043,0,0]
[-2.52826,0,0]
[-2.52609,0,0]
[-2.52391,0,0]
[-2.52174,0,0]
[-2.51957,0,0]
[-2.51739,0,0]
[-2.51522,0,0]
[-2.51304,0,0]
[-2.51087,0,0]
[-2.5087,0,0]
[-2.50652,0,0]
[-2.50435,0,0]
[-2.50217,0,0]
[-2.5,0,0]
[-2.49783,0,0]
[-2.49565,0,0]
[-2.49348,0,0]
[-2.4913,0,0]
[-2.48913,0,0]
[-2.48696,0,0]
[-2.48478,0,0]
[-2.48261,0,0]
[-2.48043,0,0]
[-2.47826,0,0]
[-2.47609,0,0]
[-2.47391,0,0]
[-2.47174,0,0]
[-2.46957,0,0]
[-2.46739,0,0]
[-2.46522,0,0]
[-2.46304,0,0]
[-2.46087,0,0]
[-2.4587,0,0]
[-2.45652,0,0]
[-2.45435,0,0]
[-2.45217,0,0]
[-2.45,0,0]
[-2.44783,0,0]
[-2.44565,0,0]
[-2.44348,0,0]
[-2.4413,0,0]
[-2.43913,0,0]
[-2.43696,0,0]
[-2.43478,0,0]
[-2.43261,0,0]
[-2.43043,0,0]
[-2.42826,0,0]
[-2.42609,0,0]
[-2.42391,0,0]
[-2.42174,0,0]
[-2.41957,0,0]
[-2.41739,0,0]
[-2.41522,0,0]
[-2.41304,0,0]
[-2.41087,0,0]
[-2.4087,0,0]
[-2.40652,0,0]
[-2.40435,0,0]
[-2.40217,0,0]
[-2.4,0,0]
[-2.39783,0,0]
[-2.39565,0,0]
[-2.39348,0,0]
[-2.3913,0,0]
[-2.38913,0,0]
[-2.38696,0,0]
[-2.38478,0,0]
[-2.38261,0,0]
[-2.38043,0,0]
[-2.37826,0,0]
[-2.37609,0,0]
[-2.37391,0,0]
[-2.37174,0,0]
[-2.36957,0,0]
[-2.36739,0,0]
[-2.36522,0,0]
[-2.36304,0,0]
[-2.36087,0,0]
[-2.3587,0,0]
[-2.35652,0,0]
[-2.35435,0,0]
[-2.35217,0,0]
[-2.35,0,0]
[-2.34783,0,0]
[-2.34565,0,0]
[-2.34348,0,0]
[-2.3413,0,0]
[-2.33913,0,0]
[-2.33696,0,0]
[-2.33478,0,0]
[-2.33261,0,0]
[-2.33043,0,0]
[-2.32826,0,0]
[-2.32609,0,0]
[-2.32391,0,0]
[-2.32174,0,0]
[-2.31957,0,0]
[-2.31739,0,0]
[-2.31522,0,0]
[-2.31304,0,0]
[-2.31087,0,0]
[-2.3087,0,0]
[-2.30652,0,0]
[-2.30435,0,0]
[-2.30217,0,0]
[-2.3,0,0]
[-2.29783,0,0]
[-2.29565,0,0]
[-2.29348,0,0]
[-2.2913,0,0]
[-2.28913,0,0]
[-2.28696,0,0]
[-2.28478,0,0]
[-2.28261,0,0]
[-2.28043,0,0]
[-2.27826,0,0]
[-2.27609,0,0]
[-2.27391,0,0]
[-2.27174,0,0]
[-2.26957,0,0]
[-2.26739,0,0]
[-2.26522,0,0]
[-2.26304,0,0]
[-2.26087,0,0]
[-2.2587,0,0]
[-2.25652,0,0]
[-2.25435,0,0]
[-2.25217,0,0]
[-2.25,0,0]
[-2.24783,0,0]
[-2.24565,0,0]
[-2.24348,0,0]
[-2.2413,0,0]
[-2.23913,0,0]
[-2.23696,0,0]
[-2.23478,0,0]
[-2.23261,0,0]
[-2.23043,0,0]
[-2.22826,0,0]
[-2.22609,0,0]
[-2.22391,0,0]
[-2.22174,0,0]
[-2.21957,0,0]
[-2.21739,0,0]
[-2.21522,0,0]
[-2.21304,0,0]
[-2.21087,0,0]
[-2.2087,0,0]
[-2.20652,0,0]
[-2.20435,0,0]
[-2.20217,0,0]
[-2.2,0,0]
[-2.19783,0,0]
[-2.19565,0,0]
[-2.19348,0,0]
[-2.1913,0,0]
[-2.18913,0,0]
[-2.18696,0,0]
[-2.18478,0,0]
[-2.18261,0,0]
[-2.18043,0,0]
[-2.17826,0,0]
[-2.17609,0,0]
[-2.17391,0,0]
[-2.17174,0,0]
[-2.16957,0,0]
[-2.16739,0,0]
[-2.16522,0,0]
[-2.16304,0,0]
[-2.16087,0,0]
[-2.1587,0,0]
[-2.15652,0,0]
[-2.15435,0,0]
[-2.15217,0,0]
[-2.15,0,0]
[-2.14783,0,0]
[-2.14565,0,0]
[-2.14348,0,0]
[-2.1413,0,0]
[-2.13913,0,0]
[-2.13696,0,0]
[-2.13478,0,0]
[-2.13261,0,0]
[-2.13043,0,0]
[-2.12826,0,0]
[-2.12609,0,0]
[-2.12391,0,0]
[-2.12174,0,0]
[-2.11957,0,0]
[-2.11739,0,0]
[-2.11522,0,0]
[-2.11304,0,0]
[-2.11087,0,0]
[-2.1087,0,0]
[-2.10652,0,0]
[-2.10435,0,0]
[-2.10217,0,0]
[-2.1,0,0]
[-2.09783,0,0]
[-2.09565,0,0]
[-2.09348,0,0]
[-2.0913,0,0]
[-2.08913,0,0]
[-2.08696,0,0]
[-2.08478,0,0]
[-2.08261,0,0]
[-2.08043,0,0]
[-2.07826,0,0]
[-2.07609,0,0]
[-2.07391,0,0]
[-2.07174,0,0]
[-2.06957,0,0]
[-2.06739,0,0]
[-2.06522,0,0]
[-2.06304,0,0]
[-2.06087,0,0]
[-2.0587,0,0]
[-2.05652,0,0]
[-2.05435,0,0]
[-2.05217,0,0]
[-2.05,0,0]
[-2.04783,0,0]
[-2.04565,0,0]
[-2.04348,0,0]
[-2.0413,0,0]
[-2.03913,0,0]
[-2.03696,0,0]
[-2.03478,0,0]
[-2.03261,0,0]
[-2.03043,0,0]
[-2.02826,0,0]
[-2.02609,0,0]
[-2.02391,0,0]
[-2.02174,0,0]
[-2.01957,0,0]
[-2.01739,0,0]
[-2.01522,0,0]
[-2.01304,0,0]
[-2.01087,0,0]
[-2.0087,0,0]
[-2.00652,0,0]
[-2.00435,0,0]
[-2.00217,0,0]
[-2,0,0]
[-1.99783,0,0]
[-1.99565,0,0]
[-1.99348,0,0]
[-1.9913,0,0]
[-1.98913,0,0]
[-1.98696,0,0]
[-1.98478,0,0]
[-1.98261,0,0]
[-1.98043,0,0]
[-1.97826,0,0]
[-1.97609,0,0]
[-1.97391,0,0]
[-1.97174,0,0]
[-1.96957,0,0]
[-1.96739,0,0]
[-1.96522,0,0]
[-1.96304,0,0]
[-1.96087,0,0]
[-1.9587,0,0]
[-1.95652,0,0]
[-1.95435,0,0]
[-1.95217,0,0]
[-1.95,0,0]
[-1.94783,0,0]
[-1.94565,0,0]
[-1.94348,0,0]
[-1.9413,0,0]
[-1.93913,0,0]
[-1.93696,0,0]
[-1.93478,0,0]
[-1.93261,0,0]
[-1.93043,0,0]
[-1.92826,0,0]
[-1.92609,0,0]
[-1.92391,0,0]
[-1.92174,0,0]
[-1.91957,0,0]
[-1.91739,0,0]
[-1.91522,0,0]
[-1.91304,0,0]
[-1.91087,0,0]
[-1.9087,0,0]
[-1.90652,0,0]
[-1.90435,0,0]
[-1.90217,0,0]
[-1.9,0,0]
[-1.89783,0,0]
[-1.89565,0,0]
[-1.89348,0,0]
[-1.8913,0,0]
[-1.88913,0,0]
[-1.88696,0,0]
[-1.88478,0,0]
[-1.88261,0,0]
[-1.88043,0,0]
[-1.87826,0,0]
[-1.87609,0,0]
[-1.87391,0,0]
[-1.87174,0,0]
[-1.86957,0,0]
[-1.86739,0,0]
[-1.86522,0,0]
[-1.86304,0,0]
[-1.86087,0,0]
[-1.8587,0,0]
[-1.85652,0,0]
[-1.85435,0,0]
[-1.85217,0,0]
[-1.85,0,0]
[-1.84783,0,0]
[-1.84565,0,0]
[-1.84348,0,0]
[-1.8413,0,0]
[-1.83913,0,0]
[-1.83696,0,0]
[-1.83478,0,0]
[-1.83261,0,0]
[-1.83043,0,0]
[-1.82826,0,0]
[-1.82609,0,0]
[-1.82391,0,0]
[-1.82174,0,0]
[-1.81957,0,0]
[-1.81739,0,0]
[-1.81522,0,0]
[-1.81304,0,0]
[-1.81087,0,0]
[-1.8087,0,0]
[-1.80652,0,0]
[-1.80435,0,0]
[-1.80217,0,0]
[-1.8,0,0]
[-1.79783,0,0]
[-1.79565,0,0]
[-1.79348,0,0]
[-1.7913,0,0]
[-1.78913,0,0]
[-1.78696,0,0]
[-1.78478,0,0]
[-1.78261,0,0]
[-1.78043,0,0]
[-1.77826,0,0]
[-1.77609,0,0]
[-1.77391,0,0]
[-1.77174,0,0]
[-1.76957,0,0]
[-1.76739,0,0]
[-1.76522,0,0]
[-1.76304,0,0]
[-1.76087,0,0]
[-1.7587,0,0]
[-1.75652,0,0]
[-1.75435,0,0]
[-1.75217,0,0]
[-1.75,0,0]
[-1.74783,0,0]
[-1.74565,0,0]
[-1.74348,0,0]
[-1.7413,0,0]
[-1.73913,0,0]
[-1.73696,0,0]
[-1.73478,0,0]
[-1.73261,0,0]
[-1.73043,0,0]
[-1.72826,0,0]
[-1.72609,0,0]
[-1.72391,0,0]
[-1.72174,0,0]
[-1.71957,0,0]
[-1.71739,0,0]
[-1.71522,0,0]
[-1.71304,0,0]
[-1.71087,0,0]
[-1.7087,0,0]
[-1.70652,0,0]
[-1.70435,0,0]
[-1.70217,0,0]
[-1.7,0,0]
[-1.69783,0,0]
[-1.69565,0,0]
[-1.69348,0,0]
[-1.6913,0,0]
[-1.68913,0,0]
[-1.68696,0,0]
[-1.68478,0,0]
[-1.68261,0,0]
[-1.68043,0,0]
[-1.67826,0,0]
[-1.67609,0,0]
[-1.67391,0,0]
[-1.67174,0,0]
[-1.66957,0,0]
[-1.66739,0,0]
[-1.66522,0,0]
[-1.66304,0,0]
[-1.66087,0,0]
[-1.6587,0,0]
[-1.65652,0,0]
[-1.65435,0,0]
[-1.65217,0,0]
[-1.65,0,0]
[-1.64783,0,0]
[-1.64565,0,0]
[-1.64348,0,0]
[-1.6413,0,0]
[-1.63913,0,0]
[-1.63696,0,0]
[-1.63478,0,0]
[-1.63261,0,0]
[-1.63043,0,0]
[-1.62826,0,0]
[-1.62609,0,0]
[-1.62391,0,0]
[-1.62174,0,0]
[-1.61957,0,0]
[-1.61739,0,0]
[-1.61522,0,0]
[-1.61304,0,0]
[-1.61087,0,0]
[-1.6087,0,0]
[-1.60652,0,0]
[-1.60435,0,0]
[-1.60217,0,0]
[-1.6,0,0]
[-1.59783,0,0]
[-1.59565,0,0]
[-1.59348,0,0]
[-1.5913,0,0]
[-1.58913,0,0]
[-1.58696,0,0]
[-1.58478,0,0]
[-1.58261,0,0]
[-1.58043,0,0]
[-1.57826,0,0]
[-1.57609,0,0]
[-1.57391,0,0]
[-1.57174,0,0]
[-1.56957,0,0]
[-1.56739,0,0]
[-1.56522,0,0]
[-1.56304,0,0]
[-1.56087,0,0]
[-1.5587,0,0]
[-1.55652,0,0]
[-1.55435,0,0]
[-1.55217,0,0]
[-1.55,0,0]
[-1.54783,0,0]
[-1.54565,0,0]
[-1.54348,0,0]
[-1.5413,0,0]
[-1.53913,0,0]
[-1.53696,0,0]
[-1.53478,0,0]
[-1.53261,0,0]
[-1.53043,0,0]
[-1.52826,0,0]
[-1.52609,0,0]
[-1.52391,0,0]
[-1.52174,0,0]
[-1.51957,0,0]
[-1.51739,0,0]
[-1.51522,0,0]
[-1.51304,0,0]
[-1.51087,0,0]
[-1.5087,0,0]
[-1.50652,0,0]
[-1.50435,0,0]
[-1.50217,0,0]
[-1.5,0,0]
[-1.49783,0,0]
[-1.49565,0,0]
[-1.49348,0,0]
[-1.4913,0,0]
[-1.48913,0,0]
[-1.48696,0,0]
[-1.48478,0,0]
[-1.48261,0,0]
[-1.48043,0,0]
[-1.47826,0,0]
[-1.47609,0,0]
[-1.47391,0,0]
[-1.47174,0,0]
[-1.46957,0,0]
[-1.46739,0,0]
[-1.46522,0,0]
[-1.46304,0,0]
[-1.46087,0,0]
[-1.4587,0,0]
[-1.45652,0,0]
[-1.45435,0,0]
[-1.45217,0,0]
[-1.45,0,0]
[-1.44783,0,0]
[-1.44565,0,0]
[-1.44348,0,0]
[-1.4413,0,0]
[-1.43913,0,0]
[-1.43696,0,0]
[-1.43478,0,0]
[-1.43261,0,0]
[-1.43043,0,0]
[-1.42826,0,0]
[-1.42609,0,0]
[-1.42391,0,0]
[-1.42174,0,0]
[-1.41957,0,0]
[-1.41739,0,0]
[-1.41522,0,0]
[-1.41304,0,0]
[-1.41087,0,0]
[-1.4087,0,0]
[-1.40652,0,0]
[-1.40435,0,0]
[-1.40217,0,0]
[-1.4,0,0]
[-1.39783,0,0]
[-1.39565,0,0]
[-1.39348,0,0]
[-1.3913,0,0]
[-1.38913,0,0]
[-1.38696,0,0]
[-1.38478,0,0]
[-1.38261,0,0]
[-1.38043,0,0]
[-1.37826,0,0]
[-1.37609,0,0]
[-1.37391,0,0]
[-1.37174,0,0]
[-1.36957,0,0]
[-1.36739,0,0]
[-1.36522,0,0]
[-1.36304,0,0]
[-1.36087,0,0]
[-1.3587,0,0]
[-1.35652,0,0]
[-1.35435,0,0]
[-1.35217,0,0]
[-1.35,0,0]
[-1.34783,0,0]
[-1.34565,0,0]
[-1.34348,0,0]
[-1.3413,0,0]
[-1.33913,0,0]
[-1.33696,0,0]
[-1.33478,0,0]
[-1.33261,0,0]
[-1.33043,0,0]
[-1.32826,0,0]
[-1.32609,0,0]
[-1.32391,0,0]
[-1.32174,0,0]
[-1.31957,0,0]
[-1.31739,0,0]
[-1.31522,0,0]
[-1.31304,0,0]
[-1.31087,0,0]
[-1.3087,0,0]
[-1.30652,0,0]
[-1.30435,0,0]
[-1.30217,0,0]
[-1.3,0,0]
[-1.29783,0,0]
[-1.29565,0,0]
[-1.29348,0,0]
[-1.2913,0,0]
[-1.28913,0,0]
[-1.28696,0,0]
[-1.28478,0,0]
[-1.28261,0,0]
[-1.28043,0,0]
[-1.27826,0,0]
[-1.27609,0,0]
[-1.27391,0,0]
[-1.27174,0,0]
[-1.26957,0,0]
[-1.26739,0,0]
[-1.26522,0,0]
[-1.26304,0,0]
[-1.26087,0,0]
[-1.2587,0,0]
[-1.25652,0,0]
[-1.25435,0,0]
[-1.25217,0,0]
[-1.25,0,0]
[-1.24783,0,0]
[-1.24565,0,0]
[-1.24348,0,0]
[-1.2413,0,0]
[-1.23913,0,0]
[-1.23696,0,0]
[-1.23478,0,0]
[-1.23261,0,0]
[-1.23043,0,0]
[-1.22826,0,0]
[-1.22609,0,0]
[-1.22391,0,0]
[-1.22174,0,0]
[-1.21957,0,0]
[-1.21739,0,0]
[-1.21522,0,0]
[-1.21304,0,0]
[-1.21087,0,0]
[-1.2087,0,0]
[-1.20652,0,0]
[-1.20435,0,0]
[-1.20217,0,0]
[-1.2,0,0]
[-1.19783,0,0]
[-1.19565,0,0]
[-1.19348,0,0]
[-1.1913,0,0]
[-1.18913,0,0]
[-1.18696,0,0]
[-1.18478,0,0]
[-1.18261,0,0]
[-1.18043,0,0]
[-1.17826,0,0]
[-1.17609,0,0]
[-1.17391,0,0]
[-1.17174,0,0]
[-1.16957,0,0]
[-1.16739,0,0]
[-1.16522,0,0]
[-1.16304,0,0]
[-1.16087,0,0]
[-1.1587,0,0]
[-1.15652,0,0]
[-1.15435,0,0]
[-1.15217,0,0]
[-1.15,0,0]
[-1.14783,0,0]
[-1.14565,0,0]
[-1.14348,0,0]
[-1.1413,0,0]
[-1.13913,0,0]
[-1.13696,0,0]
[-1.13478,0,0]
[-1.13261,0,0]
[-1.13043,0,0]
[-1.12826,0,0]
[-1.12609,0,0]
[-1.12391,0,0]
[-1.12174,0,0]
[-1.11957,0,0]
[-1.11739,0,0]
[-1.11522,0,0]
[-1.11304,0,0]
[-1.11087,0,0]
[-1.1087,0,0]
[-1.10652,0,0]
[-1.10435,0,0]
[-1.10217,0,0]
[-1.1,0,0]
[-1.09783,0,0]
[-1.09565,0,0]
[-1.09348,0,0]
[-1.0913,0,0]
[-1.08913,0,0]
[-1.08696,0,0]
[-1.08478,0,0]
[-1.08261,0,0]
[-1.08043,0,0]
[-1.07826,0,0]
[-1.07609,0,0]
[-1.07391,0,0]
[-1.07174,0,0]
[-1.06957,0,0]
[-1.06739,0,0]
[-1.06522,0,0]
[-1.06304,0,0]
[-1.06087,0,0]
[-1.0587,0,0]
[-1.05652,0,0]
[-1.05435,0,0]
[-1.05217,0,0]
[-1.05,0,0]
[-1.04783,0,0]
[-1.04565,0,0]
[-1.04348,0,0]
[-1.0413,0,0]
[-1.03913,0,0]
[-1.03696,0,0]
[-1.03478,0,0]
[-1.03261,0,0]
[-1.03043,0,0]
[-1.02826,0,0]
[-1.02609,0,0]
[-1.02391,0,0]
[-1.02174,0,0]
[-1.01957,0,0]
[-1.01739,0,0]
[-1.01522,0,0]
[-1.01304,0,0]
[-1.01087,0,0]
[-1.0087,0,0]
[-1.00652,0,0]
[-1.00435,0,0]
[-1.00217,0,0]
[-1,0,0]
[-0.997826,0,0]
[-0.995652,0,0]
[-0.993478,0,0]
[-0.991304,0,0]
[-0.98913,0,0]
[-0.986957,0,0]
[-0.984783,0,0]
[-0.982609,0,0]
[-0.980435,0,0]
[-0.978261,0,0]
[-0.976087,0,0]
[-0.973913,0,0]
[-0.971739,0,0]
[-0.969565,0,0]
[-0.967391,0,0]
[-0.965217,0,0]
[-0.963043,0,0]
[-0.96087,0,0]
[-0.958696,0,0]
[-0.956522,0,0]
[-0.954348,0,0]
[-0.952174,0,0]
[-0.95,0,0]
[-0.947826,0,0]
[-0.945652,0,0]
[-0.943478,0,0]
[-0.941304,0,0]
[-0.93913,0,0]
[-0.936957,0,0]
[-0.934783,0,0]
[-0.932609,0,0]
[-0.930435,0,0]
[-0.928261,0,0]
[-0.926087,0,0]
[-0.923913,0,0]
[-0.921739,0,0]
[-0.919565,0,0]
[-0.917391,0,0]
[-0.915217,0,0]
[-0.913043,0,0]
[-0.91087,0,0]
[-0.908696,0,0]
[-0.906522,0,0]
[-0.904348,0,0]
[-0.902174,0,0]
[-0.9,0,0]
[-0.897826,0,0]
[-0.895652,0,0]
[-0.893478,0,0]
[-0.891304,0,0]
[-0.88913,0,0]
[-0.886957,0,0]
[-0.884783,0,0]
[-0.882609,0,0]
[-0.880435,0,0]
[-0.878261,0,0]
[-0.876087,0,0]
[-0.873913,0,0]
[-0.871739,0,0]
[-0.869565,0,0]
[-0.867391,0,0]
[-0.865217,0,0]
[-0.863043,0,0]
[-0.86087,0,0]
[-0.858696,0,0]
[-0.856522,0,0]
[-0.854348,0,0]
[-0.852174,0,0]
[-0.85,0,0]
[-0.847826,0,0]
[-0.845652,0,0]
[-0.843478,0,0]
[-0.841304,0,0]
[-0.83913,0,0]
[-0.836957,0,0]
[-0.834783,0,0]
[-0.832609,0,0]
[-0.830435,0,0]
[-0.828261,0,0]
[-0.826087,0,0]
[-0.823913,0,0]
[-0.821739,0,0]
[-0.819565,0,0]
[-0.817391,0,0]
[-0.815217,0,0]
[-0.813043,0,0]
[-0.81087,0,0]
[-0.808696,0,0]
[-0.806522,0,0]
[-0.804348,0,0]
[-0.802174,0,0]
[-0.8,0,0]
[-0.797826,0,0]
[-0.795652,0,0]
[-0.793478,0,0]
[-0.791304,0,0]
[-0.78913,0,0]
[-0.786957,0,0]
[-0.784783,0,0]
[-0.782609,0,0]
[-0.780435,0,0]
[-0.778261,0,0]
[-0.776087,0,0]
[-0.773913,0,0]
[-0.771739,0,0]
[-0.769565,0,0]
[-0.767391,0,0]
[-0.765217,0,0]
[-0.763043,0,0]
[-0.76087,0,0]
[-0.758696,0,0]
[-0.756522,0,0]
[-0.754348,0,0]
[-0.752174,0,0]
[-0.75,0,0]
[-0.747826,0,0]
[-0.745652,0,0]
[-0.743478,0,0]
[-0.741304,0,0]
[-0.73913,0,0]
[-0.736957,0,0]
[-0.734783,0,0]
[-0.732609,0,0]
[-0.730435,0,0]
[-0.728261,0,0]
[-0.726087,0,0]
[-0.723913,0,0]
[-0.721739,0,0]
[-0.719565,0,0]
[-0.717391,0,0]
[-0.715217,0,0]
[-0.713043,0,0]
[-0.71087,0,0]
[-0.708696,0,0]
[-0.706522,0,0]
[-0.704348,0,0]
[-0.702174,0,0]
[-0.7,0,0]
[-0.697826,0,0]
[-0.695652,0,0]
[-0.693478,0,0]
[-0.691304,0,0]
[-0.68913,0,0]
[-0.686957,0,0]
[-0.684783,0,0]
[-0.682609,0,0]
[-0.680435,0,0]
[-0.678261,0,0]
[-0.676087,0,0]
[-0.673913,0,0]
[-0.671739,0,0]
[-0.669565,0,0]
[-0.667391,0,0]
[-0.665217,0,0]
[-0.663043,0,0]
[-0.66087,0,0]
[-0.658696,0,0]
[-0.656522,0,0]
[-0.654348,0,0]
[-0.652174,0,0]
[-0.65,0,0]
[-0.647826,0,0]
[-0.645652,0,0]
[-0.643478,0,0]
[-0.641304,0,0]
[-0.63913,0,0]
[-0.636957,0,0]
[-0.634783,0,0]
[-0.632609,0,0]
[-0.630435,0,0]
[-0.628261,0,0]
[-0.626087,0,0]
[-0.623913,0,0]
[-0.621739,0,0]
[-0.619565,0,0]
[-0.617391,0,0]
[-0.615217,0,0]
[-0.613043,0,0]
[-0.61087,0,0]
[-0.608696,0,0]
[-0.606522,0,0]
[-0.604348,0,0]
[-0.602174,0,0]
[-0.6,0,0]
[-0.597826,0,0]
[-0.595652,0,0]
[-0.593478,0,0]
[-0.591304,0,0]
[-0.58913,0,0]
[-0.586957,0,0]
[-0.584783,0,0]
[-0.582609,0,0]
[-0.580435,0,0]
[-0.578261,0,0]
[-0.576087,0,0]
[-0.573913,0,0]
[-0.571739,0,0]
[-0.569565,0,0]
[-0.567391,0,0]
[-0.565217,0,0]
[-0.563043,0,0]
[-0.56087,0,0]
[-0.558696,0,0]
[-0.556522,0,0]
[-0.554348,0,0]
[-0.552174,0,0]
[-0.55,0,0]
[-0.547826,0,0]
[-0.545652,0,0]
[-0.543478,0,0]
[-0.541304,0,0]
[-0.53913,0,0]
[-0.536957,0,0]
[-0.534783,0,0]
[-0.532609,0,0]
[-0.530435,0,0]
[-0.528261,0,0]
[-0.526087,0,0]
[-0.523913,0,0]
[-0.521739,0,0]
[-0.519565,0,0]
[-0.517391,0,0]
[-0.515217,0,0]
[-0.513043,0,0]
[-0.51087,0,0]
[-0.508696,0,0]
[-0.506522,0,0]
[-0.504348,0,0]
[-0.502174,0,0]
[-0.5,0,0]
[-0.497826,0,0]
[-0.495652,0,0]
[-0.493478,0,0]
[-0.491304,0,0]
[-0.48913,0,0]
[-0.486957,0,0]
[-0.484783,0,0]
[-0.482609,0,0]
[-0.480435,0,0]
[-0.478261,0,0]
[-0.476087,0,0]
[-0.473913,0,0]
[-0.471739,0,0]
[-0.469565,0,0]
[-0.467391,0,0]
[-0.465217,0,0]
[-0.463043,0,0]
[-0.46087,0,0]
[-0.458696,0,0]
[-0.456522,0,0]
[-0.454348,0,0]
[-0.452174,0,0]
[-0.45,0,0]
[-0.447826,0,0]
[-0.445652,0,0]
[-0.443478,0,0]
[-0.441304,0,0]
[-0.43913,0,0]
[-0.436957,0,0]
[-0.434783,0,0]
[-0.432609,0,0]
[-0.430435,0,0]
[-0.428261,0,0]
[-0.426087,0,0]
[-0.423913,0,0]
[-0.421739,0,0]
[-0.419565,0,0]
[-0.417391,0,0]
[-0.415217,0,0]
[-0.413043,0,0]
[-0.41087,0,0]
[-0.408696,0,0]
[-0.406522,0,0]
[-0.404348,0,0]
[-0.402174,0,0]
[-0.4,0,0]
[-0.397826,0,0]
[-0.395652,0,0]
[-0.393478,0,0]
[-0.391304,0,0]
[-0.38913,0,0]
[-0.386957,0,0]
[-0.384783,0,0]
[-0.382609,0,0]
[-0.380435,0,0]
[-0.378261,0,0]
[-0.376087,0,0]
[-0.373913,0,0]
[-0.371739,0,0]
[-0.369565,0,0]
[-0.367391,0,0]
[-0.365217,0,0]
[-0.363043,0,0]
[-0.36087,0,0]
[-0.358696,0,0]
[-0.356522,0,0]
[-0.354348,0,0]
[-0.352174,0,0]
[-0.35,0,0]
[-0.347826,0,0]
[-0.345652,0,0]
[-0.343478,0,0]
[-0.341304,0,0]
[-0.33913,0,0]
[-0.336957,0,0]
[-0.334783,0,0]
[-0.332609,0,0]
[-0.330435,0,0]
[-0.328261,0,0]
[-0.326087,0,0]
[-0.323913,0,0]
[-0.321739,0,0]
[-0.319565,0,0]
[-0.317391,0,0]
[-0.315217,0,0]
[-0.313043,0,0]
[-0.31087,0,0]
[-0.308696,0,0]
[-0.306522,0,0]
[-0.304348,0,0]
[-0.302174,0,0]
[-0.3,0,0]
[-0.297826,0,0]
[-0.295652,0,0]
[-0.293478,0,0]
[-0.291304,0,0]
[-0.28913,0,0]
[-0.286957,0,0]
[-0.284783,0,0]
[-0.282609,0,0]
[-0.280435,0,0]
[-0.278261,0,0]
[-0.276087,0,0]
[-0.273913,0,0]
[-0.271739,0,0]
[-0.269565,0,0]
[-0.267391,0,0]
[-0.265217,0,0]
[-0.263043,0,0]
[-0.26087,0,0]
[-0.258696,0,0]
[-0.256522,0,0]
[-0.254348,0,0]
[-0.252174,0,0]
[-0.25,0,0]
[-0.247826,0,0]
[-0.245652,0,0]
[-0.243478,0,0]
[-0.241304,0,0]
[-0.23913,0,0]
[-0.236957,0,0]
[-0.234783,0,0]
[-0.232609,0,0]
[-0.230435,0,0]
[-0.228261,0,0]
[-0.226087,0,0]
[-0.223913,0,0]
[-0.221739,0,0]
[-0.219565,0,0]
[-0.217391,0,0]
[-0.215217,0,0]
[-0.213043,0,0]
[-0.21087,0,0]
[-0.208696,0,0]
[-0.206522,0,0]
[-0.204348,0,0]
[-0.202174,0,0]
[-0.2,0,0]
[-0.197826,0,0]
[-0.195652,0,0]
[-0.193478,0,0]
[-0.191304,0,0]
[-0.18913,0,0]
[-0.186957,0,0]
[-0.184783,0,0]
[-0.182609,0,0]
[-0.180435,0,0]
[-0.178261,0,0]
[-0.176087,0,0]
[-0.173913,0,0]
[-0.171739,0,0]
[-0.169565,0,0]
[-0.167391,0,0]
[-0.165217,0,0]
[-0.163043,0,0]
[-0.16087,0,0]
[-0.158696,0,0]
[-0.156522,0,0]
[-0.154348,0,0]
[-0.152174,0,0]
[-0.15,0,0]
[-0.147826,0,0]
[-0.145652,0,0]
[-0.143478,0,0]
[-0.141304,0,0]
[-0.13913,0,0]
[-0.136957,0,0]
[-0.134783,0,0]
[-0.132609,0,0]
[-0.130435,0,0]
[-0.128261,0,0]
[-0.126087,0,0]
[-0.123913,0,0]
[-0.121739,0,0]
[-0.119565,0,0]
[-0.117391,0,0]
[-0.115217,0,0]
[-0.113043,0,0]
[-0.11087,0,0]
[-0.108696,0,0]
[-0.106522,0,0]
[-0.104348,0,0]
[-0.102174,0,0]
[-0.1,0,0]
[-0.0978261,0,0]
[-0.0956522,0,0]
[-0.0934783,0,0]
[-0.0913043,0,0]
[-0.0891304,0,0]
[-0.0869565,0,0]
[-0.0847826,0,0]
[-0.0826087,0,0]
[-0.0804348,0,0]
[-0.0782609,0,0]
[-0.076087,0,0]
[-0.073913,0,0]
[-0.0717391,0,0]
[-0.0695652,0,0]
[-0.0673913,0,0]
[-0.0652174,0,0]
[-0.0630435,0,0]
[-0.0608696,0,0]
[-0.0586957,0,0]
[-0.0565217,0,0]
[-0.0543478,0,0]
[-0.0521739,0,0]
[-0.05,0,0]
[-0.0478261,0,0]
[-0.0456522,0,0]
[-0.0434783,0,0]
[-0.0413043,0,0]
[-0.0391304,0,0]
[-0.0369565,0,0]
[-0.0347826,0,0]
[-0.0326087,0,0]
[-0.0304348,0,0]
[-0.0282609,0,0]
[-0.026087,0,0]
[-0.023913,0,0]
[-0.0217391,0,0]
[-0.0195652,0,0]
[-0.0173913,0,0]
[-0.0152174,0,0]
[-0.0130435,0,0]
[-0.0108696,0,0]
[-0.00869565,0,0]
[-0.00652174,0,0]
[-0.00434783,0,0]
[-0.00217391,0,0]
[0,0,0]
[1,0,0,0]
[1,0,0,0]
[1,0,0,0]
[1,0,0,0]
[1,0,0,0]
[1,0,0,0]
[1,0,0,0]
[1,0,0,0]
[1,0,0,0]
[1,0,0,0]
[1,0,0,0]
[1,0,0,0]
[1,0,0,0]
[1,0,0,0]
[1,0,0,0]
[1,0,0,0]
[1,0,0,0]
[1,0,0,0]
[1,0,0,0]
[1,0,0,0]
[1,0,0,0]
[1,0,0,0]
[1,0,0,0]
[1,0,0,0]
[1,0,0,0]
[1,0,0,0]
[1,0,0,0]
[1,0,0,0]
[1,0,0,0]
[1,0,0,0]
[1,0,0,0]
[1,0,0,0]
[1,0,0,0]
[1,0,0,0]
[1,0,0,0]
[1,0,0,0]
[1,0,0,0]
[1,0,0,0]
[1,0,0,0]
[1,0,0,0]
[1,0,0,0]
[1,0,0,0]
[1,0,0,0]
[1,0,0,0]
[1,0,0,0]
[1,0,0,0]
[1,0,0,0]
[1,0,0,0]
[1,0,0,0]
[1,0,0,0]
[1,0,0,0]
[1,0,0,0]
[1,0,0,0]
[1,0,0,0]
[1,0,0,0]
[1,0,0,0]
[1,0,0,0]
[1,0,0,0]
[1,0,0,0]
[1,0,0,0]
[1,0,0,0]
[1,0,0,0]
[1,0,0,0]
[1,0,0,0]
[1,0,0,0]
[1,0,0,0]
[1,0,0,0]
[1,0,0,0]
[1,0,0,0]
[1,0,0,0]
[1,0,0,0]
[1,0,0,0]
[1,0,0,0]
[1,0,0,0]
[1,0,0,0]
[1,0,0,0]
[1,0,0,0]
[1,0,0,0]
[1,0,0,0]
[1,0,0,0]
[1,0,0,0]
[1,0,0,0]
[1,0,0,0]
[1,0,0,0]
[1,0,0,0]
[1,0,0,0]
[1,0,0,0]
[1,0,0,0]
[1,0,0,0]
[1,0,0,0]
[1,0,0,0]
[1,0,0,0]
[1,0,0,0]
[1,0,0,0]
[1,0,0,0]
[1,0,0,0]
[1,0,0,0]
[1,0,0,0]
[1,0,0,0]
[1,0,0,0]
[1,0,0,0]
[1,0,0,0]
[1,0,0,0]
[1,0,0,0]
[1,0,0,0]
[1,0,0,0]
[1,0,0,0]
[1,0,0,0]
[1,0,0,0]
[1,0,0,0]
[1,0,0,0]
[1,0,0,0]
[1,0,0,0]
[1,0,0,0]
[1,0,0,0]
[1,0,0,0]
[1,0,0,0]
[1,0,0,0]
[1,0,0,0]
[1,0,0,0]
[1,0,0,0]
[1,0,0,0]
[1,0,0,0]
[1,0,0,0]
[1,0,0,0]
[1,0,0,0]
[1,0,0,0]
[1,0,0,0]
[1,0,0,0]
[1,0,0,0]
[1,0,0,0]
[1,0,0,0]
[1,0,0,0]
[1,0,0,0]
[1,0,0,0]
[1,0,0,0]
[1,0,0,0]
[1,0,0,0]
[1,0,0,0]
[1,0,0,0]
[1,0,0,0]
[1,0,0,0]
[1,0,0,0]
[1,0,0,0]
[1,0,0,0]
[1,0,0,0]
[1,0,0,0]
[1,0,0,0]
[1,0,0,0]
[1,0,0,0]
[1,0,0,0]
[1,0,0,0]
[1,0,0,0]
[1,0,0,0]
[1,0,0,0]
[1,0,0,0]
[1,0,0,0]
[1,0,0,0]
[1,0,0,0]
[1,0,0,0]
[1,0,0,0]
[1,0,0,0]
[1,0,0,0]
[1,0,0,0]
[1,0,0,0]
[1,0,0,0]
[1,0,0,0]
[1,0,0,0]
[1,0,0,0]
[1,0,0,0]
[1,0,0,0]
[1,0,0,0]
[1,0,0,0]
[1,0,0,0]
[1,0,0,0]
[1,0,0,0]
[1,0,0,0]
[1,0,0,0]
[1,0,0,0]
[1,0,0,0]
[1,0,0,0]
[1,0,0,0]
[1,0,0,0]
[1,0,0,0]
[1,0,0,0]
[1,0,0,0]
[1,0,0,0]
[1,0,0,0]
[1,0,0,0]
[1,0,0,0]
[1,0,0,0]
[1,0,0,0]
[1,0,0,0]
[1,0,0,0]
[1,0,0,0]
[1,0,0,0]
[1,0,0,0]
[1,0,0,0]
[1,0,0,0]
[1,0,0,0]
[1,0,0,0]
[1,0,0,0]
[1,0,0,0]
[1,0,0,0]
[1,0,0,0]
[1,0,0,0]
[1,0,0,0]
[1,0,0,0]
[1,0,0,0]
[1,0,0,0]
[1,0,0,0]
[1,0,0,0]
[1,0,0,0]
[1,0,0,0]
[1,0,0,0]
[1,0,0,0]
[1,0,0,0]
[1,0,0,0]
[1,0,0,0]
[1,0,0,0]
[1,0,0,0]
[1,0,0,0]
[1,0,0,0]
[1,0,0,0]
[1,0,0,0]
[1,0,0,0]
[1,0,0,0]
[1,0,0,0]
[1,0,0,0]
[1,0,0,0]
[1,0,0,0]
[1,0,0,0]
[1,0,0,0]
[1,0,0,0]
[1,0,0,0]
[1,0,0,0]
[1,0,0,0]
[1,0,0,0]
[1,0,0,0]
[1,0,0,0]
[1,0,0,0]
[1,0,0,0]
[1,0,0,0]
[1,0,0,0]
[1,0,0,0]
[1,0,0,0]
[1,0,0,0]
[1,0,0,0]
[1,0,0,0]
[1,0,0,0]
[1,0,0,0]
[1,0,0,0]
[1,0,0,0]
[1,0,0,0]
[1,0,0,0]
[1,0,0,0]
[1,0,0,0]
[1,0,0,0]
[1,0,0,0]
[1,0,0,0]
[1,0,0,0]
[1,0,0,0]
[1,0,0,0]
[1,0,0,0]
[1,0,0,0]
[1,0,0,0]
[1,0,0,0]
[1,0,0,0]
[1,0,0,0]
[1,0,0,0]
[1,0,0,0]
[1,0,0,0]
[1,0,0,0]
[1,0,0,0]
[1,0,0,0]
[1,0,0,0]
[1,0,0,0]
[1,0,0,0]
[1,0,0,0]
[1,0,0,0]
[1,0,0,0]
[1,0,0,0]
[1,0,0,0]
[1,0,0,0]
[1,0,0,0]
[1,0,0,0]
[1,0,0,0]
[1,0,0,0]
[1,0,0,0]
[1,0,0,0]
[1,0,0,0]
[1,0,0,0]
[1,0,0,0]
[1,0,0,0]
[1,0,0,0]
[1,0,0,0]
[1,0,0,0]
[1,0,0,0]
[1,0,0,0]
[1,0,0,0]
[1,0,0,0]
[1,0,0,0]
[1,0,0,0]
[1,0,0,0]
[1,0,0,0]
[1,0,0,0]
[1,0,0,0]
[1,0,0,0]
[1,0,0,0]
[1,0,0,0]
[1,0,0,0]
[1,0,0,0]
[1,0,0,0]
[1,0,0,0]
[1,0,0,0]
[1,0,0,0]
[1,0,0,0]
[1,0,0,0]
[1,0,0,0]
[1,0,0,0]
[1,0,0,0]
[1,0,0,0]
[1,0,0,0]
[1,0,0,0]
[1,0,0,0]
[1,0,0,0]
[1,0,0,0]
[1,0,0,0]
[1,0,0,0]
[1,0,0,0]
[1,0,0,0]
[1,0,0,0]
[1,0,0,0]
[1,0,0,0]
[1,0,0,0]
[1,0,0,0]
[1,0,0,0]
[1,0,0,0]
[1,0,0,0]
[1,0,0,0]
[1,0,0,0]
[1,0,0,0]
[1,0,0,0]
[1,0,0,0]
[1,0,0,0]
[1,0,0,0]
[1,0,0,0]
[1,0,0,0]
[1,0,0,0]
[1,0,0,0]
[1,0,0,0]
[1,0,0,0]
[1,0,0,0]
[1,0,0,0]
[1,0,0,0]
[1,0,0,0]
[1,0,0,0]
[1,0,0,0]
[1,0,0,0]
[1,0,0,0]
[1,0,0,0]
[1,0,0,0]
[1,0,0,0]
[1,0,0,0]
[1,0,0,0]
[1,0,0,0]
[1,0,0,0]
[1,0,0,0]
[1,0,0,0]
[1,0,0,0]
[1,0,0,0]
[1,0,0,0]
[1,0,0,0]
[1,0,0,0]
[1,0,0,0]
[1,0,0,0]
[1,0,0,0]
[1,0,0,0]
[1,0,0,0]
[1,0,0,0]
[1,0,0,0]
[1,0,0,0]
[1,0,0,0]
[1,0,0,0]
[1,0,0,0]
[1,0,0,0]
[1,0,0,0]
[1,0,0,0]
[1,0,0,0]
[1,0,0,0]
[1,0,0,0]
[1,0,0,0]
[1,0,0,0]
[1,0,0,0]
[1,0,0,0]
[1,0,0,0]
[1,0,0,0]
[1,0,0,0]
[1,0,0,0]
[1,0,0,0]
[1,0,0,0]
[1,0,0,0]
[1,0,0,0]
[1,0,0,0]
[1,0,0,0]
[1,0,0,0]
[1,0,0,0]
[1,0,0,0]
[1,0,0,0]
[1,0,0,0]
[1,0,0,0]
[1,0,0,0]
[1,0,0,0]
[1,0,0,0]
[1,0,0,0]
[1,0,0,0]
[1,0,0,0]
[1,0,0,0]
[1,0,0,0]
[1,0,0,0]
[1,0,0,0]
[1,0,0,0]
[1,0,0,0]
[1,0,0,0]
[1,0,0,0]
[1,0,0,0]
[1,0,0,0]
[1,0,0,0]
[1,0,0,0]
[1,0,0,0]
[1,0,0,0]
[1,0,0,0]
[1,0,0,0]
[1,0,0,0]
[1,0,0,0]
[1,0,0,0]
[1,0,0,0]
[1,0,0,0]
[1,0,0,0]
[1,0,0,0]
[1,0,0,0]
[1,0,0,0]
[1,0,0,0]
[1,0,0,0]
[1,0,0,0]
[1,0,0,0]
[1,0,0,0]
[1,0,0,0]
[1,0,0,0]
[1,0,0,0]
[1,0,0,0]
[1,0,0,0]
[1,0,0,0]
[1,0,0,0]
[1,0,0,0]
[1,0,0,0]
[1,0,0,0]
[1,0,0,0]
[1,0,0,0]
[1,0,0,0]
[1,0,0,0]
[1,0,0,0]
[1,0,0,0]
[1,0,0,0]
[1,0,0,0]
[1,0,0,0]
[1,0,0,0]
[1,0,0,0]
[1,0,0,0]
[1,0,0,0]
[1,0,0,0]
[1,0,0,0]
[1,0,0,0]
[1,0,0,0]
[1,0,0,0]
[1,0,0,0]
[1,0,0,0]
[1,0,0,0]
[1,0,0,0]
[1,0,0,0]
[1,0,0,0]
[1,0,0,0]
[1,0,0,0]
[1,0,0,0]
[1,0,0,0]
[1,0,0,0]
[1,0,0,0]
[1,0,0,0]
[1,0,0,0]
[1,0,0,0]
[1,0,0,0]
[1,0,0,0]
[1,0,0,0]
[1,0,0,0]
[1,0,0,0]
[1,0,0,0]
[1,0,0,0]
[1,0,0,0]
[1,0,0,0]
[1,0,0,0]
[1,0,0,0]
[1,0,0,0]
[1,0,0,0]
[1,0,0,0]
[1,0,0,0]
[1,0,0,0]
[1,0,0,0]
[1,0,0,0]
[1,0,0,0]
[1,0,0,0]
[1,0,0,0]
[1,0,0,0]
[1,0,0,0]
[1,0,0,0]
[1,0,0,0]
[1,0,0,0]
[1,0,0,0]
[1,0,0,0]
[1,0,0,0]
[1,0,0,0]
[1,0,0,0]
[1,0,0,0]
[1,0,0,0]
[1,0,0,0]
[1,0,0,0]
[1,0,0,0]
[1,0,0,0]
[1,0,0,0]
[1,0,0,0]
[1,0,0,0]
[1,0,0,0]
[1,0,0,0]
[1,0,0,0]
[1,0,0,0]
[1,0,0,0]
[1,0,0,0]
[1,0,0,0]
[1,0,0,0]
[1,0,0,0]
[1,0,0,0]
[1,0,0,0]
[1,0,0,0]
[1,0,0,0]
[1,0,0,0]
[1,0,0,0]
[1,0,0,0]
[1,0,0,0]
[1,0,0,0]
[1,0,0,0]
[1,0,0,0]
[1,0,0,0]
[1,0,0,0]
[1,0,0,0]
[1,0,0,0]
[1,0,0,0]
[1,0,0,0]
[1,0,0,0]
[1,0,0,0]
[1,0,0,0]
[1,0,0,0]
[1,0,0,0]
[1,0,0,0]
[1,0,0,0]
[1,0,0,0]
[1,0,0,0]
[1,0,0,0]
[1,0,0,0]
[1,0,0,0]
[1,0,0,0]
[1,0,0,0]
[1,0,0,0]
[1,0,0,0]
[1,0,0,0]
[1,0,0,0]
[1,0,0,0]
[1,0,0,0]
[1,0,0,0]
[1,0,0,0]
[1,0,0,0]
[1,0,0,0]
[1,0,0,0]
[1,0,0,0]
[1,0,0,0]
[1,0,0,0]
[1,0,0,0]
[1,0,0,0]
[1,0,0,0]
[1,0,0,0]
[1,0,0,0]
[1,0,0,0]
[1,0,0,0]
[1,0,0,0]
[1,0,0,0]
[1,0,0,0]
[1,0,0,0]
[1,0,0,0]
[1,0,0,0]
[1,0,0,0]
[1,0,0,0]
[1,0,0,0]
[1,0,0,0]
[1,0,0,0]
[1,0,0,0]
[1,0,0,0]
[1,0,0,0]
[1,0,0,0]
[1,0,0,0]
[1,0,0,0]
[1,0,0,0]
[1,0,0,0]
[1,0,0,0]
[1,0,0,0]
[1,0,0,0]
[1,0,0,0]
[1,0,0,0]
[1,0,0,0]
[1,0,0,0]
[1,0,0,0]
[1,0,0,0]
[1,0,0,0]
[1,0,0,0]
[1,0,0,0]
[1,0,0,0]
[1,0,0,0]
[1,0,0,0]
[1,0,0,0]
[1,0,0,0]
[1,0,0,0]
[1,0,0,0]
[1,0,0,0]
[1,0,0,0]
[1,0,0,0]
[1,0,0,0]
[1,0,0,0]
[1,0,0,0]
[1,0,0,0]
[1,0,0,0]
[1,0,0,0]
[1,0,0,0]
[1,0,0,0]
[1,0,0,0]
[1,0,0,0]
[1,0,0,0]
[1,0,0,0]
[1,0,0,0]
[1,0,0,0]
[1,0,0,0]
[1,0,0,0]
[1,0,0,0]
[1,0,0,0]
[1,0,0,0]
[1,0,0,0]
[1,0,0,0]
[1,0,0,0]
[1,0,0,0]
[1,0,0,0]
[1,0,0,0]
[1,0,0,0]
[1,0,0,0]
[1,0,0,0]
[1,0,0,0]
[1,0,0,0]
[1,0,0,0]
[1,0,0,0]
[1,0,0,0]
[1,0,0,0]
[1,0,0,0]
[1,0,0,0]
[1,0,0,0]
[1,0,0,0]
[1,0,0,0]
[1,0,0,0]
[1,0,0,0]
[1,0,0,0]
[1,0,0,0]
[1,0,0,0]
[1,0,0,0]
[1,0,0,0]
[1,0,0,0]
[1,0,0,0]
[1,0,0,0]
[1,0,0,0]
[1,0,0,0]
[1,0,0,0]
[1,0,0,0]
[1,0,0,0]
[1,0,0,0]
[1,0,0,0]
[1,0,0,0]
[1,0,0,0]
[1,0,0,0]
[1,0,0,0]
[1,0,0,0]
[1,0,0,0]
[1,0,0,0]
[1,0,0,0]
[1,0,0,0]
[1,0,0,0]
[1,0,0,0]
[1,0,0,0]
[1,0,0,0]
[1,0,0,0]
[1,0,0,0]
[1,0,0,0]
[1,0,0,0]
[1,0,0,0]
[1,0,0,0]
[1,0,0,0]
[1,0,0,0]
[1,0,0,0]
[1,0,0,0]
[1,0,0,0]
[1,0,0,0]
[1,0,0,0]
[1,0,0,0]
[1,0,0,0]
[1,0,0,0]
[1,0,0,0]
[1,0,0,0]
[1,0,0,0]
[1,0,0,0]
[1,0,0,0]
[1,0,0,0]
[1,0,0,0]
[1,0,0,0]
[1,0,0,0]
[1,0,0,0]
[1,0,0,0]
[1,0,0,0]
[1,0,0,0]
[1,0,0,0]
[1,0,0,0]
[1,0,0,0]
[1,0,0,0]
[1,0,0,0]
[1,0,0,0]
[1,0,0,0]
[1,0,0,0]
[1,0,0,0]
[1,0,0,0]
[1,0,0,0]
[1,0,0,0]
[1,0,0,0]
[1,0,0,0]
[1,0,0,0]
[1,0,0,0]
[1,0,0,0]
[1,0,0,0]
[1,0,0,0]
[1,0,0,0]
[1,0,0,0]
[1,0,0,0]
[1,0,0,0]
[1,0,0,0]
[1,0,0,0]
[1,0,0,0]
[1,0,0,0]
[1,0,0,0]
[1,0,0,0]
[1,0,0,0]
[1,0,0,0]
[1,0,0,0]
[1,0,0,0]
[1,0,0,0]
[1,0,0,0]
[1,0,0,0]
[1,0,0,0]
[1,0,0,0]
[1,0,0,0]
[1,0,0,0]
[1,0,0,0]
[1,0,0,0]
[1,0,0,0]
[1,0,0,0]
[1,0,0,0]
[1,0,0,0]
[1,0,0,0]
[1,0,0,0]
[1,0,0,0]
[1,0,0,0]
[1,0,0,0]
[1,0,0,0]
[1,0,0,0]
[1,0,0,0]
[1,0,0,0]
[1,0,0,0]
[1,0,0,0]
[1,0,0,0]
[1,0,0,0]
[1,0,0,0]
[1,0,0,0]
[1,0,0,0]
[1,0,0,0]
[1,0,0,0]
[1,0,0,0]
[1,0,0,0]
[1,0,0,0]
[1,0,0,0]
[1,0,0,0]
[1,0,0,0]
[1,0,0,0]
[1,0,0,0]
[1,0,0,0]
[1,0,0,0]
[1,0,0,0]
[1,0,0,0]
[1,0,0,0]
[1,0,0,0]
[1,0,0,0]
[1,0,0,0]
[1,0,0,0]
[1,0,0,0]
[1,0,0,0]
[1,0,0,0]
[1,0,0,0]
[1,0,0,0]
[1,0,0,0]
[1,0,0,0]
[1,0,0,0]
[1,0,0,0]
[1,0,0,0]
[1,0,0,0]
[1,0,0,0]
[1,0,0,0]
[1,0,0,0]
[1,0,0,0]
[1,0,0,0]
[1,0,0,0]
[1,0,0,0]
[1,0,0,0]
[1,0,0,0]
[1,0,0,0]
[1,0,0,0]
[1,0,0,0]
[1,0,0,0]
[1,0,0,0]
[1,0,0,0]
[1,0,0,0]
[1,0,0,0]
[1,0,0,0]
[1,0,0,0]
[1,0,0,0]
[1,0,0,0]
[1,0,0,0]
[1,0,0,0]
[1,0,0,0]
[1,0,0,0]
[1,0,0,0]
[1,0,0,0]
[1,0,0,0]
[1,0,0,0]
[1,0,0,0]
[1,0,0,0]
[1,0,0,0]
[1,0,0,0]
[1,0,0,0]
[1,0,0,0]
[1,0,0,0]
[1,0,0,0]
[1,0,0,0]
[1,0,0,0]
[1,0,0,0]
[1,0,0,0]
[1,0,0,0]
[1,0,0,0]
[1,0,0,0]
[1,0,0,0]
[1,0,0,0]
[1,0,0,0]
[1,0,0,0]
[1,0,0,0]
[1,0,0,0]
[1,0,0,0]
[1,0,0,0]
[1,0,0,0]
[1,0,0,0]
[1,0,0,0]
[1,0,0,0]
[1,0,0,0]
[1,0,0,0]
[1,0,0,0]
[1,0,0,0]
[1,0,0,0]
[1,0,0,0]
[1,0,0,0]
[1,0,0,0]
[1,0,0,0]
[1,0,0,0]
[1,0,0,0]
[1,0,0,0]
[1,0,0,0]
[1,0,0,0]
[1,0,0,0]
[1,0,0,0]
[1,0,0,0]
[1,0,0,0]
[1,0,0,0]
[1,0,0,0]
[1,0,0,0]
[1,0,0,0]
[1,0,0,0]
[1,0,0,0]
[1,0,0,0]
[1,0,0,0]
[1,0,0,0]
[1,0,0,0]
[1,0,0,0]
[1,0,0,0]
[1,0,0,0]
[1,0,0,0]
[1,0,0,0]
[1,0,0,0]
[1,0,0,0]
[1,0,0,0]
[1,0,0,0]
[1,0,0,0]
[1,0,0,0]
[1,0,0,0]
[1,0,0,0]
[1,0,0,0]
[1,0,0,0]
[1,0,0,0]
[1,0,0,0]
[1,0,0,0]
[1,0,0,0]
[1,0,0,0]
[1,0,0,0]
[1,0,0,0]
[1,0,0,0]
[1,0,0,0]
[1,0,0,0]
[1,0,0,0]
[1,0,0,0]
[1,0,0,0]
[1,0,0,0]
[1,0,0,0]
[1,0,0,0]
[1,0,0,0]
[1,0,0,0]
[1,0,0,0]
[1,0,0,0]
[1,0,0,0]
[1,0,0,0]
[1,0,0,0]
[1,0,0,0]
[1,0,0,0]
[1,0,0,0]
[1,0,0,0]
[1,0,0,0]
[1,0,0,0]
[1,0,0,0]
[1,0,0,0]
[1,0,0,0]
[1,0,0,0]
[1,0,0,0]
[1,0,0,0]
[1,0,0,0]
[1,0,0,0]
[1,0,0,0]
[1,0,0,0]
[1,0,0,0]
[1,0,0,0]
[1,0,0,0]
[1,0,0,0]
[1,0,0,0]
[1,0,0,0]
[1,0,0,0]
[1,0,0,0]
[1,0,0,0]
[1,0,0,0]
[1,0,0,0]
[1,0,0,0]
[1,0,0,0]
[1,0,0,0]
[1,0,0,0]
[1,0,0,0]
[1,0,0,0]
[1,0,0,0]
[1,0,0,0]
[1,0,0,0]
[1,0,0,0]
[1,0,0,0]
[1,0,0,0]
[1,0,0,0]
[1,0,0,0]
[1,0,0,0]
[1,0,0,0]
[1,0,0,0]
[1,0,0,0]
[1,0,0,0]
[1,0,0,0]
[1,0,0,0]
[1,0,0,0]
[1,0,0,0]
[1,0,0,0]
[1,0,0,0]
[1,0,0,0]
[1,0,0,0]
[1,0,0,0]
[1,0,0,0]
[1,0,0,0]
[1,0,0,0]
[1,0,0,0]
[1,0,0,0]
[1,0,0,0]
[1,0,0,0]
[1,0,0,0]
[1,0,0,0]
[1,0,0,0]
[1,0,0,0]
[1,0,0,0]
[1,0,0,0]
[1,0,0,0]
[1,0,0,0]
[1,0,0,0]
[1,0,0,0]
[1,0,0,0]
[1,0,0,0]
[1,0,0,0]
[1,0,0,0]
[1,0,0,0]
[1,0,0,0]
[1,0,0,0]
[1,0,0,0]
[1,0,0,0]
[1,0,0,0]
[1,0,0,0]
[1,0,0,0]
[1,0,0,0]
[1,0,0,0]
[1,0,0,0]
[1,0,0,0]
[1,0,0,0]
[1,0,0,0]
[1,0,0,0]
[1,0,0,0]
[1,0,0,0]
[1,0,0,0]
[1,0,0,0]
[1,0,0,0]
[1,0,0,0]
[1,0,0,0]
[1,0,0,0]
[1,0,0,0]
[1,0,0,0]
[1,0,0,0]
[1,0,0,0]
[1,0,0,0]
[1,0,0,0]
[1,0,0,0]
[1,0,0,0]
[1,0,0,0]
[1,0,0,0]
[1,0,0,0]
[1,0,0,0]
[1,0,0,0]
[1,0,0,0]
[1,0,0,0]
[1,0,0,0]
[1,0,0,0]
[1,0,0,0]
[1,0,0,0]
[1,0,0,0]
[1,0,0,0]
[1,0,0,0]
[1,0,0,0]
[1,0,0,0]
[1,0,0,0]
[1,0,0,0]
[1,0,0,0]
[1,0,0,0]
[1,0,0,0]
[1,0,0,0]
[1,0,0,0]
[1,0,0,0]
[1,0,0,0]
[1,0,0,0]
[1,0,0,0]
[1,0,0,0]
[1,0,0,0]
[1,0,0,0]
[1,0,0,0]
[1,0,0,0]
[1,0,0,0]
[1,0,0,0]
[1,0,0,0]
[1,0,0,0]
[1,0,0,0]
[1,0,0,0]
[1,0,0,0]
[1,0,0,0]
[1,0,0,0]
[1,0,0,0]
[1,0,0,0]
[1,0,0,0]
[1,0,0,0]
[1,0,0,0]
[1,0,0,0]
[1,0,0,0]
[1,0,0,0]
[1,0,0,0]
[1,0,0,0]
[1,0,0,0]
[1,0,0,0]
[1,0,0,0]
[1,0,0,0]
[1,0,0,0]
[1,0,0,0]
[1,0,0,0]
[1,0,0,0]
[1,0,0,0]
[1,0,0,0]
[1,0,0,0]
[1,0,0,0]
[1,0,0,0]
[1,0,0,0]
[1,0,0,0]
[1,0,0,0]
[1,0,0,0]
[1,0,0,0]
[1,0,0,0]
[1,0,0,0]
[1,0,0,0]
[1,0,0,0]
[1,0,0,0]
[1,0,0,0]
[1,0,0,0]
[1,0,0,0]
[1,0,0,0]
[1,0,0,0]
[1,0,0,0]
[1,0,0,0]
[1,0,0,0]
[1,0,0,0]
[1,0,0,0]
[1,0,0,0]
[1,0,0,0]
[1,0,0,0]
[1,0,0,0]
[1,0,0,0]
[1,0,0,0]
[1,0,0,0]
[1,0,0,0]
[1,0,0,0]
[1,0,0,0]
[1,0,0,0]
[1,0,0,0]
[1,0,0,0]
[1,0,0,0]
[1,0,0,0]
[1,0,0,0]
[1,0,0,0]
[1,0,0,0]
[1,0,0,0]
[1,0,0,0]
[1,0,0,0]
[1,0,0,0]
[1,0,0,0]
[1,0,0,0]
[1,0,0,0]
[1,0,0,0]
[1,0,0,0]
[1,0,0,0]
[1,0,0,0]
[1,0,0,0]
[1,0,0,0]
[1,0,0,0]
[1,0,0,0]
[1,0,0,0]
[1,0,0,0]
[1,0,0,0]
[1,0,0,0]
[1,0,0,0]
[1,0,0,0]
[1,0,0,0]
[1,0,0,0]
[1,0,0,0]
[1,0,0,0]
[1,0,0,0]
[1,0,0,0]
[1,0,0,0]
[1,0,0,0]
[1,0,0,0]
[1,0,0,0]
[1,0,0,0]
[1,0,0,0]
[1,0,0,0]
[1,0,0,0]
[1,0,0,0]
[1,0,0,0]
[1,0,0,0]
[1,0,0,0]
[1,0,0,0]
[1,0,0,0]
[1,0,0,0]
[1,0,0,0]
[1,0,0,0]
[1,0,0,0]
[1,0,0,0]
[1,0,0,0]
[1,0,0,0]
[1,0,0,0]
[1,0,0,0]
[1,0,0,0]
[1,0,0,0]
[1,0,0,0]
[1,0,0,0]
[1,0,0,0]
[1,0,0,0]
[1,0,0,0]
[1,0,0,0]
[1,0,0,0]
[1,0,0,0]
[1,0,0,0]
[1,0,0,0]
[1,0,0,0]
[1,0,0,0]
[1,0,0,0]
[1,0,0,0]
[1,0,0,0]
[1,0,0,0]
[1,0,0,0]
[1,0,0,0]
[1,0,0,0]
[1,0,0,0]
[1,0,0,0]
[1,0,0,0]
[1,0,0,0]
[1,0,0,0]
[1,0,0,0]
[1,0,0,0]
[1,0,0,0]
[1,0,0,0]
[1,0,0,0]
[1,0,0,0]
[1,0,0,0]
[1,0,0,0]
[1,0,0,0]
[1,0,0,0]
[1,0,0,0]
[1,0,0,0]
[1,0,0,0]
[1,0,0,0]
[1,0,0,0]
[1,0,0,0]
[1,0,0,0]
[1,0,0,0]
[1,0,0,0]
[1,0,0,0]
[1,0,0,0]
[1,0,0,0]
[1,0,0,0]
[1,0,0,0]
[1,0,0,0]
[1,0,0,0]
[1,0,0,0]
[1,0,0,0]
[1,0,0,0]
[1,0,0,0]
[1,0,0,0]
[1,0,0,0]
[1,0,0,0]
[1,0,0,0]
[1,0,0,0]
[1,0,0,0]
[1,0,0,0]
[1,0,0,0]
[1,0,0,0]
[1,0,0,0]
[1,0,0,0]
[1,0,0,0]
[1,0,0,0]
[1,0,0,0]
[1,0,0,0]
[1,0,0,0]
[1,0,0,0]
[1,0,0,0]
[1,0,0,0]
[1,0,0,0]
[1,0,0,0]
[1,0,0,0]
[1,0,0,0]
[1,0,0,0]
[1,0,0,0]
[1,0,0,0]
[1,0,0,0]
[1,0,0,0]
[1,0,0,0]
[1,0,0,0]
[1,0,0,0]
[1,0,0,0]
[1,0,0,0]
[1,0,0,0]
[1,0,0,0]
[1,0,0,0]
[1,0,0,0]
[1,0,0,0]
[1,0,0,0]
[1,0,0,0]
[1,0,0,0]
[1,0,0,0]
[1,0,0,0]
[1,0,0,0]
[1,0,0,0]
[1,0,0,0]
[1,0,0,0]
[1,0,0,0]
[1,0,0,0]
[1,0,0,0]
[1,0,0,0]
[1,0,0,0]
[1,0,0,0]
[1,0,0,0]
[1,0,0,0]
[1,0,0,0]
[1,0,0,0]
[1,0,0,0]
[1,0,0,0]
[1,0,0,0]
[1,0,0,0]
[1,0,0,0]
[1,0,0,0]
[1,0,0,0]
[1,0,0,0]
[1,0,0,0]
[1,0,0,0]
[1,0,0,0]
[1,0,0,0]
[1,0,0,0]
[1,0,0,0]
[1,0,0,0]
[1,0,0,0]
[1,0,0,0]
[1,0,0,0]
[1,0,0,0]
[1,0,0,0]
[1,0,0,0]
[1,0,0,0]
[1,0,0,0]
[1,0,0,0]
[1,0,0,0]
[1,0,0,0]
[1,0,0,0]
[1,0,0,0]
[1,0,0,0]
[1,0,0,0]
[1,0,0,0]
[1,0,0,0]
[1,0,0,0]
[1,0,0,0]
[1,0,0,0]
[1,0,0,0]
[1,0,0,0]
[1,0,0,0]
[1,0,0,0]
[1,0,0,0]
[1,0,0,0]
[1,0,0,0]
[1,0,0,0]
[1,0,0,0]
[1,0,0,0]
[1,0,0,0]
[1,0,0,0]
[1,0,0,0]
[1,0,0,0]
[1,0,0,0]
[1,0,0,0]
[1,0,0,0]
[1,0,0,0]
[1,0,0,0]
[1,0,0,0]
[1,0,0,0]
[1,0,0,0]
[1,0,0,0]
[1,0,0,0]
[1,0,0,0]
[1,0,0,0]
[1,0,0,0]
[1,0,0,0]
[1,0,0,0]
