560
10
[-2.99464,0,0]
[-2.98929,0,0]
[-2.98393,0,0]
[-2.97857,0,0]
[-2.97321,0,0]
[-2.96786,0,0]
[-2.9625,0,0]
[-2.95714,0,0]
[-2.95179,0,0]
[-2.94643,0,0]
[-2.94107,0,0]
[-2.93571,0,0]
[-2.93036,0,0]
[-2.925,0,0]
[-2.91964,0,0]
[-2.91429,0,0]
[-2.90893,0,0]
[-2.90357,0,0]
[-2.89821,0,0]
[-2.89286,0,0]
[-2.8875,0,0]
[-2.88214,0,0]
[-2.87679,0,0]
[-2.87143,0,0]
[-2.86607,0,0]
[-2.86071,0,0]
[-2.85536,0,0]
[-2.85,0,0]
[-2.84464,0,0]
[-2.83929,0,0]
[-2.83393,0,0]
[-2.82857,0,0]
[-2.82321,0,0]
[-2.81786,0,0]
[-2.8125,0,0]
[-2.80714,0,0]
[-2.80179,0,0]
[-2.79643,0,0]
[-2.79107,0,0]
[-2.78571,0,0]
[-2.78036,0,0]
[-2.775,0,0]
[-2.76964,0,0]
[-2.76429,0,0]
[-2.75893,0,0]
[-2.75357,0,0]
[-2.74821,0,0]
[-2.74286,0,0]
[-2.7375,0,0]
[-2.73214,0,0]
[-2.72679,0,0]
[-2.72143,0,0]
[-2.71607,0,0]
[-2.71071,0,0]
[-2.70536,0,0]
[-2.7,0,0]
[-2.69464,0,0]
[-2.68929,0,0]
[-2.68393,0,0]
[-2.67857,0,0]
[-2.67321,0,0]
[-2.66786,0,0]
[-2.6625,0,0]
[-2.65714,0,0]
[-2.65179,0,0]
[-2.64643,0,0]
[-2.64107,0,0]
[-2.63571,0,0]
[-2.63036,0,0]
[-2.625,0,0]
[-2.61964,0,0]
[-2.61429,0,0]
[-2.60893,0,0]
[-2.60357,0,0]
[-2.59821,0,0]
[-2.59286,0,0]
[-2.5875,0,0]
[-2.58214,0,0]
[-2.57679,0,0]
[-2.57143,0,0]
[-2.56607,0,0]
[-2.56071,0,0]
[-2.55536,0,0]
[-2.55,0,0]
[-2.54464,0,0]
[-2.53929,0,0]
[-2.53393,0,0]
[-2.52857,0,0]
[-2.52321,0,0]
[-2.51786,0,0]
[-2.5125,0,0]
[-2.50714,0,0]
[-2.50179,0,0]
[-2.49643,0,0]
[-2.49107,0,0]
[-2.48571,0,0]
[-2.48036,0,0]
[-2.475,0,0]
[-2.46964,0,0]
[-2.46429,0,0]
[-2.45893,0,0]
[-2.45357,0,0]
[-2.44821,0,0]
[-2.44286,0,0]
[-2.4375,0,0]
[-2.43214,0,0]
[-2.42679,0,0]
[-2.42143,0,0]
[-2.41607,0,0]
[-2.41071,0,0]
[-2.40536,0,0]
[-2.4,0,0]
[-2.39464,0,0]
[-2.38929,0,0]
[-2.38393,0,0]
[-2.37857,0,0]
[-2.37321,0,0]
[-2.36786,0,0]
[-2.3625,0,0]
[-2.35714,0,0]
[-2.35179,0,0]
[-2.34643,0,0]
[-2.34107,0,0]
[-2.33571,0,0]
[-2.33036,0,0]
[-2.325,0,0]
[-2.31964,0,0]
[-2.31429,0,0]
[-2.30893,0,0]
[-2.30357,0,0]
[-2.29821,0,0]
[-2.29286,0,0]
[-2.2875,0,0]
[-2.28214,0,0]
[-2.27679,0,0]
[-2.27143,0,0]
[-2.26607,0,0]
[-2.26071,0,0]
[-2.25536,0,0]
[-2.25,0,0]
[-2.24464,0,0]
[-2.23929,0,0]
[-2.23393,0,0]
[-2.22857,0,0]
[-2.22321,0,0]
[-2.21786,0,0]
[-2.2125,0,0]
[-2.20714,0,0]
[-2.20179,0,0]
[-2.19643,0,0]
[-2.19107,0,0]
[-2.18571,0,0]
[-2.18036,0,0]
[-2.175,0,0]
[-2.16964,0,0]
[-2.16429,0,0]
[-2.15893,0,0]
[-2.15357,0,0]
[-2.14821,0,0]
[-2.14286,0,0]
[-2.1375,0,0]
[-2.13214,0,0]
[-2.12679,0,0]
[-2.12143,0,0]
[-2.11607,0,0]
[-2.11071,0,0]
[-2.10536,0,0]
[-2.1,0,0]
[-2.09464,0,0]
[-2.08929,0,0]
[-2.08393,0,0]
[-2.07857,0,0]
[-2.07321,0,0]
[-2.06786,0,0]
[-2.0625,0,0]
[-2.05714,0,0]
[-2.05179,0,0]
[-2.04643,0,0]
[-2.04107,0,0]
[-2.03571,0,0]
[-2.03036,0,0]
[-2.025,0,0]
[-2.01964,0,0]
[-2.01429,0,0]
[-2.00893,0,0]
[-2.00357,0,0]
[-1.99821,0,0]
[-1.99286,0,0]
[-1.9875,0,0]
[-1.98214,0,0]
[-1.97679,0,0]
[-1.97143,0,0]
[-1.96607,0,0]
[-1.96071,0,0]
[-1.95536,0,0]
[-1.95,0,0]
[-1.94464,0,0]
[-1.93929,0,0]
[-1.93393,0,0]
[-1.92857,0,0]
[-1.92321,0,0]
[-1.91786,0,0]
[-1.9125,0,0]
[-1.90714,0,0]
[-1.90179,0,0]
[-1.89643,0,0]
[-1.89107,0,0]
[-1.88571,0,0]
[-1.88036,0,0]
[-1.875,0,0]
[-1.86964,0,0]
[-1.86429,0,0]
[-1.85893,0,0]
[-1.85357,0,0]
[-1.84821,0,0]
[-1.84286,0,0]
[-1.8375,0,0]
[-1.83214,0,0]
[-1.82679,0,0]
[-1.82143,0,0]
[-1.81607,0,0]
[-1.81071,0,0]
[-1.80536,0,0]
[-1.8,0,0]
[-1.79464,0,0]
[-1.78929,0,0]
[-1.78393,0,0]
[-1.77857,0,0]
[-1.77321,0,0]
[-1.76786,0,0]
[-1.7625,0,0]
[-1.75714,0,0]
[-1.75179,0,0]
[-1.74643,0,0]
[-1.74107,0,0]
[-1.73571,0,0]
[-1.73036,0,0]
[-1.725,0,0]
[-1.71964,0,0]
[-1.71429,0,0]
[-1.70893,0,0]
[-1.70357,0,0]
[-1.69821,0,0]
[-1.69286,0,0]
[-1.6875,0,0]
[-1.68214,0,0]
[-1.67679,0,0]
[-1.67143,0,0]
[-1.66607,0,0]
[-1.66071,0,0]
[-1.65536,0,0]
[-1.65,0,0]
[-1.64464,0,0]
[-1.63929,0,0]
[-1.63393,0,0]
[-1.62857,0,0]
[-1.62321,0,0]
[-1.61786,0,0]
[-1.6125,0,0]
[-1.60714,0,0]
[-1.60179,0,0]
[-1.59643,0,0]
[-1.59107,0,0]
[-1.58571,0,0]
[-1.58036,0,0]
[-1.575,0,0]
[-1.56964,0,0]
[-1.56429,0,0]
[-1.55893,0,0]
[-1.55357,0,0]
[-1.54821,0,0]
[-1.54286,0,0]
[-1.5375,0,0]
[-1.53214,0,0]
[-1.52679,0,0]
[-1.52143,0,0]
[-1.51607,0,0]
[-1.51071,0,0]
[-1.50536,0,0]
[-1.5,0,0]
[-1.49464,0,0]
[-1.48929,0,0]
[-1.48393,0,0]
[-1.47857,0,0]
[-1.47321,0,0]
[-1.46786,0,0]
[-1.4625,0,0]
[-1.45714,0,0]
[-1.45179,0,0]
[-1.44643,0,0]
[-1.44107,0,0]
[-1.43571,0,0]
[-1.43036,0,0]
[-1.425,0,0]
[-1.41964,0,0]
[-1.41429,0,0]
[-1.40893,0,0]
[-1.40357,0,0]
[-1.39821,0,0]
[-1.39286,0,0]
[-1.3875,0,0]
[-1.38214,0,0]
[-1.37679,0,0]
[-1.37143,0,0]
[-1.36607,0,0]
[-1.36071,0,0]
[-1.35536,0,0]
[-1.35,0,0]
[-1.34464,0,0]
[-1.33929,0,0]
[-1.33393,0,0]
[-1.32857,0,0]
[-1.32321,0,0]
[-1.31786,0,0]
[-1.3125,0,0]
[-1.30714,0,0]
[-1.30179,0,0]
[-1.29643,0,0]
[-1.29107,0,0]
[-1.28571,0,0]
[-1.28036,0,0]
[-1.275,0,0]
[-1.26964,0,0]
[-1.26429,0,0]
[-1.25893,0,0]
[-1.25357,0,0]
[-1.24821,0,0]
[-1.24286,0,0]
[-1.2375,0,0]
[-1.23214,0,0]
[-1.22679,0,0]
[-1.22143,0,0]
[-1.21607,0,0]
[-1.21071,0,0]
[-1.20536,0,0]
[-1.2,0,0]
[-1.19464,0,0]
[-1.18929,0,0]
[-1.18393,0,0]
[-1.17857,0,0]
[-1.17321,0,0]
[-1.16786,0,0]
[-1.1625,0,0]
[-1.15714,0,0]
[-1.15179,0,0]
[-1.14643,0,0]
[-1.14107,0,0]
[-1.13571,0,0]
[-1.13036,0,0]
[-1.125,0,0]
[-1.11964,0,0]
[-1.11429,0,0]
[-1.10893,0,0]
[-1.10357,0,0]
[-1.09821,0,0]
[-1.09286,0,0]
[-1.0875,0,0]
[-1.08214,0,0]
[-1.07679,0,0]
[-1.07143,0,0]
[-1.06607,0,0]
[-1.06071,0,0]
[-1.05536,0,0]
[-1.05,0,0]
[-1.04464,0,0]
[-1.03929,0,0]
[-1.03393,0,0]
[-1.02857,0,0]
[-1.02321,0,0]
[-1.01786,0,0]
[-1.0125,0,0]
[-1.00714,0,0]
[-1.00179,0,0]
[-0.996429,0,0]
[-0.991071,0,0]
[-0.985714,0,0]
[-0.980357,0,0]
[-0.975,0,0]
[-0.969643,0,0]
[-0.964286,0,0]
[-0.958929,0,0]
[-0.953571,0,0]
[-0.948214,0,0]
[-0.942857,0,0]
[-0.9375,0,0]
[-0.932143,0,0]
[-0.926786,0,0]
[-0.921429,0,0]
[-0.916071,0,0]
[-0.910714,0,0]
[-0.905357,0,0]
[-0.9,0,0]
[-0.894643,0,0]
[-0.889286,0,0]
[-0.883929,0,0]
[-0.878571,0,0]
[-0.873214,0,0]
[-0.867857,0,0]
[-0.8625,0,0]
[-0.857143,0,0]
[-0.851786,0,0]
[-0.846429,0,0]
[-0.841071,0,0]
[-0.835714,0,0]
[-0.830357,0,0]
[-0.825,0,0]
[-0.819643,0,0]
[-0.814286,0,0]
[-0.808929,0,0]
[-0.803571,0,0]
[-0.798214,0,0]
[-0.792857,0,0]
[-0.7875,0,0]
[-0.782143,0,0]
[-0.776786,0,0]
[-0.771429,0,0]
[-0.766071,0,0]
[-0.760714,0,0]
[-0.755357,0,0]
[-0.75,0,0]
[-0.744643,0,0]
[-0.739286,0,0]
[-0.733929,0,0]
[-0.728571,0,0]
[-0.723214,0,0]
[-0.717857,0,0]
[-0.7125,0,0]
[-0.707143,0,0]
[-0.701786,0,0]
[-0.696429,0,0]
[-0.691071,0,0]
[-0.685714,0,0]
[-0.680357,0,0]
[-0.675,0,0]
[-0.669643,0,0]
[-0.664286,0,0]
[-0.658929,0,0]
[-0.653571,0,0]
[-0.648214,0,0]
[-0.642857,0,0]
[-0.6375,0,0]
[-0.632143,0,0]
[-0.626786,0,0]
[-0.621429,0,0]
[-0.616071,0,0]
[-0.610714,0,0]
[-0.605357,0,0]
[-0.6,0,0]
[-0.594643,0,0]
[-0.589286,0,0]
[-0.583929,0,0]
[-0.578571,0,0]
[-0.573214,0,0]
[-0.567857,0,0]
[-0.5625,0,0]
[-0.557143,0,0]
[-0.551786,0,0]
[-0.546429,0,0]
[-0.541071,0,0]
[-0.535714,0,0]
[-0.530357,0,0]
[-0.525,0,0]
[-0.519643,0,0]
[-0.514286,0,0]
[-0.508929,0,0]
[-0.503571,0,0]
[-0.498214,0,0]
[-0.492857,0,0]
[-0.4875,0,0]
[-0.482143,0,0]
[-0.476786,0,0]
[-0.471429,0,0]
[-0.466071,0,0]
[-0.460714,0,0]
[-0.455357,0,0]
[-0.45,0,0]
[-0.444643,0,0]
[-0.439286,0,0]
[-0.433929,0,0]
[-0.428571,0,0]
[-0.423214,0,0]
[-0.417857,0,0]
[-0.4125,0,0]
[-0.407143,0,0]
[-0.401786,0,0]
[-0.396429,0,0]
[-0.391071,0,0]
[-0.385714,0,0]
[-0.380357,0,0]
[-0.375,0,0]
[-0.369643,0,0]
[-0.364286,0,0]
[-0.358929,0,0]
[-0.353571,0,0]
[-0.348214,0,0]
[-0.342857,0,0]
[-0.3375,0,0]
[-0.332143,0,0]
[-0.326786,0,0]
[-0.321429,0,0]
[-0.316071,0,0]
[-0.310714,0,0]
[-0.305357,0,0]
[-0.3,0,0]
[-0.294643,0,0]
[-0.289286,0,0]
[-0.283929,0,0]
[-0.278571,0,0]
[-0.273214,0,0]
[-0.267857,0,0]
[-0.2625,0,0]
[-0.257143,0,0]
[-0.251786,0,0]
[-0.246429,0,0]
[-0.241071,0,0]
[-0.235714,0,0]
[-0.230357,0,0]
[-0.225,0,0]
[-0.219643,0,0]
[-0.214286,0,0]
[-0.208929,0,0]
[-0.203571,0,0]
[-0.198214,0,0]
[-0.192857,0,0]
[-0.1875,0,0]
[-0.182143,0,0]
[-0.176786,0,0]
[-0.171429,0,0]
[-0.166071,0,0]
[-0.160714,0,0]
[-0.155357,0,0]
[-0.15,0,0]
[-0.144643,0,0]
[-0.139286,0,0]
[-0.133929,0,0]
[-0.128571,0,0]
[-0.123214,0,0]
[-0.117857,0,0]
[-0.1125,0,0]
[-0.107143,0,0]
[-0.101786,0,0]
[-0.0964286,0,0]
[-0.0910714,0,0]
[-0.0857143,0,0]
[-0.0803571,0,0]
[-0.075,0,0]
[-0.0696429,0,0]
[-0.0642857,0,0]
[-0.0589286,0,0]
[-0.0535714,0,0]
[-0.0482143,0,0]
[-0.0428571,0,0]
[-0.0375,0,0]
[-0.0321429,0,0]
[-0.0267857,0,0]
[-0.0214286,0,0]
[-0.0160714,0,0]
[-0.0107143,0,0]
[-0.00535714,0,0]
[0,0,0]
[1,0,0,0]
[1,0,0,0]
[1,0,0,0]
[1,0,0,0]
[1,0,0,0]
[1,0,0,0]
[1,0,0,0]
[1,0,0,0]
[1,0,0,0]
[1,0,0,0]
[1,0,0,0]
[1,0,0,0]
[1,0,0,0]
[1,0,0,0]
[1,0,0,0]
[1,0,0,0]
[1,0,0,0]
[1,0,0,0]
[1,0,0,0]
[1,0,0,0]
[1,0,0,0]
[1,0,0,0]
[1,0,0,0]
[1,0,0,0]
[1,0,0,0]
[1,0,0,0]
[1,0,0,0]
[1,0,0,0]
[1,0,0,0]
[1,0,0,0]
[1,0,0,0]
[1,0,0,0]
[1,0,0,0]
[1,0,0,0]
[1,0,0,0]
[1,0,0,0]
[1,0,0,0]
[1,0,0,0]
[1,0,0,0]
[1,0,0,0]
[1,0,0,0]
[1,0,0,0]
[1,0,0,0]
[1,0,0,0]
[1,0,0,0]
[1,0,0,0]
[1,0,0,0]
[1,0,0,0]
[1,0,0,0]
[1,0,0,0]
[1,0,0,0]
[1,0,0,0]
[1,0,0,0]
[1,0,0,0]
[1,0,0,0]
[1,0,0,0]
[1,0,0,0]
[1,0,0,0]
[1,0,0,0]
[1,0,0,0]
[1,0,0,0]
[1,0,0,0]
[1,0,0,0]
[1,0,0,0]
[1,0,0,0]
[1,0,0,0]
[1,0,0,0]
[1,0,0,0]
[1,0,0,0]
[1,0,0,0]
[1,0,0,0]
[1,0,0,0]
[1,0,0,0]
[1,0,0,0]
[1,0,0,0]
[1,0,0,0]
[1,0,0,0]
[1,0,0,0]
[1,0,0,0]
[1,0,0,0]
[1,0,0,0]
[1,0,0,0]
[1,0,0,0]
[1,0,0,0]
[1,0,0,0]
[1,0,0,0]
[1,0,0,0]
[1,0,0,0]
[1,0,0,0]
[1,0,0,0]
[1,0,0,0]
[1,0,0,0]
[1,0,0,0]
[1,0,0,0]
[1,0,0,0]
[1,0,0,0]
[1,0,0,0]
[1,0,0,0]
[1,0,0,0]
[1,0,0,0]
[1,0,0,0]
[1,0,0,0]
[1,0,0,0]
[1,0,0,0]
[1,0,0,0]
[1,0,0,0]
[1,0,0,0]
[1,0,0,0]
[1,0,0,0]
[1,0,0,0]
[1,0,0,0]
[1,0,0,0]
[1,0,0,0]
[1,0,0,0]
[1,0,0,0]
[1,0,0,0]
[1,0,0,0]
[1,0,0,0]
[1,0,0,0]
[1,0,0,0]
[1,0,0,0]
[1,0,0,0]
[1,0,0,0]
[1,0,0,0]
[1,0,0,0]
[1,0,0,0]
[1,0,0,0]
[1,0,0,0]
[1,0,0,0]
[1,0,0,0]
[1,0,0,0]
[1,0,0,0]
[1,0,0,0]
[1,0,0,0]
[1,0,0,0]
[1,0,0,0]
[1,0,0,0]
[1,0,0,0]
[1,0,0,0]
[1,0,0,0]
[1,0,0,0]
[1,0,0,0]
[1,0,0,0]
[1,0,0,0]
[1,0,0,0]
[1,0,0,0]
[1,0,0,0]
[1,0,0,0]
[1,0,0,0]
[1,0,0,0]
[1,0,0,0]
[1,0,0,0]
[1,0,0,0]
[1,0,0,0]
[1,0,0,0]
[1,0,0,0]
[1,0,0,0]
[1,0,0,0]
[1,0,0,0]
[1,0,0,0]
[1,0,0,0]
[1,0,0,0]
[1,0,0,0]
[1,0,0,0]
[1,0,0,0]
[1,0,0,0]
[1,0,0,0]
[1,0,0,0]
[1,0,0,0]
[1,0,0,0]
[1,0,0,0]
[1,0,0,0]
[1,0,0,0]
[1,0,0,0]
[1,0,0,0]
[1,0,0,0]
[1,0,0,0]
[1,0,0,0]
[1,0,0,0]
[1,0,0,0]
[1,0,0,0]
[1,0,0,0]
[1,0,0,0]
[1,0,0,0]
[1,0,0,0]
[1,0,0,0]
[1,0,0,0]
[1,0,0,0]
[1,0,0,0]
[1,0,0,0]
[1,0,0,0]
[1,0,0,0]
[1,0,0,0]
[1,0,0,0]
[1,0,0,0]
[1,0,0,0]
[1,0,0,0]
[1,0,0,0]
[1,0,0,0]
[1,0,0,0]
[1,0,0,0]
[1,0,0,0]
[1,0,0,0]
[1,0,0,0]
[1,0,0,0]
[1,0,0,0]
[1,0,0,0]
[1,0,0,0]
[1,0,0,0]
[1,0,0,0]
[1,0,0,0]
[1,0,0,0]
[1,0,0,0]
[1,0,0,0]
[1,0,0,0]
[1,0,0,0]
[1,0,0,0]
[1,0,0,0]
[1,0,0,0]
[1,0,0,0]
[1,0,0,0]
[1,0,0,0]
[1,0,0,0]
[1,0,0,0]
[1,0,0,0]
[1,0,0,0]
[1,0,0,0]
[1,0,0,0]
[1,0,0,0]
[1,0,0,0]
[1,0,0,0]
[1,0,0,0]
[1,0,0,0]
[1,0,0,0]
[1,0,0,0]
[1,0,0,0]
[1,0,0,0]
[1,0,0,0]
[1,0,0,0]
[1,0,0,0]
[1,0,0,0]
[1,0,0,0]
[1,0,0,0]
[1,0,0,0]
[1,0,0,0]
[1,0,0,0]
[1,0,0,0]
[1,0,0,0]
[1,0,0,0]
[1,0,0,0]
[1,0,0,0]
[1,0,0,0]
[1,0,0,0]
[1,0,0,0]
[1,0,0,0]
[1,0,0,0]
[1,0,0,0]
[1,0,0,0]
[1,0,0,0]
[1,0,0,0]
[1,0,0,0]
[1,0,0,0]
[1,0,0,0]
[1,0,0,0]
[1,0,0,0]
[1,0,0,0]
[1,0,0,0]
[1,0,0,0]
[1,0,0,0]
[1,0,0,0]
[1,0,0,0]
[1,0,0,0]
[1,0,0,0]
[1,0,0,0]
[1,0,0,0]
[1,0,0,0]
[1,0,0,0]
[1,0,0,0]
[1,0,0,0]
[1,0,0,0]
[1,0,0,0]
[1,0,0,0]
[1,0,0,0]
[1,0,0,0]
[1,0,0,0]
[1,0,0,0]
[1,0,0,0]
[1,0,0,0]
[1,0,0,0]
[1,0,0,0]
[1,0,0,0]
[1,0,0,0]
[1,0,0,0]
[1,0,0,0]
[1,0,0,0]
[1,0,0,0]
[1,0,0,0]
[1,0,0,0]
[1,0,0,0]
[1,0,0,0]
[1,0,0,0]
[1,0,0,0]
[1,0,0,0]
[1,0,0,0]
[1,0,0,0]
[1,0,0,0]
[1,0,0,0]
[1,0,0,0]
[1,0,0,0]
[1,0,0,0]
[1,0,0,0]
[1,0,0,0]
[1,0,0,0]
[1,0,0,0]
[1,0,0,0]
[1,0,0,0]
[1,0,0,0]
[1,0,0,0]
[1,0,0,0]
[1,0,0,0]
[1,0,0,0]
[1,0,0,0]
[1,0,0,0]
[1,0,0,0]
[1,0,0,0]
[1,0,0,0]
[1,0,0,0]
[1,0,0,0]
[1,0,0,0]
[1,0,0,0]
[1,0,0,0]
[1,0,0,0]
[1,0,0,0]
[1,0,0,0]
[1,0,0,0]
[1,0,0,0]
[1,0,0,0]
[1,0,0,0]
[1,0,0,0]
[1,0,0,0]
[1,0,0,0]
[1,0,0,0]
[1,0,0,0]
[1,0,0,0]
[1,0,0,0]
[1,0,0,0]
[1,0,0,0]
[1,0,0,0]
[1,0,0,0]
[1,0,0,0]
[1,0,0,0]
[1,0,0,0]
[1,0,0,0]
[1,0,0,0]
[1,0,0,0]
[1,0,0,0]
[1,0,0,0]
[1,0,0,0]
[1,0,0,0]
[1,0,0,0]
[1,0,0,0]
[1,0,0,0]
[1,0,0,0]
[1,0,0,0]
[1,0,0,0]
[1,0,0,0]
[1,0,0,0]
[1,0,0,0]
[1,0,0,0]
[1,0,0,0]
[1,0,0,0]
[1,0,0,0]
[1,0,0,0]
[1,0,0,0]
[1,0,0,0]
[1,0,0,0]
[1,0,0,0]
[1,0,0,0]
[1,0,0,0]
[1,0,0,0]
[1,0,0,0]
[1,0,0,0]
[1,0,0,0]
[1,0,0,0]
[1,0,0,0]
[1,0,0,0]
[1,0,0,0]
[1,0,0,0]
[1,0,0,0]
[1,0,0,0]
[1,0,0,0]
[1,0,0,0]
[1,0,0,0]
[1,0,0,0]
[1,0,0,0]
[1,0,0,0]
[1,0,0,0]
[1,0,0,0]
[1,0,0,0]
[1,0,0,0]
[1,0,0,0]
[1,0,0,0]
[1,0,0,0]
[1,0,0,0]
[1,0,0,0]
[1,0,0,0]
[1,0,0,0]
[1,0,0,0]
[1,0,0,0]
[1,0,0,0]
[1,0,0,0]
[1,0,0,0]
[1,0,0,0]
[1,0,0,0]
[1,0,0,0]
[1,0,0,0]
[1,0,0,0]
[1,0,0,0]
[1,0,0,0]
[1,0,0,0]
[1,0,0,0]
[1,0,0,0]
[1,0,0,0]
[1,0,0,0]
[1,0,0,0]
[1,0,0,0]
[1,0,0,0]
[1,0,0,0]
[1,0,0,0]
[1,0,0,0]
[1,0,0,0]
[1,0,0,0]
[1,0,0,0]
[1,0,0,0]
[1,0,0,0]
[1,0,0,0]
[1,0,0,0]
[1,0,0,0]
[1,0,0,0]
[1,0,0,0]
[1,0,0,0]
[1,0,0,0]
[1,0,0,0]
[1,0,0,0]
[1,0,0,0]
[1,0,0,0]
[1,0,0,0]
[1,0,0,0]
[1,0,0,0]
[1,0,0,0]
[1,0,0,0]
[1,0,0,0]
[1,0,0,0]
[1,0,0,0]
[1,0,0,0]
[1,0,0,0]
[1,0,0,0]
[1,0,0,0]
[1,0,0,0]
[1,0,0,0]
[1,0,0,0]
[1,0,0,0]
[1,0,0,0]
[1,0,0,0]
[1,0,0,0]
[1,0,0,0]
[1,0,0,0]
[1,0,0,0]
[1,0,0,0]
[1,0,0,0]
[1,0,0,0]
[1,0,0,0]
[1,0,0,0]
[1,0,0,0]
[1,0,0,0]
[1,0,0,0]
[1,0,0,0]
[1,0,0,0]
[1,0,0,0]
[1,0,0,0]
[1,0,0,0]
[1,0,0,0]
[1,0,0,0]
[1,0,0,0]
[1,0,0,0]
[1,0,0,0]
[1,0,0,0]
[1,0,0,0]
[1,0,0,0]
[1,0,0,0]
[1,0,0,0]
[1,0,0,0]
[1,0,0,0]
[1,0,0,0]
[1,0,0,0]
[1,0,0,0]
[1,0,0,0]
[1,0,0,0]
[1,0,0,0]
[1,0,0,0]
[1,0,0,0]
[1,0,0,0]
[1,0,0,0]
[1,0,0,0]
[1,0,0,0]
[1,0,0,0]
[1,0,0,0]
[1,0,0,0]
[1,0,0,0]
[1,0,0,0]
[1,0,0,0]
[1,0,0,0]
[1,0,0,0]
[1,0,0,0]
[1,0,0,0]
[1,0,0,0]
[1,0,0,0]
[1,0,0,0]
[1,0,0,0]
[1,0,0,0]
[1,0,0,0]
[1,0,0,0]
[1,0,0,0]
[1,0,0,0]
[1,0,0,0]
[1,0,0,0]
[1,0,0,0]
[1,0,0,0]
[1,0,0,0]
[1,0,0,0]
[1,0,0,0]
[1,0,0,0]
[1,0,0,0]
[1,0,0,0]
[1,0,0,0]
[1,0,0,0]
[1,0,0,0]
[1,0,0,0]
[1,0,0,0]
[1,0,0,0]
[1,0,0,0]
[1,0,0,0]
[1,0,0,0]
[1,0,0,0]
[1,0,0,0]
[1,0,0,0]
[1,0,0,0]
[1,0,0,0]
[1,0,0,0]
[1,0,0,0]
[1,0,0,0]
[1,0,0,0]
[1,0,0,0]
[1,0,0,0]
[1,0,0,0]
[1,0,0,0]
[1,0,0,0]
[1,0,0,0]
[1,0,0,0]
[1,0,0,0]
