530
10
[-5.98868,0,0]
[-5.97736,0,0]
[-5.96604,0,0]
[-5.95472,0,0]
[-5.9434,0,0]
[-5.93208,0,0]
[-5.92075,0,0]
[-5.90943,0,0]
[-5.89811,0,0]
[-5.88679,0,0]
[-5.87547,0,0]
[-5.86415,0,0]
[-5.85283,0,0]
[-5.84151,0,0]
[-5.83019,0,0]
[-5.81887,0,0]
[-5.80755,0,0]
[-5.79623,0,0]
[-5.78491,0,0]
[-5.77358,0,0]
[-5.76226,0,0]
[-5.75094,0,0]
[-5.73962,0,0]
[-5.7283,0,0]
[-5.71698,0,0]
[-5.70566,0,0]
[-5.69434,0,0]
[-5.68302,0,0]
[-5.6717,0,0]
[-5.66038,0,0]
[-5.64906,0,0]
[-5.63774,0,0]
[-5.62642,0,0]
[-5.61509,0,0]
[-5.60377,0,0]
[-5.59245,0,0]
[-5.58113,0,0]
[-5.56981,0,0]
[-5.55849,0,0]
[-5.54717,0,0]
[-5.53585,0,0]
[-5.52453,0,0]
[-5.51321,0,0]
[-5.50189,0,0]
[-5.49057,0,0]
[-5.47925,0,0]
[-5.46792,0,0]
[-5.4566,0,0]
[-5.44528,0,0]
[-5.43396,0,0]
[-5.42264,0,0]
[-5.41132,0,0]
[-5.4,0,0]
[-5.38868,0,0]
[-5.37736,0,0]
[-5.36604,0,0]
[-5.35472,0,0]
[-5.3434,0,0]
[-5.33208,0,0]
[-5.32075,0,0]
[-5.30943,0,0]
[-5.29811,0,0]
[-5.28679,0,0]
[-5.27547,0,0]
[-5.26415,0,0]
[-5.25283,0,0]
[-5.24151,0,0]
[-5.23019,0,0]
[-5.21887,0,0]
[-5.20755,0,0]
[-5.19623,0,0]
[-5.18491,0,0]
[-5.17358,0,0]
[-5.16226,0,0]
[-5.15094,0,0]
[-5.13962,0,0]
[-5.1283,0,0]
[-5.11698,0,0]
[-5.10566,0,0]
[-5.09434,0,0]
[-5.08302,0,0]
[-5.0717,0,0]
[-5.06038,0,0]
[-5.04906,0,0]
[-5.03774,0,0]
[-5.02642,0,0]
[-5.01509,0,0]
[-5.00377,0,0]
[-4.99245,0,0]
[-4.98113,0,0]
[-4.96981,0,0]
[-4.95849,0,0]
[-4.94717,0,0]
[-4.93585,0,0]
[-4.92453,0,0]
[-4.91321,0,0]
[-4.90189,0,0]
[-4.89057,0,0]
[-4.87925,0,0]
[-4.86792,0,0]
[-4.8566,0,0]
[-4.84528,0,0]
[-4.83396,0,0]
[-4.82264,0,0]
[-4.81132,0,0]
[-4.8,0,0]
[-4.78868,0,0]
[-4.77736,0,0]
[-4.76604,0,0]
[-4.75472,0,0]
[-4.7434,0,0]
[-4.73208,0,0]
[-4.72075,0,0]
[-4.70943,0,0]
[-4.69811,0,0]
[-4.68679,0,0]
[-4.67547,0,0]
[-4.66415,0,0]
[-4.65283,0,0]
[-4.64151,0,0]
[-4.63019,0,0]
[-4.61887,0,0]
[-4.60755,0,0]
[-4.59623,0,0]
[-4.58491,0,0]
[-4.57358,0,0]
[-4.56226,0,0]
[-4.55094,0,0]
[-4.53962,0,0]
[-4.5283,0,0]
[-4.51698,0,0]
[-4.50566,0,0]
[-4.49434,0,0]
[-4.48302,0,0]
[-4.4717,0,0]
[-4.46038,0,0]
[-4.44906,0,0]
[-4.43774,0,0]
[-4.42642,0,0]
[-4.41509,0,0]
[-4.40377,0,0]
[-4.39245,0,0]
[-4.38113,0,0]
[-4.36981,0,0]
[-4.35849,0,0]
[-4.34717,0,0]
[-4.33585,0,0]
[-4.32453,0,0]
[-4.31321,0,0]
[-4.30189,0,0]
[-4.29057,0,0]
[-4.27925,0,0]
[-4.26792,0,0]
[-4.2566,0,0]
[-4.24528,0,0]
[-4.23396,0,0]
[-4.22264,0,0]
[-4.21132,0,0]
[-4.2,0,0]
[-4.18868,0,0]
[-4.17736,0,0]
[-4.16604,0,0]
[-4.15472,0,0]
[-4.1434,0,0]
[-4.13208,0,0]
[-4.12075,0,0]
[-4.10943,0,0]
[-4.09811,0,0]
[-4.08679,0,0]
[-4.07547,0,0]
[-4.06415,0,0]
[-4.05283,0,0]
[-4.04151,0,0]
[-4.03019,0,0]
[-4.01887,0,0]
[-4.00755,0,0]
[-3.99623,0,0]
[-3.98491,0,0]
[-3.97358,0,0]
[-3.96226,0,0]
[-3.95094,0,0]
[-3.93962,0,0]
[-3.9283,0,0]
[-3.91698,0,0]
[-3.90566,0,0]
[-3.89434,0,0]
[-3.88302,0,0]
[-3.8717,0,0]
[-3.86038,0,0]
[-3.84906,0,0]
[-3.83774,0,0]
[-3.82642,0,0]
[-3.81509,0,0]
[-3.80377,0,0]
[-3.79245,0,0]
[-3.78113,0,0]
[-3.76981,0,0]
[-3.75849,0,0]
[-3.74717,0,0]
[-3.73585,0,0]
[-3.72453,0,0]
[-3.71321,0,0]
[-3.70189,0,0]
[-3.69057,0,0]
[-3.67925,0,0]
[-3.66792,0,0]
[-3.6566,0,0]
[-3.64528,0,0]
[-3.63396,0,0]
[-3.62264,0,0]
[-3.61132,0,0]
[-3.6,0,0]
[-3.58868,0,0]
[-3.57736,0,0]
[-3.56604,0,0]
[-3.55472,0,0]
[-3.5434,0,0]
[-3.53208,0,0]
[-3.52075,0,0]
[-3.50943,0,0]
[-3.49811,0,0]
[-3.48679,0,0]
[-3.47547,0,0]
[-3.46415,0,0]
[-3.45283,0,0]
[-3.44151,0,0]
[-3.43019,0,0]
[-3.41887,0,0]
[-3.40755,0,0]
[-3.39623,0,0]
[-3.38491,0,0]
[-3.37358,0,0]
[-3.36226,0,0]
[-3.35094,0,0]
[-3.33962,0,0]
[-3.3283,0,0]
[-3.31698,0,0]
[-3.30566,0,0]
[-3.29434,0,0]
[-3.28302,0,0]
[-3.2717,0,0]
[-3.26038,0,0]
[-3.24906,0,0]
[-3.23774,0,0]
[-3.22642,0,0]
[-3.21509,0,0]
[-3.20377,0,0]
[-3.19245,0,0]
[-3.18113,0,0]
[-3.16981,0,0]
[-3.15849,0,0]
[-3.14717,0,0]
[-3.13585,0,0]
[-3.12453,0,0]
[-3.11321,0,0]
[-3.10189,0,0]
[-3.09057,0,0]
[-3.07925,0,0]
[-3.06792,0,0]
[-3.0566,0,0]
[-3.04528,0,0]
[-3.03396,0,0]
[-3.02264,0,0]
[-3.01132,0,0]
[-3,0,0]
[-2.98868,0,0]
[-2.97736,0,0]
[-2.96604,0,0]
[-2.95472,0,0]
[-2.9434,0,0]
[-2.93208,0,0]
[-2.92075,0,0]
[-2.90943,0,0]
[-2.89811,0,0]
[-2.88679,0,0]
[-2.87547,0,0]
[-2.86415,0,0]
[-2.85283,0,0]
[-2.84151,0,0]
[-2.83019,0,0]
[-2.81887,0,0]
[-2.80755,0,0]
[-2.79623,0,0]
[-2.78491,0,0]
[-2.77358,0,0]
[-2.76226,0,0]
[-2.75094,0,0]
[-2.73962,0,0]
[-2.7283,0,0]
[-2.71698,0,0]
[-2.70566,0,0]
[-2.69434,0,0]
[-2.68302,0,0]
[-2.6717,0,0]
[-2.66038,0,0]
[-2.64906,0,0]
[-2.63774,0,0]
[-2.62642,0,0]
[-2.61509,0,0]
[-2.60377,0,0]
[-2.59245,0,0]
[-2.58113,0,0]
[-2.56981,0,0]
[-2.55849,0,0]
[-2.54717,0,0]
[-2.53585,0,0]
[-2.52453,0,0]
[-2.51321,0,0]
[-2.50189,0,0]
[-2.49057,0,0]
[-2.47925,0,0]
[-2.46792,0,0]
[-2.4566,0,0]
[-2.44528,0,0]
[-2.43396,0,0]
[-2.42264,0,0]
[-2.41132,0,0]
[-2.4,0,0]
[-2.38868,0,0]
[-2.37736,0,0]
[-2.36604,0,0]
[-2.35472,0,0]
[-2.3434,0,0]
[-2.33208,0,0]
[-2.32075,0,0]
[-2.30943,0,0]
[-2.29811,0,0]
[-2.28679,0,0]
[-2.27547,0,0]
[-2.26415,0,0]
[-2.25283,0,0]
[-2.24151,0,0]
[-2.23019,0,0]
[-2.21887,0,0]
[-2.20755,0,0]
[-2.19623,0,0]
[-2.18491,0,0]
[-2.17358,0,0]
[-2.16226,0,0]
[-2.15094,0,0]
[-2.13962,0,0]
[-2.1283,0,0]
[-2.11698,0,0]
[-2.10566,0,0]
[-2.09434,0,0]
[-2.08302,0,0]
[-2.0717,0,0]
[-2.06038,0,0]
[-2.04906,0,0]
[-2.03774,0,0]
[-2.02642,0,0]
[-2.01509,0,0]
[-2.00377,0,0]
[-1.99245,0,0]
[-1.98113,0,0]
[-1.96981,0,0]
[-1.95849,0,0]
[-1.94717,0,0]
[-1.93585,0,0]
[-1.92453,0,0]
[-1.91321,0,0]
[-1.90189,0,0]
[-1.89057,0,0]
[-1.87925,0,0]
[-1.86792,0,0]
[-1.8566,0,0]
[-1.84528,0,0]
[-1.83396,0,0]
[-1.82264,0,0]
[-1.81132,0,0]
[-1.8,0,0]
[-1.78868,0,0]
[-1.77736,0,0]
[-1.76604,0,0]
[-1.75472,0,0]
[-1.7434,0,0]
[-1.73208,0,0]
[-1.72075,0,0]
[-1.70943,0,0]
[-1.69811,0,0]
[-1.68679,0,0]
[-1.67547,0,0]
[-1.66415,0,0]
[-1.65283,0,0]
[-1.64151,0,0]
[-1.63019,0,0]
[-1.61887,0,0]
[-1.60755,0,0]
[-1.59623,0,0]
[-1.58491,0,0]
[-1.57358,0,0]
[-1.56226,0,0]
[-1.55094,0,0]
[-1.53962,0,0]
[-1.5283,0,0]
[-1.51698,0,0]
[-1.50566,0,0]
[-1.49434,0,0]
[-1.48302,0,0]
[-1.4717,0,0]
[-1.46038,0,0]
[-1.44906,0,0]
[-1.43774,0,0]
[-1.42642,0,0]
[-1.41509,0,0]
[-1.40377,0,0]
[-1.39245,0,0]
[-1.38113,0,0]
[-1.36981,0,0]
[-1.35849,0,0]
[-1.34717,0,0]
[-1.33585,0,0]
[-1.32453,0,0]
[-1.31321,0,0]
[-1.30189,0,0]
[-1.29057,0,0]
[-1.27925,0,0]
[-1.26792,0,0]
[-1.2566,0,0]
[-1.24528,0,0]
[-1.23396,0,0]
[-1.22264,0,0]
[-1.21132,0,0]
[-1.2,0,0]
[-1.18868,0,0]
[-1.17736,0,0]
[-1.16604,0,0]
[-1.15472,0,0]
[-1.1434,0,0]
[-1.13208,0,0]
[-1.12075,0,0]
[-1.10943,0,0]
[-1.09811,0,0]
[-1.08679,0,0]
[-1.07547,0,0]
[-1.06415,0,0]
[-1.05283,0,0]
[-1.04151,0,0]
[-1.03019,0,0]
[-1.01887,0,0]
[-1.00755,0,0]
[-0.996226,0,0]
[-0.984906,0,0]
[-0.973585,0,0]
[-0.962264,0,0]
[-0.950943,0,0]
[-0.939623,0,0]
[-0.928302,0,0]
[-0.916981,0,0]
[-0.90566,0,0]
[-0.89434,0,0]
[-0.883019,0,0]
[-0.871698,0,0]
[-0.860377,0,0]
[-0.849057,0,0]
[-0.837736,0,0]
[-0.826415,0,0]
[-0.815094,0,0]
[-0.803774,0,0]
[-0.792453,0,0]
[-0.781132,0,0]
[-0.769811,0,0]
[-0.758491,0,0]
[-0.74717,0,0]
[-0.735849,0,0]
[-0.724528,0,0]
[-0.713208,0,0]
[-0.701887,0,0]
[-0.690566,0,0]
[-0.679245,0,0]
[-0.667925,0,0]
[-0.656604,0,0]
[-0.645283,0,0]
[-0.633962,0,0]
[-0.622642,0,0]
[-0.611321,0,0]
[-0.6,0,0]
[-0.588679,0,0]
[-0.577358,0,0]
[-0.566038,0,0]
[-0.554717,0,0]
[-0.543396,0,0]
[-0.532075,0,0]
[-0.520755,0,0]
[-0.509434,0,0]
[-0.498113,0,0]
[-0.486792,0,0]
[-0.475472,0,0]
[-0.464151,0,0]
[-0.45283,0,0]
[-0.441509,0,0]
[-0.430189,0,0]
[-0.418868,0,0]
[-0.407547,0,0]
[-0.396226,0,0]
[-0.384906,0,0]
[-0.373585,0,0]
[-0.362264,0,0]
[-0.350943,0,0]
[-0.339623,0,0]
[-0.328302,0,0]
[-0.316981,0,0]
[-0.30566,0,0]
[-0.29434,0,0]
[-0.283019,0,0]
[-0.271698,0,0]
[-0.260377,0,0]
[-0.249057,0,0]
[-0.237736,0,0]
[-0.226415,0,0]
[-0.215094,0,0]
[-0.203774,0,0]
[-0.192453,0,0]
[-0.181132,0,0]
[-0.169811,0,0]
[-0.158491,0,0]
[-0.14717,0,0]
[-0.135849,0,0]
[-0.124528,0,0]
[-0.113208,0,0]
[-0.101887,0,0]
[-0.090566,0,0]
[-0.0792453,0,0]
[-0.0679245,0,0]
[-0.0566038,0,0]
[-0.045283,0,0]
[-0.0339623,0,0]
[-0.0226415,0,0]
[-0.0113208,0,0]
[0,0,0]
[1,0,0,0]
[1,0,0,0]
[1,0,0,0]
[1,0,0,0]
[1,0,0,0]
[1,0,0,0]
[1,0,0,0]
[1,0,0,0]
[1,0,0,0]
[1,0,0,0]
[1,0,0,0]
[1,0,0,0]
[1,0,0,0]
[1,0,0,0]
[1,0,0,0]
[1,0,0,0]
[1,0,0,0]
[1,0,0,0]
[1,0,0,0]
[1,0,0,0]
[1,0,0,0]
[1,0,0,0]
[1,0,0,0]
[1,0,0,0]
[1,0,0,0]
[1,0,0,0]
[1,0,0,0]
[1,0,0,0]
[1,0,0,0]
[1,0,0,0]
[1,0,0,0]
[1,0,0,0]
[1,0,0,0]
[1,0,0,0]
[1,0,0,0]
[1,0,0,0]
[1,0,0,0]
[1,0,0,0]
[1,0,0,0]
[1,0,0,0]
[1,0,0,0]
[1,0,0,0]
[1,0,0,0]
[1,0,0,0]
[1,0,0,0]
[1,0,0,0]
[1,0,0,0]
[1,0,0,0]
[1,0,0,0]
[1,0,0,0]
[1,0,0,0]
[1,0,0,0]
[1,0,0,0]
[1,0,0,0]
[1,0,0,0]
[1,0,0,0]
[1,0,0,0]
[1,0,0,0]
[1,0,0,0]
[1,0,0,0]
[1,0,0,0]
[1,0,0,0]
[1,0,0,0]
[1,0,0,0]
[1,0,0,0]
[1,0,0,0]
[1,0,0,0]
[1,0,0,0]
[1,0,0,0]
[1,0,0,0]
[1,0,0,0]
[1,0,0,0]
[1,0,0,0]
[1,0,0,0]
[1,0,0,0]
[1,0,0,0]
[1,0,0,0]
[1,0,0,0]
[1,0,0,0]
[1,0,0,0]
[1,0,0,0]
[1,0,0,0]
[1,0,0,0]
[1,0,0,0]
[1,0,0,0]
[1,0,0,0]
[1,0,0,0]
[1,0,0,0]
[1,0,0,0]
[1,0,0,0]
[1,0,0,0]
[1,0,0,0]
[1,0,0,0]
[1,0,0,0]
[1,0,0,0]
[1,0,0,0]
[1,0,0,0]
[1,0,0,0]
[1,0,0,0]
[1,0,0,0]
[1,0,0,0]
[1,0,0,0]
[1,0,0,0]
[1,0,0,0]
[1,0,0,0]
[1,0,0,0]
[1,0,0,0]
[1,0,0,0]
[1,0,0,0]
[1,0,0,0]
[1,0,0,0]
[1,0,0,0]
[1,0,0,0]
[1,0,0,0]
[1,0,0,0]
[1,0,0,0]
[1,0,0,0]
[1,0,0,0]
[1,0,0,0]
[1,0,0,0]
[1,0,0,0]
[1,0,0,0]
[1,0,0,0]
[1,0,0,0]
[1,0,0,0]
[1,0,0,0]
[1,0,0,0]
[1,0,0,0]
[1,0,0,0]
[1,0,0,0]
[1,0,0,0]
[1,0,0,0]
[1,0,0,0]
[1,0,0,0]
[1,0,0,0]
[1,0,0,0]
[1,0,0,0]
[1,0,0,0]
[1,0,0,0]
[1,0,0,0]
[1,0,0,0]
[1,0,0,0]
[1,0,0,0]
[1,0,0,0]
[1,0,0,0]
[1,0,0,0]
[1,0,0,0]
[1,0,0,0]
[1,0,0,0]
[1,0,0,0]
[1,0,0,0]
[1,0,0,0]
[1,0,0,0]
[1,0,0,0]
[1,0,0,0]
[1,0,0,0]
[1,0,0,0]
[1,0,0,0]
[1,0,0,0]
[1,0,0,0]
[1,0,0,0]
[1,0,0,0]
[1,0,0,0]
[1,0,0,0]
[1,0,0,0]
[1,0,0,0]
[1,0,0,0]
[1,0,0,0]
[1,0,0,0]
[1,0,0,0]
[1,0,0,0]
[1,0,0,0]
[1,0,0,0]
[1,0,0,0]
[1,0,0,0]
[1,0,0,0]
[1,0,0,0]
[1,0,0,0]
[1,0,0,0]
[1,0,0,0]
[1,0,0,0]
[1,0,0,0]
[1,0,0,0]
[1,0,0,0]
[1,0,0,0]
[1,0,0,0]
[1,0,0,0]
[1,0,0,0]
[1,0,0,0]
[1,0,0,0]
[1,0,0,0]
[1,0,0,0]
[1,0,0,0]
[1,0,0,0]
[1,0,0,0]
[1,0,0,0]
[1,0,0,0]
[1,0,0,0]
[1,0,0,0]
[1,0,0,0]
[1,0,0,0]
[1,0,0,0]
[1,0,0,0]
[1,0,0,0]
[1,0,0,0]
[1,0,0,0]
[1,0,0,0]
[1,0,0,0]
[1,0,0,0]
[1,0,0,0]
[1,0,0,0]
[1,0,0,0]
[1,0,0,0]
[1,0,0,0]
[1,0,0,0]
[1,0,0,0]
[1,0,0,0]
[1,0,0,0]
[1,0,0,0]
[1,0,0,0]
[1,0,0,0]
[1,0,0,0]
[1,0,0,0]
[1,0,0,0]
[1,0,0,0]
[1,0,0,0]
[1,0,0,0]
[1,0,0,0]
[1,0,0,0]
[1,0,0,0]
[1,0,0,0]
[1,0,0,0]
[1,0,0,0]
[1,0,0,0]
[1,0,0,0]
[1,0,0,0]
[1,0,0,0]
[1,0,0,0]
[1,0,0,0]
[1,0,0,0]
[1,0,0,0]
[1,0,0,0]
[1,0,0,0]
[1,0,0,0]
[1,0,0,0]
[1,0,0,0]
[1,0,0,0]
[1,0,0,0]
[1,0,0,0]
[1,0,0,0]
[1,0,0,0]
[1,0,0,0]
[1,0,0,0]
[1,0,0,0]
[1,0,0,0]
[1,0,0,0]
[1,0,0,0]
[1,0,0,0]
[1,0,0,0]
[1,0,0,0]
[1,0,0,0]
[1,0,0,0]
[1,0,0,0]
[1,0,0,0]
[1,0,0,0]
[1,0,0,0]
[1,0,0,0]
[1,0,0,0]
[1,0,0,0]
[1,0,0,0]
[1,0,0,0]
[1,0,0,0]
[1,0,0,0]
[1,0,0,0]
[1,0,0,0]
[1,0,0,0]
[1,0,0,0]
[1,0,0,0]
[1,0,0,0]
[1,0,0,0]
[1,0,0,0]
[1,0,0,0]
[1,0,0,0]
[1,0,0,0]
[1,0,0,0]
[1,0,0,0]
[1,0,0,0]
[1,0,0,0]
[1,0,0,0]
[1,0,0,0]
[1,0,0,0]
[1,0,0,0]
[1,0,0,0]
[1,0,0,0]
[1,0,0,0]
[1,0,0,0]
[1,0,0,0]
[1,0,0,0]
[1,0,0,0]
[1,0,0,0]
[1,0,0,0]
[1,0,0,0]
[1,0,0,0]
[1,0,0,0]
[1,0,0,0]
[1,0,0,0]
[1,0,0,0]
[1,0,0,0]
[1,0,0,0]
[1,0,0,0]
[1,0,0,0]
[1,0,0,0]
[1,0,0,0]
[1,0,0,0]
[1,0,0,0]
[1,0,0,0]
[1,0,0,0]
[1,0,0,0]
[1,0,0,0]
[1,0,0,0]
[1,0,0,0]
[1,0,0,0]
[1,0,0,0]
[1,0,0,0]
[1,0,0,0]
[1,0,0,0]
[1,0,0,0]
[1,0,0,0]
[1,0,0,0]
[1,0,0,0]
[1,0,0,0]
[1,0,0,0]
[1,0,0,0]
[1,0,0,0]
[1,0,0,0]
[1,0,0,0]
[1,0,0,0]
[1,0,0,0]
[1,0,0,0]
[1,0,0,0]
[1,0,0,0]
[1,0,0,0]
[1,0,0,0]
[1,0,0,0]
[1,0,0,0]
[1,0,0,0]
[1,0,0,0]
[1,0,0,0]
[1,0,0,0]
[1,0,0,0]
[1,0,0,0]
[1,0,0,0]
[1,0,0,0]
[1,0,0,0]
[1,0,0,0]
[1,0,0,0]
[1,0,0,0]
[1,0,0,0]
[1,0,0,0]
[1,0,0,0]
[1,0,0,0]
[1,0,0,0]
[1,0,0,0]
[1,0,0,0]
[1,0,0,0]
[1,0,0,0]
[1,0,0,0]
[1,0,0,0]
[1,0,0,0]
[1,0,0,0]
[1,0,0,0]
[1,0,0,0]
[1,0,0,0]
[1,0,0,0]
[1,0,0,0]
[1,0,0,0]
[1,0,0,0]
[1,0,0,0]
[1,0,0,0]
[1,0,0,0]
[1,0,0,0]
[1,0,0,0]
[1,0,0,0]
[1,0,0,0]
[1,0,0,0]
[1,0,0,0]
[1,0,0,0]
[1,0,0,0]
[1,0,0,0]
[1,0,0,0]
[1,0,0,0]
[1,0,0,0]
[1,0,0,0]
[1,0,0,0]
[1,0,0,0]
[1,0,0,0]
[1,0,0,0]
[1,0,0,0]
[1,0,0,0]
[1,0,0,0]
[1,0,0,0]
[1,0,0,0]
[1,0,0,0]
[1,0,0,0]
[1,0,0,0]
[1,0,0,0]
[1,0,0,0]
[1,0,0,0]
[1,0,0,0]
[1,0,0,0]
[1,0,0,0]
[1,0,0,0]
[1,0,0,0]
[1,0,0,0]
[1,0,0,0]
[1,0,0,0]
[1,0,0,0]
[1,0,0,0]
[1,0,0,0]
[1,0,0,0]
[1,0,0,0]
[1,0,0,0]
[1,0,0,0]
[1,0,0,0]
[1,0,0,0]
[1,0,0,0]
[1,0,0,0]
[1,0,0,0]
[1,0,0,0]
[1,0,0,0]
[1,0,0,0]
[1,0,0,0]
[1,0,0,0]
[1,0,0,0]
[1,0,0,0]
[1,0,0,0]
[1,0,0,0]
[1,0,0,0]
[1,0,0,0]
[1,0,0,0]
[1,0,0,0]
[1,0,0,0]
[1,0,0,0]
[1,0,0,0]
[1,0,0,0]
[1,0,0,0]
[1,0,0,0]
[1,0,0,0]
[1,0,0,0]
[1,0,0,0]
[1,0,0,0]
[1,0,0,0]
[1,0,0,0]
[1,0,0,0]
[1,0,0,0]
[1,0,0,0]
[1,0,0,0]
[1,0,0,0]
[1,0,0,0]
[1,0,0,0]
[1,0,0,0]
[1,0,0,0]
[1,0,0,0]
[1,0,0,0]
[1,0,0,0]
[1,0,0,0]
[1,0,0,0]
[1,0,0,0]
[1,0,0,0]
[1,0,0,0]
[1,0,0,0]
[1,0,0,0]
[1,0,0,0]
[1,0,0,0]
[1,0,0,0]
[1,0,0,0]
[1,0,0,0]
[1,0,0,0]
[1,0,0,0]
[1,0,0,0]
[1,0,0,0]
[1,0,0,0]
[1,0,0,0]
[1,0,0,0]
[1,0,0,0]
[1,0,0,0]
[1,0,0,0]
[1,0,0,0]
[1,0,0,0]
[1,0,0,0]
[1,0,0,0]
[1,0,0,0]
[1,0,0,0]
[1,0,0,0]
[1,0,0,0]
[1,0,0,0]
[1,0,0,0]
[1,0,0,0]
[1,0,0,0]
[1,0,0,0]
[1,0,0,0]
[1,0,0,0]
[1,0,0,0]
[1,0,0,0]
[1,0,0,0]
[1,0,0,0]
[1,0,0,0]
[1,0,0,0]
[1,0,0,0]
[1,0,0,0]
[1,0,0,0]
[1,0,0,0]
[1,0,0,0]
[1,0,0,0]
[1,0,0,0]
[1,0,0,0]
[1,0,0,0]
[1,0,0,0]
[1,0,0,0]
[1,0,0,0]
[1,0,0,0]
[1,0,0,0]
[1,0,0,0]
[1,0,0,0]
[1,0,0,0]
[1,0,0,0]
[1,0,0,0]
[1,0,0,0]
[1,0,0,0]
[1,0,0,0]
