470
10
[-5.98723,0,0]
[-5.97447,0,0]
[-5.9617,0,0]
[-5.94894,0,0]
[-5.93617,0,0]
[-5.9234,0,0]
[-5.91064,0,0]
[-5.89787,0,0]
[-5.88511,0,0]
[-5.87234,0,0]
[-5.85957,0,0]
[-5.84681,0,0]
[-5.83404,0,0]
[-5.82128,0,0]
[-5.80851,0,0]
[-5.79574,0,0]
[-5.78298,0,0]
[-5.77021,0,0]
[-5.75745,0,0]
[-5.74468,0,0]
[-5.73191,0,0]
[-5.71915,0,0]
[-5.70638,0,0]
[-5.69362,0,0]
[-5.68085,0,0]
[-5.66809,0,0]
[-5.65532,0,0]
[-5.64255,0,0]
[-5.62979,0,0]
[-5.61702,0,0]
[-5.60426,0,0]
[-5.59149,0,0]
[-5.57872,0,0]
[-5.56596,0,0]
[-5.55319,0,0]
[-5.54043,0,0]
[-5.52766,0,0]
[-5.51489,0,0]
[-5.50213,0,0]
[-5.48936,0,0]
[-5.4766,0,0]
[-5.46383,0,0]
[-5.45106,0,0]
[-5.4383,0,0]
[-5.42553,0,0]
[-5.41277,0,0]
[-5.4,0,0]
[-5.38723,0,0]
[-5.37447,0,0]
[-5.3617,0,0]
[-5.34894,0,0]
[-5.33617,0,0]
[-5.3234,0,0]
[-5.31064,0,0]
[-5.29787,0,0]
[-5.28511,0,0]
[-5.27234,0,0]
[-5.25957,0,0]
[-5.24681,0,0]
[-5.23404,0,0]
[-5.22128,0,0]
[-5.20851,0,0]
[-5.19574,0,0]
[-5.18298,0,0]
[-5.17021,0,0]
[-5.15745,0,0]
[-5.14468,0,0]
[-5.13191,0,0]
[-5.11915,0,0]
[-5.10638,0,0]
[-5.09362,0,0]
[-5.08085,0,0]
[-5.06809,0,0]
[-5.05532,0,0]
[-5.04255,0,0]
[-5.02979,0,0]
[-5.01702,0,0]
[-5.00426,0,0]
[-4.99149,0,0]
[-4.97872,0,0]
[-4.96596,0,0]
[-4.95319,0,0]
[-4.94043,0,0]
[-4.92766,0,0]
[-4.91489,0,0]
[-4.90213,0,0]
[-4.88936,0,0]
[-4.8766,0,0]
[-4.86383,0,0]
[-4.85106,0,0]
[-4.8383,0,0]
[-4.82553,0,0]
[-4.81277,0,0]
[-4.8,0,0]
[-4.78723,0,0]
[-4.77447,0,0]
[-4.7617,0,0]
[-4.74894,0,0]
[-4.73617,0,0]
[-4.7234,0,0]
[-4.71064,0,0]
[-4.69787,0,0]
[-4.68511,0,0]
[-4.67234,0,0]
[-4.65957,0,0]
[-4.64681,0,0]
[-4.63404,0,0]
[-4.62128,0,0]
[-4.60851,0,0]
[-4.59574,0,0]
[-4.58298,0,0]
[-4.57021,0,0]
[-4.55745,0,0]
[-4.54468,0,0]
[-4.53191,0,0]
[-4.51915,0,0]
[-4.50638,0,0]
[-4.49362,0,0]
[-4.48085,0,0]
[-4.46809,0,0]
[-4.45532,0,0]
[-4.44255,0,0]
[-4.42979,0,0]
[-4.41702,0,0]
[-4.40426,0,0]
[-4.39149,0,0]
[-4.37872,0,0]
[-4.36596,0,0]
[-4.35319,0,0]
[-4.34043,0,0]
[-4.32766,0,0]
[-4.31489,0,0]
[-4.30213,0,0]
[-4.28936,0,0]
[-4.2766,0,0]
[-4.26383,0,0]
[-4.25106,0,0]
[-4.2383,0,0]
[-4.22553,0,0]
[-4.21277,0,0]
[-4.2,0,0]
[-4.18723,0,0]
[-4.17447,0,0]
[-4.1617,0,0]
[-4.14894,0,0]
[-4.13617,0,0]
[-4.1234,0,0]
[-4.11064,0,0]
[-4.09787,0,0]
[-4.08511,0,0]
[-4.07234,0,0]
[-4.05957,0,0]
[-4.04681,0,0]
[-4.03404,0,0]
[-4.02128,0,0]
[-4.00851,0,0]
[-3.99574,0,0]
[-3.98298,0,0]
[-3.97021,0,0]
[-3.95745,0,0]
[-3.94468,0,0]
[-3.93191,0,0]
[-3.91915,0,0]
[-3.90638,0,0]
[-3.89362,0,0]
[-3.88085,0,0]
[-3.86809,0,0]
[-3.85532,0,0]
[-3.84255,0,0]
[-3.82979,0,0]
[-3.81702,0,0]
[-3.80426,0,0]
[-3.79149,0,0]
[-3.77872,0,0]
[-3.76596,0,0]
[-3.75319,0,0]
[-3.74043,0,0]
[-3.72766,0,0]
[-3.71489,0,0]
[-3.70213,0,0]
[-3.68936,0,0]
[-3.6766,0,0]
[-3.66383,0,0]
[-3.65106,0,0]
[-3.6383,0,0]
[-3.62553,0,0]
[-3.61277,0,0]
[-3.6,0,0]
[-3.58723,0,0]
[-3.57447,0,0]
[-3.5617,0,0]
[-3.54894,0,0]
[-3.53617,0,0]
[-3.5234,0,0]
[-3.51064,0,0]
[-3.49787,0,0]
[-3.48511,0,0]
[-3.47234,0,0]
[-3.45957,0,0]
[-3.44681,0,0]
[-3.43404,0,0]
[-3.42128,0,0]
[-3.40851,0,0]
[-3.39574,0,0]
[-3.38298,0,0]
[-3.37021,0,0]
[-3.35745,0,0]
[-3.34468,0,0]
[-3.33191,0,0]
[-3.31915,0,0]
[-3.30638,0,0]
[-3.29362,0,0]
[-3.28085,0,0]
[-3.26809,0,0]
[-3.25532,0,0]
[-3.24255,0,0]
[-3.22979,0,0]
[-3.21702,0,0]
[-3.20426,0,0]
[-3.19149,0,0]
[-3.17872,0,0]
[-3.16596,0,0]
[-3.15319,0,0]
[-3.14043,0,0]
[-3.12766,0,0]
[-3.11489,0,0]
[-3.10213,0,0]
[-3.08936,0,0]
[-3.0766,0,0]
[-3.06383,0,0]
[-3.05106,0,0]
[-3.0383,0,0]
[-3.02553,0,0]
[-3.01277,0,0]
[-3,0,0]
[-2.98723,0,0]
[-2.97447,0,0]
[-2.9617,0,0]
[-2.94894,0,0]
[-2.93617,0,0]
[-2.9234,0,0]
[-2.91064,0,0]
[-2.89787,0,0]
[-2.88511,0,0]
[-2.87234,0,0]
[-2.85957,0,0]
[-2.84681,0,0]
[-2.83404,0,0]
[-2.82128,0,0]
[-2.80851,0,0]
[-2.79574,0,0]
[-2.78298,0,0]
[-2.77021,0,0]
[-2.75745,0,0]
[-2.74468,0,0]
[-2.73191,0,0]
[-2.71915,0,0]
[-2.70638,0,0]
[-2.69362,0,0]
[-2.68085,0,0]
[-2.66809,0,0]
[-2.65532,0,0]
[-2.64255,0,0]
[-2.62979,0,0]
[-2.61702,0,0]
[-2.60426,0,0]
[-2.59149,0,0]
[-2.57872,0,0]
[-2.56596,0,0]
[-2.55319,0,0]
[-2.54043,0,0]
[-2.52766,0,0]
[-2.51489,0,0]
[-2.50213,0,0]
[-2.48936,0,0]
[-2.4766,0,0]
[-2.46383,0,0]
[-2.45106,0,0]
[-2.4383,0,0]
[-2.42553,0,0]
[-2.41277,0,0]
[-2.4,0,0]
[-2.38723,0,0]
[-2.37447,0,0]
[-2.3617,0,0]
[-2.34894,0,0]
[-2.33617,0,0]
[-2.3234,0,0]
[-2.31064,0,0]
[-2.29787,0,0]
[-2.28511,0,0]
[-2.27234,0,0]
[-2.25957,0,0]
[-2.24681,0,0]
[-2.23404,0,0]
[-2.22128,0,0]
[-2.20851,0,0]
[-2.19574,0,0]
[-2.18298,0,0]
[-2.17021,0,0]
[-2.15745,0,0]
[-2.14468,0,0]
[-2.13191,0,0]
[-2.11915,0,0]
[-2.10638,0,0]
[-2.09362,0,0]
[-2.08085,0,0]
[-2.06809,0,0]
[-2.05532,0,0]
[-2.04255,0,0]
[-2.02979,0,0]
[-2.01702,0,0]
[-2.00426,0,0]
[-1.99149,0,0]
[-1.97872,0,0]
[-1.96596,0,0]
[-1.95319,0,0]
[-1.94043,0,0]
[-1.92766,0,0]
[-1.91489,0,0]
[-1.90213,0,0]
[-1.88936,0,0]
[-1.8766,0,0]
[-1.86383,0,0]
[-1.85106,0,0]
[-1.8383,0,0]
[-1.82553,0,0]
[-1.81277,0,0]
[-1.8,0,0]
[-1.78723,0,0]
[-1.77447,0,0]
[-1.7617,0,0]
[-1.74894,0,0]
[-1.73617,0,0]
[-1.7234,0,0]
[-1.71064,0,0]
[-1.69787,0,0]
[-1.68511,0,0]
[-1.67234,0,0]
[-1.65957,0,0]
[-1.64681,0,0]
[-1.63404,0,0]
[-1.62128,0,0]
[-1.60851,0,0]
[-1.59574,0,0]
[-1.58298,0,0]
[-1.57021,0,0]
[-1.55745,0,0]
[-1.54468,0,0]
[-1.53191,0,0]
[-1.51915,0,0]
[-1.50638,0,0]
[-1.49362,0,0]
[-1.48085,0,0]
[-1.46809,0,0]
[-1.45532,0,0]
[-1.44255,0,0]
[-1.42979,0,0]
[-1.41702,0,0]
[-1.40426,0,0]
[-1.39149,0,0]
[-1.37872,0,0]
[-1.36596,0,0]
[-1.35319,0,0]
[-1.34043,0,0]
[-1.32766,0,0]
[-1.31489,0,0]
[-1.30213,0,0]
[-1.28936,0,0]
[-1.2766,0,0]
[-1.26383,0,0]
[-1.25106,0,0]
[-1.2383,0,0]
[-1.22553,0,0]
[-1.21277,0,0]
[-1.2,0,0]
[-1.18723,0,0]
[-1.17447,0,0]
[-1.1617,0,0]
[-1.14894,0,0]
[-1.13617,0,0]
[-1.1234,0,0]
[-1.11064,0,0]
[-1.09787,0,0]
[-1.08511,0,0]
[-1.07234,0,0]
[-1.05957,0,0]
[-1.04681,0,0]
[-1.03404,0,0]
[-1.02128,0,0]
[-1.00851,0,0]
[-0.995745,0,0]
[-0.982979,0,0]
[-0.970213,0,0]
[-0.957447,0,0]
[-0.944681,0,0]
[-0.931915,0,0]
[-0.919149,0,0]
[-0.906383,0,0]
[-0.893617,0,0]
[-0.880851,0,0]
[-0.868085,0,0]
[-0.855319,0,0]
[-0.842553,0,0]
[-0.829787,0,0]
[-0.817021,0,0]
[-0.804255,0,0]
[-0.791489,0,0]
[-0.778723,0,0]
[-0.765957,0,0]
[-0.753191,0,0]
[-0.740426,0,0]
[-0.72766,0,0]
[-0.714894,0,0]
[-0.702128,0,0]
[-0.689362,0,0]
[-0.676596,0,0]
[-0.66383,0,0]
[-0.651064,0,0]
[-0.638298,0,0]
[-0.625532,0,0]
[-0.612766,0,0]
[-0.6,0,0]
[-0.587234,0,0]
[-0.574468,0,0]
[-0.561702,0,0]
[-0.548936,0,0]
[-0.53617,0,0]
[-0.523404,0,0]
[-0.510638,0,0]
[-0.497872,0,0]
[-0.485106,0,0]
[-0.47234,0,0]
[-0.459574,0,0]
[-0.446809,0,0]
[-0.434043,0,0]
[-0.421277,0,0]
[-0.408511,0,0]
[-0.395745,0,0]
[-0.382979,0,0]
[-0.370213,0,0]
[-0.357447,0,0]
[-0.344681,0,0]
[-0.331915,0,0]
[-0.319149,0,0]
[-0.306383,0,0]
[-0.293617,0,0]
[-0.280851,0,0]
[-0.268085,0,0]
[-0.255319,0,0]
[-0.242553,0,0]
[-0.229787,0,0]
[-0.217021,0,0]
[-0.204255,0,0]
[-0.191489,0,0]
[-0.178723,0,0]
[-0.165957,0,0]
[-0.153191,0,0]
[-0.140426,0,0]
[-0.12766,0,0]
[-0.114894,0,0]
[-0.102128,0,0]
[-0.0893617,0,0]
[-0.0765957,0,0]
[-0.0638298,0,0]
[-0.0510638,0,0]
[-0.0382979,0,0]
[-0.0255319,0,0]
[-0.012766,0,0]
[0,0,0]
[1,0,0,0]
[1,0,0,0]
[1,0,0,0]
[1,0,0,0]
[1,0,0,0]
[1,0,0,0]
[1,0,0,0]
[1,0,0,0]
[1,0,0,0]
[1,0,0,0]
[1,0,0,0]
[1,0,0,0]
[1,0,0,0]
[1,0,0,0]
[1,0,0,0]
[1,0,0,0]
[1,0,0,0]
[1,0,0,0]
[1,0,0,0]
[1,0,0,0]
[1,0,0,0]
[1,0,0,0]
[1,0,0,0]
[1,0,0,0]
[1,0,0,0]
[1,0,0,0]
[1,0,0,0]
[1,0,0,0]
[1,0,0,0]
[1,0,0,0]
[1,0,0,0]
[1,0,0,0]
[1,0,0,0]
[1,0,0,0]
[1,0,0,0]
[1,0,0,0]
[1,0,0,0]
[1,0,0,0]
[1,0,0,0]
[1,0,0,0]
[1,0,0,0]
[1,0,0,0]
[1,0,0,0]
[1,0,0,0]
[1,0,0,0]
[1,0,0,0]
[1,0,0,0]
[1,0,0,0]
[1,0,0,0]
[1,0,0,0]
[1,0,0,0]
[1,0,0,0]
[1,0,0,0]
[1,0,0,0]
[1,0,0,0]
[1,0,0,0]
[1,0,0,0]
[1,0,0,0]
[1,0,0,0]
[1,0,0,0]
[1,0,0,0]
[1,0,0,0]
[1,0,0,0]
[1,0,0,0]
[1,0,0,0]
[1,0,0,0]
[1,0,0,0]
[1,0,0,0]
[1,0,0,0]
[1,0,0,0]
[1,0,0,0]
[1,0,0,0]
[1,0,0,0]
[1,0,0,0]
[1,0,0,0]
[1,0,0,0]
[1,0,0,0]
[1,0,0,0]
[1,0,0,0]
[1,0,0,0]
[1,0,0,0]
[1,0,0,0]
[1,0,0,0]
[1,0,0,0]
[1,0,0,0]
[1,0,0,0]
[1,0,0,0]
[1,0,0,0]
[1,0,0,0]
[1,0,0,0]
[1,0,0,0]
[1,0,0,0]
[1,0,0,0]
[1,0,0,0]
[1,0,0,0]
[1,0,0,0]
[1,0,0,0]
[1,0,0,0]
[1,0,0,0]
[1,0,0,0]
[1,0,0,0]
[1,0,0,0]
[1,0,0,0]
[1,0,0,0]
[1,0,0,0]
[1,0,0,0]
[1,0,0,0]
[1,0,0,0]
[1,0,0,0]
[1,0,0,0]
[1,0,0,0]
[1,0,0,0]
[1,0,0,0]
[1,0,0,0]
[1,0,0,0]
[1,0,0,0]
[1,0,0,0]
[1,0,0,0]
[1,0,0,0]
[1,0,0,0]
[1,0,0,0]
[1,0,0,0]
[1,0,0,0]
[1,0,0,0]
[1,0,0,0]
[1,0,0,0]
[1,0,0,0]
[1,0,0,0]
[1,0,0,0]
[1,0,0,0]
[1,0,0,0]
[1,0,0,0]
[1,0,0,0]
[1,0,0,0]
[1,0,0,0]
[1,0,0,0]
[1,0,0,0]
[1,0,0,0]
[1,0,0,0]
[1,0,0,0]
[1,0,0,0]
[1,0,0,0]
[1,0,0,0]
[1,0,0,0]
[1,0,0,0]
[1,0,0,0]
[1,0,0,0]
[1,0,0,0]
[1,0,0,0]
[1,0,0,0]
[1,0,0,0]
[1,0,0,0]
[1,0,0,0]
[1,0,0,0]
[1,0,0,0]
[1,0,0,0]
[1,0,0,0]
[1,0,0,0]
[1,0,0,0]
[1,0,0,0]
[1,0,0,0]
[1,0,0,0]
[1,0,0,0]
[1,0,0,0]
[1,0,0,0]
[1,0,0,0]
[1,0,0,0]
[1,0,0,0]
[1,0,0,0]
[1,0,0,0]
[1,0,0,0]
[1,0,0,0]
[1,0,0,0]
[1,0,0,0]
[1,0,0,0]
[1,0,0,0]
[1,0,0,0]
[1,0,0,0]
[1,0,0,0]
[1,0,0,0]
[1,0,0,0]
[1,0,0,0]
[1,0,0,0]
[1,0,0,0]
[1,0,0,0]
[1,0,0,0]
[1,0,0,0]
[1,0,0,0]
[1,0,0,0]
[1,0,0,0]
[1,0,0,0]
[1,0,0,0]
[1,0,0,0]
[1,0,0,0]
[1,0,0,0]
[1,0,0,0]
[1,0,0,0]
[1,0,0,0]
[1,0,0,0]
[1,0,0,0]
[1,0,0,0]
[1,0,0,0]
[1,0,0,0]
[1,0,0,0]
[1,0,0,0]
[1,0,0,0]
[1,0,0,0]
[1,0,0,0]
[1,0,0,0]
[1,0,0,0]
[1,0,0,0]
[1,0,0,0]
[1,0,0,0]
[1,0,0,0]
[1,0,0,0]
[1,0,0,0]
[1,0,0,0]
[1,0,0,0]
[1,0,0,0]
[1,0,0,0]
[1,0,0,0]
[1,0,0,0]
[1,0,0,0]
[1,0,0,0]
[1,0,0,0]
[1,0,0,0]
[1,0,0,0]
[1,0,0,0]
[1,0,0,0]
[1,0,0,0]
[1,0,0,0]
[1,0,0,0]
[1,0,0,0]
[1,0,0,0]
[1,0,0,0]
[1,0,0,0]
[1,0,0,0]
[1,0,0,0]
[1,0,0,0]
[1,0,0,0]
[1,0,0,0]
[1,0,0,0]
[1,0,0,0]
[1,0,0,0]
[1,0,0,0]
[1,0,0,0]
[1,0,0,0]
[1,0,0,0]
[1,0,0,0]
[1,0,0,0]
[1,0,0,0]
[1,0,0,0]
[1,0,0,0]
[1,0,0,0]
[1,0,0,0]
[1,0,0,0]
[1,0,0,0]
[1,0,0,0]
[1,0,0,0]
[1,0,0,0]
[1,0,0,0]
[1,0,0,0]
[1,0,0,0]
[1,0,0,0]
[1,0,0,0]
[1,0,0,0]
[1,0,0,0]
[1,0,0,0]
[1,0,0,0]
[1,0,0,0]
[1,0,0,0]
[1,0,0,0]
[1,0,0,0]
[1,0,0,0]
[1,0,0,0]
[1,0,0,0]
[1,0,0,0]
[1,0,0,0]
[1,0,0,0]
[1,0,0,0]
[1,0,0,0]
[1,0,0,0]
[1,0,0,0]
[1,0,0,0]
[1,0,0,0]
[1,0,0,0]
[1,0,0,0]
[1,0,0,0]
[1,0,0,0]
[1,0,0,0]
[1,0,0,0]
[1,0,0,0]
[1,0,0,0]
[1,0,0,0]
[1,0,0,0]
[1,0,0,0]
[1,0,0,0]
[1,0,0,0]
[1,0,0,0]
[1,0,0,0]
[1,0,0,0]
[1,0,0,0]
[1,0,0,0]
[1,0,0,0]
[1,0,0,0]
[1,0,0,0]
[1,0,0,0]
[1,0,0,0]
[1,0,0,0]
[1,0,0,0]
[1,0,0,0]
[1,0,0,0]
[1,0,0,0]
[1,0,0,0]
[1,0,0,0]
[1,0,0,0]
[1,0,0,0]
[1,0,0,0]
[1,0,0,0]
[1,0,0,0]
[1,0,0,0]
[1,0,0,0]
[1,0,0,0]
[1,0,0,0]
[1,0,0,0]
[1,0,0,0]
[1,0,0,0]
[1,0,0,0]
[1,0,0,0]
[1,0,0,0]
[1,0,0,0]
[1,0,0,0]
[1,0,0,0]
[1,0,0,0]
[1,0,0,0]
[1,0,0,0]
[1,0,0,0]
[1,0,0,0]
[1,0,0,0]
[1,0,0,0]
[1,0,0,0]
[1,0,0,0]
[1,0,0,0]
[1,0,0,0]
[1,0,0,0]
[1,0,0,0]
[1,0,0,0]
[1,0,0,0]
[1,0,0,0]
[1,0,0,0]
[1,0,0,0]
[1,0,0,0]
[1,0,0,0]
[1,0,0,0]
[1,0,0,0]
[1,0,0,0]
[1,0,0,0]
[1,0,0,0]
[1,0,0,0]
[1,0,0,0]
[1,0,0,0]
[1,0,0,0]
[1,0,0,0]
[1,0,0,0]
[1,0,0,0]
[1,0,0,0]
[1,0,0,0]
[1,0,0,0]
[1,0,0,0]
[1,0,0,0]
[1,0,0,0]
[1,0,0,0]
[1,0,0,0]
[1,0,0,0]
[1,0,0,0]
[1,0,0,0]
[1,0,0,0]
[1,0,0,0]
[1,0,0,0]
[1,0,0,0]
[1,0,0,0]
[1,0,0,0]
[1,0,0,0]
[1,0,0,0]
[1,0,0,0]
[1,0,0,0]
[1,0,0,0]
[1,0,0,0]
[1,0,0,0]
[1,0,0,0]
[1,0,0,0]
[1,0,0,0]
[1,0,0,0]
[1,0,0,0]
[1,0,0,0]
[1,0,0,0]
[1,0,0,0]
[1,0,0,0]
[1,0,0,0]
[1,0,0,0]
[1,0,0,0]
[1,0,0,0]
[1,0,0,0]
[1,0,0,0]
[1,0,0,0]
[1,0,0,0]
[1,0,0,0]
[1,0,0,0]
[1,0,0,0]
[1,0,0,0]
[1,0,0,0]
[1,0,0,0]
[1,0,0,0]
[1,0,0,0]
[1,0,0,0]
[1,0,0,0]
[1,0,0,0]
[1,0,0,0]
[1,0,0,0]
[1,0,0,0]
[1,0,0,0]
[1,0,0,0]
[1,0,0,0]
[1,0,0,0]
[1,0,0,0]
[1,0,0,0]
[1,0,0,0]
[1,0,0,0]
[1,0,0,0]
[1,0,0,0]
[1,0,0,0]
[1,0,0,0]
[1,0,0,0]
[1,0,0,0]
[1,0,0,0]
[1,0,0,0]
[1,0,0,0]
[1,0,0,0]
[1,0,0,0]
[1,0,0,0]
[1,0,0,0]
[1,0,0,0]
[1,0,0,0]
[1,0,0,0]
[1,0,0,0]
[1,0,0,0]
[1,0,0,0]
[1,0,0,0]
[1,0,0,0]
[1,0,0,0]
[1,0,0,0]
[1,0,0,0]
[1,0,0,0]
[1,0,0,0]
[1,0,0,0]
[1,0,0,0]
[1,0,0,0]
[1,0,0,0]
[1,0,0,0]
[1,0,0,0]
[1,0,0,0]
[1,0,0,0]
[1,0,0,0]
[1,0,0,0]
[1,0,0,0]
[1,0,0,0]
[1,0,0,0]
[1,0,0,0]
[1,0,0,0]
[1,0,0,0]
