1030
10
[-5.99417,0,0]
[-5.98835,0,0]
[-5.98252,0,0]
[-5.9767,0,0]
[-5.97087,0,0]
[-5.96505,0,0]
[-5.95922,0,0]
[-5.9534,0,0]
[-5.94757,0,0]
[-5.94175,0,0]
[-5.93592,0,0]
[-5.9301,0,0]
[-5.92427,0,0]
[-5.91845,0,0]
[-5.91262,0,0]
[-5.9068,0,0]
[-5.90097,0,0]
[-5.89515,0,0]
[-5.88932,0,0]
[-5.8835,0,0]
[-5.87767,0,0]
[-5.87184,0,0]
[-5.86602,0,0]
[-5.86019,0,0]
[-5.85437,0,0]
[-5.84854,0,0]
[-5.84272,0,0]
[-5.83689,0,0]
[-5.83107,0,0]
[-5.82524,0,0]
[-5.81942,0,0]
[-5.81359,0,0]
[-5.80777,0,0]
[-5.80194,0,0]
[-5.79612,0,0]
[-5.79029,0,0]
[-5.78447,0,0]
[-5.77864,0,0]
[-5.77282,0,0]
[-5.76699,0,0]
[-5.76117,0,0]
[-5.75534,0,0]
[-5.74951,0,0]
[-5.74369,0,0]
[-5.73786,0,0]
[-5.73204,0,0]
[-5.72621,0,0]
[-5.72039,0,0]
[-5.71456,0,0]
[-5.70874,0,0]
[-5.70291,0,0]
[-5.69709,0,0]
[-5.69126,0,0]
[-5.68544,0,0]
[-5.67961,0,0]
[-5.67379,0,0]
[-5.66796,0,0]
[-5.66214,0,0]
[-5.65631,0,0]
[-5.65049,0,0]
[-5.64466,0,0]
[-5.63883,0,0]
[-5.63301,0,0]
[-5.62718,0,0]
[-5.62136,0,0]
[-5.61553,0,0]
[-5.60971,0,0]
[-5.60388,0,0]
[-5.59806,0,0]
[-5.59223,0,0]
[-5.58641,0,0]
[-5.58058,0,0]
[-5.57476,0,0]
[-5.56893,0,0]
[-5.56311,0,0]
[-5.55728,0,0]
[-5.55146,0,0]
[-5.54563,0,0]
[-5.53981,0,0]
[-5.53398,0,0]
[-5.52816,0,0]
[-5.52233,0,0]
[-5.5165,0,0]
[-5.51068,0,0]
[-5.50485,0,0]
[-5.49903,0,0]
[-5.4932,0,0]
[-5.48738,0,0]
[-5.48155,0,0]
[-5.47573,0,0]
[-5.4699,0,0]
[-5.46408,0,0]
[-5.45825,0,0]
[-5.45243,0,0]
[-5.4466,0,0]
[-5.44078,0,0]
[-5.43495,0,0]
[-5.42913,0,0]
[-5.4233,0,0]
[-5.41748,0,0]
[-5.41165,0,0]
[-5.40583,0,0]
[-5.4,0,0]
[-5.39417,0,0]
[-5.38835,0,0]
[-5.38252,0,0]
[-5.3767,0,0]
[-5.37087,0,0]
[-5.36505,0,0]
[-5.35922,0,0]
[-5.3534,0,0]
[-5.34757,0,0]
[-5.34175,0,0]
[-5.33592,0,0]
[-5.3301,0,0]
[-5.32427,0,0]
[-5.31845,0,0]
[-5.31262,0,0]
[-5.3068,0,0]
[-5.30097,0,0]
[-5.29515,0,0]
[-5.28932,0,0]
[-5.2835,0,0]
[-5.27767,0,0]
[-5.27184,0,0]
[-5.26602,0,0]
[-5.26019,0,0]
[-5.25437,0,0]
[-5.24854,0,0]
[-5.24272,0,0]
[-5.23689,0,0]
[-5.23107,0,0]
[-5.22524,0,0]
[-5.21942,0,0]
[-5.21359,0,0]
[-5.20777,0,0]
[-5.20194,0,0]
[-5.19612,0,0]
[-5.19029,0,0]
[-5.18447,0,0]
[-5.17864,0,0]
[-5.17282,0,0]
[-5.16699,0,0]
[-5.16117,0,0]
[-5.15534,0,0]
[-5.14951,0,0]
[-5.14369,0,0]
[-5.13786,0,0]
[-5.13204,0,0]
[-5.12621,0,0]
[-5.12039,0,0]
[-5.11456,0,0]
[-5.10874,0,0]
[-5.10291,0,0]
[-5.09709,0,0]
[-5.09126,0,0]
[-5.08544,0,0]
[-5.07961,0,0]
[-5.07379,0,0]
[-5.06796,0,0]
[-5.06214,0,0]
[-5.05631,0,0]
[-5.05049,0,0]
[-5.04466,0,0]
[-5.03883,0,0]
[-5.03301,0,0]
[-5.02718,0,0]
[-5.02136,0,0]
[-5.01553,0,0]
[-5.00971,0,0]
[-5.00388,0,0]
[-4.99806,0,0]
[-4.99223,0,0]
[-4.98641,0,0]
[-4.98058,0,0]
[-4.97476,0,0]
[-4.96893,0,0]
[-4.96311,0,0]
[-4.95728,0,0]
[-4.95146,0,0]
[-4.94563,0,0]
[-4.93981,0,0]
[-4.93398,0,0]
[-4.92816,0,0]
[-4.92233,0,0]
[-4.9165,0,0]
[-4.91068,0,0]
[-4.90485,0,0]
[-4.89903,0,0]
[-4.8932,0,0]
[-4.88738,0,0]
[-4.88155,0,0]
[-4.87573,0,0]
[-4.8699,0,0]
[-4.86408,0,0]
[-4.85825,0,0]
[-4.85243,0,0]
[-4.8466,0,0]
[-4.84078,0,0]
[-4.83495,0,0]
[-4.82913,0,0]
[-4.8233,0,0]
[-4.81748,0,0]
[-4.81165,0,0]
[-4.80583,0,0]
[-4.8,0,0]
[-4.79417,0,0]
[-4.78835,0,0]
[-4.78252,0,0]
[-4.7767,0,0]
[-4.77087,0,0]
[-4.76505,0,0]
[-4.75922,0,0]
[-4.7534,0,0]
[-4.74757,0,0]
[-4.74175,0,0]
[-4.73592,0,0]
[-4.7301,0,0]
[-4.72427,0,0]
[-4.71845,0,0]
[-4.71262,0,0]
[-4.7068,0,0]
[-4.70097,0,0]
[-4.69515,0,0]
[-4.68932,0,0]
[-4.6835,0,0]
[-4.67767,0,0]
[-4.67184,0,0]
[-4.66602,0,0]
[-4.66019,0,0]
[-4.65437,0,0]
[-4.64854,0,0]
[-4.64272,0,0]
[-4.63689,0,0]
[-4.63107,0,0]
[-4.62524,0,0]
[-4.61942,0,0]
[-4.61359,0,0]
[-4.60777,0,0]
[-4.60194,0,0]
[-4.59612,0,0]
[-4.59029,0,0]
[-4.58447,0,0]
[-4.57864,0,0]
[-4.57282,0,0]
[-4.56699,0,0]
[-4.56117,0,0]
[-4.55534,0,0]
[-4.54951,0,0]
[-4.54369,0,0]
[-4.53786,0,0]
[-4.53204,0,0]
[-4.52621,0,0]
[-4.52039,0,0]
[-4.51456,0,0]
[-4.50874,0,0]
[-4.50291,0,0]
[-4.49709,0,0]
[-4.49126,0,0]
[-4.48544,0,0]
[-4.47961,0,0]
[-4.47379,0,0]
[-4.46796,0,0]
[-4.46214,0,0]
[-4.45631,0,0]
[-4.45049,0,0]
[-4.44466,0,0]
[-4.43883,0,0]
[-4.43301,0,0]
[-4.42718,0,0]
[-4.42136,0,0]
[-4.41553,0,0]
[-4.40971,0,0]
[-4.40388,0,0]
[-4.39806,0,0]
[-4.39223,0,0]
[-4.38641,0,0]
[-4.38058,0,0]
[-4.37476,0,0]
[-4.36893,0,0]
[-4.36311,0,0]
[-4.35728,0,0]
[-4.35146,0,0]
[-4.34563,0,0]
[-4.33981,0,0]
[-4.33398,0,0]
[-4.32816,0,0]
[-4.32233,0,0]
[-4.3165,0,0]
[-4.31068,0,0]
[-4.30485,0,0]
[-4.29903,0,0]
[-4.2932,0,0]
[-4.28738,0,0]
[-4.28155,0,0]
[-4.27573,0,0]
[-4.2699,0,0]
[-4.26408,0,0]
[-4.25825,0,0]
[-4.25243,0,0]
[-4.2466,0,0]
[-4.24078,0,0]
[-4.23495,0,0]
[-4.22913,0,0]
[-4.2233,0,0]
[-4.21748,0,0]
[-4.21165,0,0]
[-4.20583,0,0]
[-4.2,0,0]
[-4.19417,0,0]
[-4.18835,0,0]
[-4.18252,0,0]
[-4.1767,0,0]
[-4.17087,0,0]
[-4.16505,0,0]
[-4.15922,0,0]
[-4.1534,0,0]
[-4.14757,0,0]
[-4.14175,0,0]
[-4.13592,0,0]
[-4.1301,0,0]
[-4.12427,0,0]
[-4.11845,0,0]
[-4.11262,0,0]
[-4.1068,0,0]
[-4.10097,0,0]
[-4.09515,0,0]
[-4.08932,0,0]
[-4.0835,0,0]
[-4.07767,0,0]
[-4.07184,0,0]
[-4.06602,0,0]
[-4.06019,0,0]
[-4.05437,0,0]
[-4.04854,0,0]
[-4.04272,0,0]
[-4.03689,0,0]
[-4.03107,0,0]
[-4.02524,0,0]
[-4.01942,0,0]
[-4.01359,0,0]
[-4.00777,0,0]
[-4.00194,0,0]
[-3.99612,0,0]
[-3.99029,0,0]
[-3.98447,0,0]
[-3.97864,0,0]
[-3.97282,0,0]
[-3.96699,0,0]
[-3.96117,0,0]
[-3.95534,0,0]
[-3.94951,0,0]
[-3.94369,0,0]
[-3.93786,0,0]
[-3.93204,0,0]
[-3.92621,0,0]
[-3.92039,0,0]
[-3.91456,0,0]
[-3.90874,0,0]
[-3.90291,0,0]
[-3.89709,0,0]
[-3.89126,0,0]
[-3.88544,0,0]
[-3.87961,0,0]
[-3.87379,0,0]
[-3.86796,0,0]
[-3.86214,0,0]
[-3.85631,0,0]
[-3.85049,0,0]
[-3.84466,0,0]
[-3.83883,0,0]
[-3.83301,0,0]
[-3.82718,0,0]
[-3.82136,0,0]
[-3.81553,0,0]
[-3.80971,0,0]
[-3.80388,0,0]
[-3.79806,0,0]
[-3.79223,0,0]
[-3.78641,0,0]
[-3.78058,0,0]
[-3.77476,0,0]
[-3.76893,0,0]
[-3.76311,0,0]
[-3.75728,0,0]
[-3.75146,0,0]
[-3.74563,0,0]
[-3.73981,0,0]
[-3.73398,0,0]
[-3.72816,0,0]
[-3.72233,0,0]
[-3.7165,0,0]
[-3.71068,0,0]
[-3.70485,0,0]
[-3.69903,0,0]
[-3.6932,0,0]
[-3.68738,0,0]
[-3.68155,0,0]
[-3.67573,0,0]
[-3.6699,0,0]
[-3.66408,0,0]
[-3.65825,0,0]
[-3.65243,0,0]
[-3.6466,0,0]
[-3.64078,0,0]
[-3.63495,0,0]
[-3.62913,0,0]
[-3.6233,0,0]
[-3.61748,0,0]
[-3.61165,0,0]
[-3.60583,0,0]
[-3.6,0,0]
[-3.59417,0,0]
[-3.58835,0,0]
[-3.58252,0,0]
[-3.5767,0,0]
[-3.57087,0,0]
[-3.56505,0,0]
[-3.55922,0,0]
[-3.5534,0,0]
[-3.54757,0,0]
[-3.54175,0,0]
[-3.53592,0,0]
[-3.5301,0,0]
[-3.52427,0,0]
[-3.51845,0,0]
[-3.51262,0,0]
[-3.5068,0,0]
[-3.50097,0,0]
[-3.49515,0,0]
[-3.48932,0,0]
[-3.4835,0,0]
[-3.47767,0,0]
[-3.47184,0,0]
[-3.46602,0,0]
[-3.46019,0,0]
[-3.45437,0,0]
[-3.44854,0,0]
[-3.44272,0,0]
[-3.43689,0,0]
[-3.43107,0,0]
[-3.42524,0,0]
[-3.41942,0,0]
[-3.41359,0,0]
[-3.40777,0,0]
[-3.40194,0,0]
[-3.39612,0,0]
[-3.39029,0,0]
[-3.38447,0,0]
[-3.37864,0,0]
[-3.37282,0,0]
[-3.36699,0,0]
[-3.36117,0,0]
[-3.35534,0,0]
[-3.34951,0,0]
[-3.34369,0,0]
[-3.33786,0,0]
[-3.33204,0,0]
[-3.32621,0,0]
[-3.32039,0,0]
[-3.31456,0,0]
[-3.30874,0,0]
[-3.30291,0,0]
[-3.29709,0,0]
[-3.29126,0,0]
[-3.28544,0,0]
[-3.27961,0,0]
[-3.27379,0,0]
[-3.26796,0,0]
[-3.26214,0,0]
[-3.25631,0,0]
[-3.25049,0,0]
[-3.24466,0,0]
[-3.23883,0,0]
[-3.23301,0,0]
[-3.22718,0,0]
[-3.22136,0,0]
[-3.21553,0,0]
[-3.20971,0,0]
[-3.20388,0,0]
[-3.19806,0,0]
[-3.19223,0,0]
[-3.18641,0,0]
[-3.18058,0,0]
[-3.17476,0,0]
[-3.16893,0,0]
[-3.16311,0,0]
[-3.15728,0,0]
[-3.15146,0,0]
[-3.14563,0,0]
[-3.13981,0,0]
[-3.13398,0,0]
[-3.12816,0,0]
[-3.12233,0,0]
[-3.1165,0,0]
[-3.11068,0,0]
[-3.10485,0,0]
[-3.09903,0,0]
[-3.0932,0,0]
[-3.08738,0,0]
[-3.08155,0,0]
[-3.07573,0,0]
[-3.0699,0,0]
[-3.06408,0,0]
[-3.05825,0,0]
[-3.05243,0,0]
[-3.0466,0,0]
[-3.04078,0,0]
[-3.03495,0,0]
[-3.02913,0,0]
[-3.0233,0,0]
[-3.01748,0,0]
[-3.01165,0,0]
[-3.00583,0,0]
[-3,0,0]
[-2.99417,0,0]
[-2.98835,0,0]
[-2.98252,0,0]
[-2.9767,0,0]
[-2.97087,0,0]
[-2.96505,0,0]
[-2.95922,0,0]
[-2.9534,0,0]
[-2.94757,0,0]
[-2.94175,0,0]
[-2.93592,0,0]
[-2.9301,0,0]
[-2.92427,0,0]
[-2.91845,0,0]
[-2.91262,0,0]
[-2.9068,0,0]
[-2.90097,0,0]
[-2.89515,0,0]
[-2.88932,0,0]
[-2.8835,0,0]
[-2.87767,0,0]
[-2.87184,0,0]
[-2.86602,0,0]
[-2.86019,0,0]
[-2.85437,0,0]
[-2.84854,0,0]
[-2.84272,0,0]
[-2.83689,0,0]
[-2.83107,0,0]
[-2.82524,0,0]
[-2.81942,0,0]
[-2.81359,0,0]
[-2.80777,0,0]
[-2.80194,0,0]
[-2.79612,0,0]
[-2.79029,0,0]
[-2.78447,0,0]
[-2.77864,0,0]
[-2.77282,0,0]
[-2.76699,0,0]
[-2.76117,0,0]
[-2.75534,0,0]
[-2.74951,0,0]
[-2.74369,0,0]
[-2.73786,0,0]
[-2.73204,0,0]
[-2.72621,0,0]
[-2.72039,0,0]
[-2.71456,0,0]
[-2.70874,0,0]
[-2.70291,0,0]
[-2.69709,0,0]
[-2.69126,0,0]
[-2.68544,0,0]
[-2.67961,0,0]
[-2.67379,0,0]
[-2.66796,0,0]
[-2.66214,0,0]
[-2.65631,0,0]
[-2.65049,0,0]
[-2.64466,0,0]
[-2.63883,0,0]
[-2.63301,0,0]
[-2.62718,0,0]
[-2.62136,0,0]
[-2.61553,0,0]
[-2.60971,0,0]
[-2.60388,0,0]
[-2.59806,0,0]
[-2.59223,0,0]
[-2.58641,0,0]
[-2.58058,0,0]
[-2.57476,0,0]
[-2.56893,0,0]
[-2.56311,0,0]
[-2.55728,0,0]
[-2.55146,0,0]
[-2.54563,0,0]
[-2.53981,0,0]
[-2.53398,0,0]
[-2.52816,0,0]
[-2.52233,0,0]
[-2.5165,0,0]
[-2.51068,0,0]
[-2.50485,0,0]
[-2.49903,0,0]
[-2.4932,0,0]
[-2.48738,0,0]
[-2.48155,0,0]
[-2.47573,0,0]
[-2.4699,0,0]
[-2.46408,0,0]
[-2.45825,0,0]
[-2.45243,0,0]
[-2.4466,0,0]
[-2.44078,0,0]
[-2.43495,0,0]
[-2.42913,0,0]
[-2.4233,0,0]
[-2.41748,0,0]
[-2.41165,0,0]
[-2.40583,0,0]
[-2.4,0,0]
[-2.39417,0,0]
[-2.38835,0,0]
[-2.38252,0,0]
[-2.3767,0,0]
[-2.37087,0,0]
[-2.36505,0,0]
[-2.35922,0,0]
[-2.3534,0,0]
[-2.34757,0,0]
[-2.34175,0,0]
[-2.33592,0,0]
[-2.3301,0,0]
[-2.32427,0,0]
[-2.31845,0,0]
[-2.31262,0,0]
[-2.3068,0,0]
[-2.30097,0,0]
[-2.29515,0,0]
[-2.28932,0,0]
[-2.2835,0,0]
[-2.27767,0,0]
[-2.27184,0,0]
[-2.26602,0,0]
[-2.26019,0,0]
[-2.25437,0,0]
[-2.24854,0,0]
[-2.24272,0,0]
[-2.23689,0,0]
[-2.23107,0,0]
[-2.22524,0,0]
[-2.21942,0,0]
[-2.21359,0,0]
[-2.20777,0,0]
[-2.20194,0,0]
[-2.19612,0,0]
[-2.19029,0,0]
[-2.18447,0,0]
[-2.17864,0,0]
[-2.17282,0,0]
[-2.16699,0,0]
[-2.16117,0,0]
[-2.15534,0,0]
[-2.14951,0,0]
[-2.14369,0,0]
[-2.13786,0,0]
[-2.13204,0,0]
[-2.12621,0,0]
[-2.12039,0,0]
[-2.11456,0,0]
[-2.10874,0,0]
[-2.10291,0,0]
[-2.09709,0,0]
[-2.09126,0,0]
[-2.08544,0,0]
[-2.07961,0,0]
[-2.07379,0,0]
[-2.06796,0,0]
[-2.06214,0,0]
[-2.05631,0,0]
[-2.05049,0,0]
[-2.04466,0,0]
[-2.03883,0,0]
[-2.03301,0,0]
[-2.02718,0,0]
[-2.02136,0,0]
[-2.01553,0,0]
[-2.00971,0,0]
[-2.00388,0,0]
[-1.99806,0,0]
[-1.99223,0,0]
[-1.98641,0,0]
[-1.98058,0,0]
[-1.97476,0,0]
[-1.96893,0,0]
[-1.96311,0,0]
[-1.95728,0,0]
[-1.95146,0,0]
[-1.94563,0,0]
[-1.93981,0,0]
[-1.93398,0,0]
[-1.92816,0,0]
[-1.92233,0,0]
[-1.9165,0,0]
[-1.91068,0,0]
[-1.90485,0,0]
[-1.89903,0,0]
[-1.8932,0,0]
[-1.88738,0,0]
[-1.88155,0,0]
[-1.87573,0,0]
[-1.8699,0,0]
[-1.86408,0,0]
[-1.85825,0,0]
[-1.85243,0,0]
[-1.8466,0,0]
[-1.84078,0,0]
[-1.83495,0,0]
[-1.82913,0,0]
[-1.8233,0,0]
[-1.81748,0,0]
[-1.81165,0,0]
[-1.80583,0,0]
[-1.8,0,0]
[-1.79417,0,0]
[-1.78835,0,0]
[-1.78252,0,0]
[-1.7767,0,0]
[-1.77087,0,0]
[-1.76505,0,0]
[-1.75922,0,0]
[-1.7534,0,0]
[-1.74757,0,0]
[-1.74175,0,0]
[-1.73592,0,0]
[-1.7301,0,0]
[-1.72427,0,0]
[-1.71845,0,0]
[-1.71262,0,0]
[-1.7068,0,0]
[-1.70097,0,0]
[-1.69515,0,0]
[-1.68932,0,0]
[-1.6835,0,0]
[-1.67767,0,0]
[-1.67184,0,0]
[-1.66602,0,0]
[-1.66019,0,0]
[-1.65437,0,0]
[-1.64854,0,0]
[-1.64272,0,0]
[-1.63689,0,0]
[-1.63107,0,0]
[-1.62524,0,0]
[-1.61942,0,0]
[-1.61359,0,0]
[-1.60777,0,0]
[-1.60194,0,0]
[-1.59612,0,0]
[-1.59029,0,0]
[-1.58447,0,0]
[-1.57864,0,0]
[-1.57282,0,0]
[-1.56699,0,0]
[-1.56117,0,0]
[-1.55534,0,0]
[-1.54951,0,0]
[-1.54369,0,0]
[-1.53786,0,0]
[-1.53204,0,0]
[-1.52621,0,0]
[-1.52039,0,0]
[-1.51456,0,0]
[-1.50874,0,0]
[-1.50291,0,0]
[-1.49709,0,0]
[-1.49126,0,0]
[-1.48544,0,0]
[-1.47961,0,0]
[-1.47379,0,0]
[-1.46796,0,0]
[-1.46214,0,0]
[-1.45631,0,0]
[-1.45049,0,0]
[-1.44466,0,0]
[-1.43883,0,0]
[-1.43301,0,0]
[-1.42718,0,0]
[-1.42136,0,0]
[-1.41553,0,0]
[-1.40971,0,0]
[-1.40388,0,0]
[-1.39806,0,0]
[-1.39223,0,0]
[-1.38641,0,0]
[-1.38058,0,0]
[-1.37476,0,0]
[-1.36893,0,0]
[-1.36311,0,0]
[-1.35728,0,0]
[-1.35146,0,0]
[-1.34563,0,0]
[-1.33981,0,0]
[-1.33398,0,0]
[-1.32816,0,0]
[-1.32233,0,0]
[-1.3165,0,0]
[-1.31068,0,0]
[-1.30485,0,0]
[-1.29903,0,0]
[-1.2932,0,0]
[-1.28738,0,0]
[-1.28155,0,0]
[-1.27573,0,0]
[-1.2699,0,0]
[-1.26408,0,0]
[-1.25825,0,0]
[-1.25243,0,0]
[-1.2466,0,0]
[-1.24078,0,0]
[-1.23495,0,0]
[-1.22913,0,0]
[-1.2233,0,0]
[-1.21748,0,0]
[-1.21165,0,0]
[-1.20583,0,0]
[-1.2,0,0]
[-1.19417,0,0]
[-1.18835,0,0]
[-1.18252,0,0]
[-1.1767,0,0]
[-1.17087,0,0]
[-1.16505,0,0]
[-1.15922,0,0]
[-1.1534,0,0]
[-1.14757,0,0]
[-1.14175,0,0]
[-1.13592,0,0]
[-1.1301,0,0]
[-1.12427,0,0]
[-1.11845,0,0]
[-1.11262,0,0]
[-1.1068,0,0]
[-1.10097,0,0]
[-1.09515,0,0]
[-1.08932,0,0]
[-1.0835,0,0]
[-1.07767,0,0]
[-1.07184,0,0]
[-1.06602,0,0]
[-1.06019,0,0]
[-1.05437,0,0]
[-1.04854,0,0]
[-1.04272,0,0]
[-1.03689,0,0]
[-1.03107,0,0]
[-1.02524,0,0]
[-1.01942,0,0]
[-1.01359,0,0]
[-1.00777,0,0]
[-1.00194,0,0]
[-0.996117,0,0]
[-0.990291,0,0]
[-0.984466,0,0]
[-0.978641,0,0]
[-0.972816,0,0]
[-0.96699,0,0]
[-0.961165,0,0]
[-0.95534,0,0]
[-0.949515,0,0]
[-0.943689,0,0]
[-0.937864,0,0]
[-0.932039,0,0]
[-0.926214,0,0]
[-0.920388,0,0]
[-0.914563,0,0]
[-0.908738,0,0]
[-0.902913,0,0]
[-0.897087,0,0]
[-0.891262,0,0]
[-0.885437,0,0]
[-0.879612,0,0]
[-0.873786,0,0]
[-0.867961,0,0]
[-0.862136,0,0]
[-0.856311,0,0]
[-0.850485,0,0]
[-0.84466,0,0]
[-0.838835,0,0]
[-0.83301,0,0]
[-0.827184,0,0]
[-0.821359,0,0]
[-0.815534,0,0]
[-0.809709,0,0]
[-0.803883,0,0]
[-0.798058,0,0]
[-0.792233,0,0]
[-0.786408,0,0]
[-0.780583,0,0]
[-0.774757,0,0]
[-0.768932,0,0]
[-0.763107,0,0]
[-0.757282,0,0]
[-0.751456,0,0]
[-0.745631,0,0]
[-0.739806,0,0]
[-0.733981,0,0]
[-0.728155,0,0]
[-0.72233,0,0]
[-0.716505,0,0]
[-0.71068,0,0]
[-0.704854,0,0]
[-0.699029,0,0]
[-0.693204,0,0]
[-0.687379,0,0]
[-0.681553,0,0]
[-0.675728,0,0]
[-0.669903,0,0]
[-0.664078,0,0]
[-0.658252,0,0]
[-0.652427,0,0]
[-0.646602,0,0]
[-0.640777,0,0]
[-0.634951,0,0]
[-0.629126,0,0]
[-0.623301,0,0]
[-0.617476,0,0]
[-0.61165,0,0]
[-0.605825,0,0]
[-0.6,0,0]
[-0.594175,0,0]
[-0.58835,0,0]
[-0.582524,0,0]
[-0.576699,0,0]
[-0.570874,0,0]
[-0.565049,0,0]
[-0.559223,0,0]
[-0.553398,0,0]
[-0.547573,0,0]
[-0.541748,0,0]
[-0.535922,0,0]
[-0.530097,0,0]
[-0.524272,0,0]
[-0.518447,0,0]
[-0.512621,0,0]
[-0.506796,0,0]
[-0.500971,0,0]
[-0.495146,0,0]
[-0.48932,0,0]
[-0.483495,0,0]
[-0.47767,0,0]
[-0.471845,0,0]
[-0.466019,0,0]
[-0.460194,0,0]
[-0.454369,0,0]
[-0.448544,0,0]
[-0.442718,0,0]
[-0.436893,0,0]
[-0.431068,0,0]
[-0.425243,0,0]
[-0.419417,0,0]
[-0.413592,0,0]
[-0.407767,0,0]
[-0.401942,0,0]
[-0.396117,0,0]
[-0.390291,0,0]
[-0.384466,0,0]
[-0.378641,0,0]
[-0.372816,0,0]
[-0.36699,0,0]
[-0.361165,0,0]
[-0.35534,0,0]
[-0.349515,0,0]
[-0.343689,0,0]
[-0.337864,0,0]
[-0.332039,0,0]
[-0.326214,0,0]
[-0.320388,0,0]
[-0.314563,0,0]
[-0.308738,0,0]
[-0.302913,0,0]
[-0.297087,0,0]
[-0.291262,0,0]
[-0.285437,0,0]
[-0.279612,0,0]
[-0.273786,0,0]
[-0.267961,0,0]
[-0.262136,0,0]
[-0.256311,0,0]
[-0.250485,0,0]
[-0.24466,0,0]
[-0.238835,0,0]
[-0.23301,0,0]
[-0.227184,0,0]
[-0.221359,0,0]
[-0.215534,0,0]
[-0.209709,0,0]
[-0.203883,0,0]
[-0.198058,0,0]
[-0.192233,0,0]
[-0.186408,0,0]
[-0.180583,0,0]
[-0.174757,0,0]
[-0.168932,0,0]
[-0.163107,0,0]
[-0.157282,0,0]
[-0.151456,0,0]
[-0.145631,0,0]
[-0.139806,0,0]
[-0.133981,0,0]
[-0.128155,0,0]
[-0.12233,0,0]
[-0.116505,0,0]
[-0.11068,0,0]
[-0.104854,0,0]
[-0.0990291,0,0]
[-0.0932039,0,0]
[-0.0873786,0,0]
[-0.0815534,0,0]
[-0.0757282,0,0]
[-0.0699029,0,0]
[-0.0640777,0,0]
[-0.0582524,0,0]
[-0.0524272,0,0]
[-0.0466019,0,0]
[-0.0407767,0,0]
[-0.0349515,0,0]
[-0.0291262,0,0]
[-0.023301,0,0]
[-0.0174757,0,0]
[-0.0116505,0,0]
[-0.00582524,0,0]
[0,0,0]
[1,0,0,0]
[1,0,0,0]
[1,0,0,0]
[1,0,0,0]
[1,0,0,0]
[1,0,0,0]
[1,0,0,0]
[1,0,0,0]
[1,0,0,0]
[1,0,0,0]
[1,0,0,0]
[1,0,0,0]
[1,0,0,0]
[1,0,0,0]
[1,0,0,0]
[1,0,0,0]
[1,0,0,0]
[1,0,0,0]
[1,0,0,0]
[1,0,0,0]
[1,0,0,0]
[1,0,0,0]
[1,0,0,0]
[1,0,0,0]
[1,0,0,0]
[1,0,0,0]
[1,0,0,0]
[1,0,0,0]
[1,0,0,0]
[1,0,0,0]
[1,0,0,0]
[1,0,0,0]
[1,0,0,0]
[1,0,0,0]
[1,0,0,0]
[1,0,0,0]
[1,0,0,0]
[1,0,0,0]
[1,0,0,0]
[1,0,0,0]
[1,0,0,0]
[1,0,0,0]
[1,0,0,0]
[1,0,0,0]
[1,0,0,0]
[1,0,0,0]
[1,0,0,0]
[1,0,0,0]
[1,0,0,0]
[1,0,0,0]
[1,0,0,0]
[1,0,0,0]
[1,0,0,0]
[1,0,0,0]
[1,0,0,0]
[1,0,0,0]
[1,0,0,0]
[1,0,0,0]
[1,0,0,0]
[1,0,0,0]
[1,0,0,0]
[1,0,0,0]
[1,0,0,0]
[1,0,0,0]
[1,0,0,0]
[1,0,0,0]
[1,0,0,0]
[1,0,0,0]
[1,0,0,0]
[1,0,0,0]
[1,0,0,0]
[1,0,0,0]
[1,0,0,0]
[1,0,0,0]
[1,0,0,0]
[1,0,0,0]
[1,0,0,0]
[1,0,0,0]
[1,0,0,0]
[1,0,0,0]
[1,0,0,0]
[1,0,0,0]
[1,0,0,0]
[1,0,0,0]
[1,0,0,0]
[1,0,0,0]
[1,0,0,0]
[1,0,0,0]
[1,0,0,0]
[1,0,0,0]
[1,0,0,0]
[1,0,0,0]
[1,0,0,0]
[1,0,0,0]
[1,0,0,0]
[1,0,0,0]
[1,0,0,0]
[1,0,0,0]
[1,0,0,0]
[1,0,0,0]
[1,0,0,0]
[1,0,0,0]
[1,0,0,0]
[1,0,0,0]
[1,0,0,0]
[1,0,0,0]
[1,0,0,0]
[1,0,0,0]
[1,0,0,0]
[1,0,0,0]
[1,0,0,0]
[1,0,0,0]
[1,0,0,0]
[1,0,0,0]
[1,0,0,0]
[1,0,0,0]
[1,0,0,0]
[1,0,0,0]
[1,0,0,0]
[1,0,0,0]
[1,0,0,0]
[1,0,0,0]
[1,0,0,0]
[1,0,0,0]
[1,0,0,0]
[1,0,0,0]
[1,0,0,0]
[1,0,0,0]
[1,0,0,0]
[1,0,0,0]
[1,0,0,0]
[1,0,0,0]
[1,0,0,0]
[1,0,0,0]
[1,0,0,0]
[1,0,0,0]
[1,0,0,0]
[1,0,0,0]
[1,0,0,0]
[1,0,0,0]
[1,0,0,0]
[1,0,0,0]
[1,0,0,0]
[1,0,0,0]
[1,0,0,0]
[1,0,0,0]
[1,0,0,0]
[1,0,0,0]
[1,0,0,0]
[1,0,0,0]
[1,0,0,0]
[1,0,0,0]
[1,0,0,0]
[1,0,0,0]
[1,0,0,0]
[1,0,0,0]
[1,0,0,0]
[1,0,0,0]
[1,0,0,0]
[1,0,0,0]
[1,0,0,0]
[1,0,0,0]
[1,0,0,0]
[1,0,0,0]
[1,0,0,0]
[1,0,0,0]
[1,0,0,0]
[1,0,0,0]
[1,0,0,0]
[1,0,0,0]
[1,0,0,0]
[1,0,0,0]
[1,0,0,0]
[1,0,0,0]
[1,0,0,0]
[1,0,0,0]
[1,0,0,0]
[1,0,0,0]
[1,0,0,0]
[1,0,0,0]
[1,0,0,0]
[1,0,0,0]
[1,0,0,0]
[1,0,0,0]
[1,0,0,0]
[1,0,0,0]
[1,0,0,0]
[1,0,0,0]
[1,0,0,0]
[1,0,0,0]
[1,0,0,0]
[1,0,0,0]
[1,0,0,0]
[1,0,0,0]
[1,0,0,0]
[1,0,0,0]
[1,0,0,0]
[1,0,0,0]
[1,0,0,0]
[1,0,0,0]
[1,0,0,0]
[1,0,0,0]
[1,0,0,0]
[1,0,0,0]
[1,0,0,0]
[1,0,0,0]
[1,0,0,0]
[1,0,0,0]
[1,0,0,0]
[1,0,0,0]
[1,0,0,0]
[1,0,0,0]
[1,0,0,0]
[1,0,0,0]
[1,0,0,0]
[1,0,0,0]
[1,0,0,0]
[1,0,0,0]
[1,0,0,0]
[1,0,0,0]
[1,0,0,0]
[1,0,0,0]
[1,0,0,0]
[1,0,0,0]
[1,0,0,0]
[1,0,0,0]
[1,0,0,0]
[1,0,0,0]
[1,0,0,0]
[1,0,0,0]
[1,0,0,0]
[1,0,0,0]
[1,0,0,0]
[1,0,0,0]
[1,0,0,0]
[1,0,0,0]
[1,0,0,0]
[1,0,0,0]
[1,0,0,0]
[1,0,0,0]
[1,0,0,0]
[1,0,0,0]
[1,0,0,0]
[1,0,0,0]
[1,0,0,0]
[1,0,0,0]
[1,0,0,0]
[1,0,0,0]
[1,0,0,0]
[1,0,0,0]
[1,0,0,0]
[1,0,0,0]
[1,0,0,0]
[1,0,0,0]
[1,0,0,0]
[1,0,0,0]
[1,0,0,0]
[1,0,0,0]
[1,0,0,0]
[1,0,0,0]
[1,0,0,0]
[1,0,0,0]
[1,0,0,0]
[1,0,0,0]
[1,0,0,0]
[1,0,0,0]
[1,0,0,0]
[1,0,0,0]
[1,0,0,0]
[1,0,0,0]
[1,0,0,0]
[1,0,0,0]
[1,0,0,0]
[1,0,0,0]
[1,0,0,0]
[1,0,0,0]
[1,0,0,0]
[1,0,0,0]
[1,0,0,0]
[1,0,0,0]
[1,0,0,0]
[1,0,0,0]
[1,0,0,0]
[1,0,0,0]
[1,0,0,0]
[1,0,0,0]
[1,0,0,0]
[1,0,0,0]
[1,0,0,0]
[1,0,0,0]
[1,0,0,0]
[1,0,0,0]
[1,0,0,0]
[1,0,0,0]
[1,0,0,0]
[1,0,0,0]
[1,0,0,0]
[1,0,0,0]
[1,0,0,0]
[1,0,0,0]
[1,0,0,0]
[1,0,0,0]
[1,0,0,0]
[1,0,0,0]
[1,0,0,0]
[1,0,0,0]
[1,0,0,0]
[1,0,0,0]
[1,0,0,0]
[1,0,0,0]
[1,0,0,0]
[1,0,0,0]
[1,0,0,0]
[1,0,0,0]
[1,0,0,0]
[1,0,0,0]
[1,0,0,0]
[1,0,0,0]
[1,0,0,0]
[1,0,0,0]
[1,0,0,0]
[1,0,0,0]
[1,0,0,0]
[1,0,0,0]
[1,0,0,0]
[1,0,0,0]
[1,0,0,0]
[1,0,0,0]
[1,0,0,0]
[1,0,0,0]
[1,0,0,0]
[1,0,0,0]
[1,0,0,0]
[1,0,0,0]
[1,0,0,0]
[1,0,0,0]
[1,0,0,0]
[1,0,0,0]
[1,0,0,0]
[1,0,0,0]
[1,0,0,0]
[1,0,0,0]
[1,0,0,0]
[1,0,0,0]
[1,0,0,0]
[1,0,0,0]
[1,0,0,0]
[1,0,0,0]
[1,0,0,0]
[1,0,0,0]
[1,0,0,0]
[1,0,0,0]
[1,0,0,0]
[1,0,0,0]
[1,0,0,0]
[1,0,0,0]
[1,0,0,0]
[1,0,0,0]
[1,0,0,0]
[1,0,0,0]
[1,0,0,0]
[1,0,0,0]
[1,0,0,0]
[1,0,0,0]
[1,0,0,0]
[1,0,0,0]
[1,0,0,0]
[1,0,0,0]
[1,0,0,0]
[1,0,0,0]
[1,0,0,0]
[1,0,0,0]
[1,0,0,0]
[1,0,0,0]
[1,0,0,0]
[1,0,0,0]
[1,0,0,0]
[1,0,0,0]
[1,0,0,0]
[1,0,0,0]
[1,0,0,0]
[1,0,0,0]
[1,0,0,0]
[1,0,0,0]
[1,0,0,0]
[1,0,0,0]
[1,0,0,0]
[1,0,0,0]
[1,0,0,0]
[1,0,0,0]
[1,0,0,0]
[1,0,0,0]
[1,0,0,0]
[1,0,0,0]
[1,0,0,0]
[1,0,0,0]
[1,0,0,0]
[1,0,0,0]
[1,0,0,0]
[1,0,0,0]
[1,0,0,0]
[1,0,0,0]
[1,0,0,0]
[1,0,0,0]
[1,0,0,0]
[1,0,0,0]
[1,0,0,0]
[1,0,0,0]
[1,0,0,0]
[1,0,0,0]
[1,0,0,0]
[1,0,0,0]
[1,0,0,0]
[1,0,0,0]
[1,0,0,0]
[1,0,0,0]
[1,0,0,0]
[1,0,0,0]
[1,0,0,0]
[1,0,0,0]
[1,0,0,0]
[1,0,0,0]
[1,0,0,0]
[1,0,0,0]
[1,0,0,0]
[1,0,0,0]
[1,0,0,0]
[1,0,0,0]
[1,0,0,0]
[1,0,0,0]
[1,0,0,0]
[1,0,0,0]
[1,0,0,0]
[1,0,0,0]
[1,0,0,0]
[1,0,0,0]
[1,0,0,0]
[1,0,0,0]
[1,0,0,0]
[1,0,0,0]
[1,0,0,0]
[1,0,0,0]
[1,0,0,0]
[1,0,0,0]
[1,0,0,0]
[1,0,0,0]
[1,0,0,0]
[1,0,0,0]
[1,0,0,0]
[1,0,0,0]
[1,0,0,0]
[1,0,0,0]
[1,0,0,0]
[1,0,0,0]
[1,0,0,0]
[1,0,0,0]
[1,0,0,0]
[1,0,0,0]
[1,0,0,0]
[1,0,0,0]
[1,0,0,0]
[1,0,0,0]
[1,0,0,0]
[1,0,0,0]
[1,0,0,0]
[1,0,0,0]
[1,0,0,0]
[1,0,0,0]
[1,0,0,0]
[1,0,0,0]
[1,0,0,0]
[1,0,0,0]
[1,0,0,0]
[1,0,0,0]
[1,0,0,0]
[1,0,0,0]
[1,0,0,0]
[1,0,0,0]
[1,0,0,0]
[1,0,0,0]
[1,0,0,0]
[1,0,0,0]
[1,0,0,0]
[1,0,0,0]
[1,0,0,0]
[1,0,0,0]
[1,0,0,0]
[1,0,0,0]
[1,0,0,0]
[1,0,0,0]
[1,0,0,0]
[1,0,0,0]
[1,0,0,0]
[1,0,0,0]
[1,0,0,0]
[1,0,0,0]
[1,0,0,0]
[1,0,0,0]
[1,0,0,0]
[1,0,0,0]
[1,0,0,0]
[1,0,0,0]
[1,0,0,0]
[1,0,0,0]
[1,0,0,0]
[1,0,0,0]
[1,0,0,0]
[1,0,0,0]
[1,0,0,0]
[1,0,0,0]
[1,0,0,0]
[1,0,0,0]
[1,0,0,0]
[1,0,0,0]
[1,0,0,0]
[1,0,0,0]
[1,0,0,0]
[1,0,0,0]
[1,0,0,0]
[1,0,0,0]
[1,0,0,0]
[1,0,0,0]
[1,0,0,0]
[1,0,0,0]
[1,0,0,0]
[1,0,0,0]
[1,0,0,0]
[1,0,0,0]
[1,0,0,0]
[1,0,0,0]
[1,0,0,0]
[1,0,0,0]
[1,0,0,0]
[1,0,0,0]
[1,0,0,0]
[1,0,0,0]
[1,0,0,0]
[1,0,0,0]
[1,0,0,0]
[1,0,0,0]
[1,0,0,0]
[1,0,0,0]
[1,0,0,0]
[1,0,0,0]
[1,0,0,0]
[1,0,0,0]
[1,0,0,0]
[1,0,0,0]
[1,0,0,0]
[1,0,0,0]
[1,0,0,0]
[1,0,0,0]
[1,0,0,0]
[1,0,0,0]
[1,0,0,0]
[1,0,0,0]
[1,0,0,0]
[1,0,0,0]
[1,0,0,0]
[1,0,0,0]
[1,0,0,0]
[1,0,0,0]
[1,0,0,0]
[1,0,0,0]
[1,0,0,0]
[1,0,0,0]
[1,0,0,0]
[1,0,0,0]
[1,0,0,0]
[1,0,0,0]
[1,0,0,0]
[1,0,0,0]
[1,0,0,0]
[1,0,0,0]
[1,0,0,0]
[1,0,0,0]
[1,0,0,0]
[1,0,0,0]
[1,0,0,0]
[1,0,0,0]
[1,0,0,0]
[1,0,0,0]
[1,0,0,0]
[1,0,0,0]
[1,0,0,0]
[1,0,0,0]
[1,0,0,0]
[1,0,0,0]
[1,0,0,0]
[1,0,0,0]
[1,0,0,0]
[1,0,0,0]
[1,0,0,0]
[1,0,0,0]
[1,0,0,0]
[1,0,0,0]
[1,0,0,0]
[1,0,0,0]
[1,0,0,0]
[1,0,0,0]
[1,0,0,0]
[1,0,0,0]
[1,0,0,0]
[1,0,0,0]
[1,0,0,0]
[1,0,0,0]
[1,0,0,0]
[1,0,0,0]
[1,0,0,0]
[1,0,0,0]
[1,0,0,0]
[1,0,0,0]
[1,0,0,0]
[1,0,0,0]
[1,0,0,0]
[1,0,0,0]
[1,0,0,0]
[1,0,0,0]
[1,0,0,0]
[1,0,0,0]
[1,0,0,0]
[1,0,0,0]
[1,0,0,0]
[1,0,0,0]
[1,0,0,0]
[1,0,0,0]
[1,0,0,0]
[1,0,0,0]
[1,0,0,0]
[1,0,0,0]
[1,0,0,0]
[1,0,0,0]
[1,0,0,0]
[1,0,0,0]
[1,0,0,0]
[1,0,0,0]
[1,0,0,0]
[1,0,0,0]
[1,0,0,0]
[1,0,0,0]
[1,0,0,0]
[1,0,0,0]
[1,0,0,0]
[1,0,0,0]
[1,0,0,0]
[1,0,0,0]
[1,0,0,0]
[1,0,0,0]
[1,0,0,0]
[1,0,0,0]
[1,0,0,0]
[1,0,0,0]
[1,0,0,0]
[1,0,0,0]
[1,0,0,0]
[1,0,0,0]
[1,0,0,0]
[1,0,0,0]
[1,0,0,0]
[1,0,0,0]
[1,0,0,0]
[1,0,0,0]
[1,0,0,0]
[1,0,0,0]
[1,0,0,0]
[1,0,0,0]
[1,0,0,0]
[1,0,0,0]
[1,0,0,0]
[1,0,0,0]
[1,0,0,0]
[1,0,0,0]
[1,0,0,0]
[1,0,0,0]
[1,0,0,0]
[1,0,0,0]
[1,0,0,0]
[1,0,0,0]
[1,0,0,0]
[1,0,0,0]
[1,0,0,0]
[1,0,0,0]
[1,0,0,0]
[1,0,0,0]
[1,0,0,0]
[1,0,0,0]
[1,0,0,0]
[1,0,0,0]
[1,0,0,0]
[1,0,0,0]
[1,0,0,0]
[1,0,0,0]
[1,0,0,0]
[1,0,0,0]
[1,0,0,0]
[1,0,0,0]
[1,0,0,0]
[1,0,0,0]
[1,0,0,0]
[1,0,0,0]
[1,0,0,0]
[1,0,0,0]
[1,0,0,0]
[1,0,0,0]
[1,0,0,0]
[1,0,0,0]
[1,0,0,0]
[1,0,0,0]
[1,0,0,0]
[1,0,0,0]
[1,0,0,0]
[1,0,0,0]
[1,0,0,0]
[1,0,0,0]
[1,0,0,0]
[1,0,0,0]
[1,0,0,0]
[1,0,0,0]
[1,0,0,0]
[1,0,0,0]
[1,0,0,0]
[1,0,0,0]
[1,0,0,0]
[1,0,0,0]
[1,0,0,0]
[1,0,0,0]
[1,0,0,0]
[1,0,0,0]
[1,0,0,0]
[1,0,0,0]
[1,0,0,0]
[1,0,0,0]
[1,0,0,0]
[1,0,0,0]
[1,0,0,0]
[1,0,0,0]
[1,0,0,0]
[1,0,0,0]
[1,0,0,0]
[1,0,0,0]
[1,0,0,0]
[1,0,0,0]
[1,0,0,0]
[1,0,0,0]
[1,0,0,0]
[1,0,0,0]
[1,0,0,0]
[1,0,0,0]
[1,0,0,0]
[1,0,0,0]
[1,0,0,0]
[1,0,0,0]
[1,0,0,0]
[1,0,0,0]
[1,0,0,0]
[1,0,0,0]
[1,0,0,0]
[1,0,0,0]
[1,0,0,0]
[1,0,0,0]
[1,0,0,0]
[1,0,0,0]
[1,0,0,0]
[1,0,0,0]
[1,0,0,0]
[1,0,0,0]
[1,0,0,0]
[1,0,0,0]
[1,0,0,0]
[1,0,0,0]
[1,0,0,0]
[1,0,0,0]
[1,0,0,0]
[1,0,0,0]
[1,0,0,0]
[1,0,0,0]
[1,0,0,0]
[1,0,0,0]
[1,0,0,0]
[1,0,0,0]
[1,0,0,0]
[1,0,0,0]
[1,0,0,0]
[1,0,0,0]
[1,0,0,0]
[1,0,0,0]
[1,0,0,0]
[1,0,0,0]
[1,0,0,0]
[1,0,0,0]
[1,0,0,0]
[1,0,0,0]
[1,0,0,0]
[1,0,0,0]
[1,0,0,0]
[1,0,0,0]
[1,0,0,0]
[1,0,0,0]
[1,0,0,0]
[1,0,0,0]
[1,0,0,0]
[1,0,0,0]
[1,0,0,0]
[1,0,0,0]
[1,0,0,0]
[1,0,0,0]
[1,0,0,0]
[1,0,0,0]
[1,0,0,0]
[1,0,0,0]
[1,0,0,0]
[1,0,0,0]
[1,0,0,0]
[1,0,0,0]
[1,0,0,0]
[1,0,0,0]
[1,0,0,0]
[1,0,0,0]
[1,0,0,0]
[1,0,0,0]
[1,0,0,0]
[1,0,0,0]
[1,0,0,0]
[1,0,0,0]
[1,0,0,0]
[1,0,0,0]
[1,0,0,0]
[1,0,0,0]
[1,0,0,0]
[1,0,0,0]
[1,0,0,0]
[1,0,0,0]
[1,0,0,0]
[1,0,0,0]
[1,0,0,0]
[1,0,0,0]
[1,0,0,0]
[1,0,0,0]
[1,0,0,0]
[1,0,0,0]
[1,0,0,0]
[1,0,0,0]
[1,0,0,0]
[1,0,0,0]
[1,0,0,0]
[1,0,0,0]
[1,0,0,0]
[1,0,0,0]
[1,0,0,0]
[1,0,0,0]
[1,0,0,0]
[1,0,0,0]
[1,0,0,0]
[1,0,0,0]
[1,0,0,0]
[1,0,0,0]
[1,0,0,0]
[1,0,0,0]
[1,0,0,0]
[1,0,0,0]
[1,0,0,0]
[1,0,0,0]
[1,0,0,0]
[1,0,0,0]
[1,0,0,0]
[1,0,0,0]
[1,0,0,0]
[1,0,0,0]
[1,0,0,0]
[1,0,0,0]
[1,0,0,0]
[1,0,0,0]
[1,0,0,0]
[1,0,0,0]
[1,0,0,0]
[1,0,0,0]
[1,0,0,0]
[1,0,0,0]
[1,0,0,0]
[1,0,0,0]
[1,0,0,0]
[1,0,0,0]
[1,0,0,0]
[1,0,0,0]
[1,0,0,0]
[1,0,0,0]
[1,0,0,0]
[1,0,0,0]
[1,0,0,0]
[1,0,0,0]
[1,0,0,0]
[1,0,0,0]
[1,0,0,0]
[1,0,0,0]
[1,0,0,0]
[1,0,0,0]
[1,0,0,0]
[1,0,0,0]
[1,0,0,0]
[1,0,0,0]
[1,0,0,0]
[1,0,0,0]
[1,0,0,0]
[1,0,0,0]
[1,0,0,0]
[1,0,0,0]
[1,0,0,0]
[1,0,0,0]
[1,0,0,0]
[1,0,0,0]
[1,0,0,0]
[1,0,0,0]
[1,0,0,0]
[1,0,0,0]
[1,0,0,0]
[1,0,0,0]
[1,0,0,0]
[1,0,0,0]
[1,0,0,0]
[1,0,0,0]
[1,0,0,0]
[1,0,0,0]
[1,0,0,0]
[1,0,0,0]
[1,0,0,0]
[1,0,0,0]
[1,0,0,0]
[1,0,0,0]
[1,0,0,0]
[1,0,0,0]
[1,0,0,0]
[1,0,0,0]
[1,0,0,0]
[1,0,0,0]
[1,0,0,0]
[1,0,0,0]
[1,0,0,0]
[1,0,0,0]
[1,0,0,0]
[1,0,0,0]
[1,0,0,0]
[1,0,0,0]
[1,0,0,0]
[1,0,0,0]
[1,0,0,0]
[1,0,0,0]
[1,0,0,0]
[1,0,0,0]
[1,0,0,0]
[1,0,0,0]
[1,0,0,0]
[1,0,0,0]
[1,0,0,0]
[1,0,0,0]
[1,0,0,0]
[1,0,0,0]
[1,0,0,0]
[1,0,0,0]
[1,0,0,0]
[1,0,0,0]
[1,0,0,0]
[1,0,0,0]
[1,0,0,0]
[1,0,0,0]
[1,0,0,0]
[1,0,0,0]
[1,0,0,0]
[1,0,0,0]
[1,0,0,0]
[1,0,0,0]
[1,0,0,0]
[1,0,0,0]
[1,0,0,0]
[1,0,0,0]
[1,0,0,0]
[1,0,0,0]
[1,0,0,0]
[1,0,0,0]
[1,0,0,0]
[1,0,0,0]
[1,0,0,0]
[1,0,0,0]
[1,0,0,0]
[1,0,0,0]
[1,0,0,0]
[1,0,0,0]
[1,0,0,0]
[1,0,0,0]
[1,0,0,0]
[1,0,0,0]
[1,0,0,0]
[1,0,0,0]
[1,0,0,0]
[1,0,0,0]
[1,0,0,0]
[1,0,0,0]
[1,0,0,0]
[1,0,0,0]
[1,0,0,0]
[1,0,0,0]
[1,0,0,0]
[1,0,0,0]
[1,0,0,0]
[1,0,0,0]
[1,0,0,0]
[1,0,0,0]
[1,0,0,0]
[1,0,0,0]
[1,0,0,0]
[1,0,0,0]
[1,0,0,0]
[1,0,0,0]
[1,0,0,0]
[1,0,0,0]
[1,0,0,0]
[1,0,0,0]
[1,0,0,0]
[1,0,0,0]
[1,0,0,0]
[1,0,0,0]
[1,0,0,0]
[1,0,0,0]
[1,0,0,0]
[1,0,0,0]
[1,0,0,0]
[1,0,0,0]
[1,0,0,0]
[1,0,0,0]
[1,0,0,0]
[1,0,0,0]
