380
10
[-5.98421,0,0]
[-5.96842,0,0]
[-5.95263,0,0]
[-5.93684,0,0]
[-5.92105,0,0]
[-5.90526,0,0]
[-5.88947,0,0]
[-5.87368,0,0]
[-5.85789,0,0]
[-5.84211,0,0]
[-5.82632,0,0]
[-5.81053,0,0]
[-5.79474,0,0]
[-5.77895,0,0]
[-5.76316,0,0]
[-5.74737,0,0]
[-5.73158,0,0]
[-5.71579,0,0]
[-5.7,0,0]
[-5.68421,0,0]
[-5.66842,0,0]
[-5.65263,0,0]
[-5.63684,0,0]
[-5.62105,0,0]
[-5.60526,0,0]
[-5.58947,0,0]
[-5.57368,0,0]
[-5.55789,0,0]
[-5.54211,0,0]
[-5.52632,0,0]
[-5.51053,0,0]
[-5.49474,0,0]
[-5.47895,0,0]
[-5.46316,0,0]
[-5.44737,0,0]
[-5.43158,0,0]
[-5.41579,0,0]
[-5.4,0,0]
[-5.38421,0,0]
[-5.36842,0,0]
[-5.35263,0,0]
[-5.33684,0,0]
[-5.32105,0,0]
[-5.30526,0,0]
[-5.28947,0,0]
[-5.27368,0,0]
[-5.25789,0,0]
[-5.24211,0,0]
[-5.22632,0,0]
[-5.21053,0,0]
[-5.19474,0,0]
[-5.17895,0,0]
[-5.16316,0,0]
[-5.14737,0,0]
[-5.13158,0,0]
[-5.11579,0,0]
[-5.1,0,0]
[-5.08421,0,0]
[-5.06842,0,0]
[-5.05263,0,0]
[-5.03684,0,0]
[-5.02105,0,0]
[-5.00526,0,0]
[-4.98947,0,0]
[-4.97368,0,0]
[-4.95789,0,0]
[-4.94211,0,0]
[-4.92632,0,0]
[-4.91053,0,0]
[-4.89474,0,0]
[-4.87895,0,0]
[-4.86316,0,0]
[-4.84737,0,0]
[-4.83158,0,0]
[-4.81579,0,0]
[-4.8,0,0]
[-4.78421,0,0]
[-4.76842,0,0]
[-4.75263,0,0]
[-4.73684,0,0]
[-4.72105,0,0]
[-4.70526,0,0]
[-4.68947,0,0]
[-4.67368,0,0]
[-4.65789,0,0]
[-4.64211,0,0]
[-4.62632,0,0]
[-4.61053,0,0]
[-4.59474,0,0]
[-4.57895,0,0]
[-4.56316,0,0]
[-4.54737,0,0]
[-4.53158,0,0]
[-4.51579,0,0]
[-4.5,0,0]
[-4.48421,0,0]
[-4.46842,0,0]
[-4.45263,0,0]
[-4.43684,0,0]
[-4.42105,0,0]
[-4.40526,0,0]
[-4.38947,0,0]
[-4.37368,0,0]
[-4.35789,0,0]
[-4.34211,0,0]
[-4.32632,0,0]
[-4.31053,0,0]
[-4.29474,0,0]
[-4.27895,0,0]
[-4.26316,0,0]
[-4.24737,0,0]
[-4.23158,0,0]
[-4.21579,0,0]
[-4.2,0,0]
[-4.18421,0,0]
[-4.16842,0,0]
[-4.15263,0,0]
[-4.13684,0,0]
[-4.12105,0,0]
[-4.10526,0,0]
[-4.08947,0,0]
[-4.07368,0,0]
[-4.05789,0,0]
[-4.04211,0,0]
[-4.02632,0,0]
[-4.01053,0,0]
[-3.99474,0,0]
[-3.97895,0,0]
[-3.96316,0,0]
[-3.94737,0,0]
[-3.93158,0,0]
[-3.91579,0,0]
[-3.9,0,0]
[-3.88421,0,0]
[-3.86842,0,0]
[-3.85263,0,0]
[-3.83684,0,0]
[-3.82105,0,0]
[-3.80526,0,0]
[-3.78947,0,0]
[-3.77368,0,0]
[-3.75789,0,0]
[-3.74211,0,0]
[-3.72632,0,0]
[-3.71053,0,0]
[-3.69474,0,0]
[-3.67895,0,0]
[-3.66316,0,0]
[-3.64737,0,0]
[-3.63158,0,0]
[-3.61579,0,0]
[-3.6,0,0]
[-3.58421,0,0]
[-3.56842,0,0]
[-3.55263,0,0]
[-3.53684,0,0]
[-3.52105,0,0]
[-3.50526,0,0]
[-3.48947,0,0]
[-3.47368,0,0]
[-3.45789,0,0]
[-3.44211,0,0]
[-3.42632,0,0]
[-3.41053,0,0]
[-3.39474,0,0]
[-3.37895,0,0]
[-3.36316,0,0]
[-3.34737,0,0]
[-3.33158,0,0]
[-3.31579,0,0]
[-3.3,0,0]
[-3.28421,0,0]
[-3.26842,0,0]
[-3.25263,0,0]
[-3.23684,0,0]
[-3.22105,0,0]
[-3.20526,0,0]
[-3.18947,0,0]
[-3.17368,0,0]
[-3.15789,0,0]
[-3.14211,0,0]
[-3.12632,0,0]
[-3.11053,0,0]
[-3.09474,0,0]
[-3.07895,0,0]
[-3.06316,0,0]
[-3.04737,0,0]
[-3.03158,0,0]
[-3.01579,0,0]
[-3,0,0]
[-2.98421,0,0]
[-2.96842,0,0]
[-2.95263,0,0]
[-2.93684,0,0]
[-2.92105,0,0]
[-2.90526,0,0]
[-2.88947,0,0]
[-2.87368,0,0]
[-2.85789,0,0]
[-2.84211,0,0]
[-2.82632,0,0]
[-2.81053,0,0]
[-2.79474,0,0]
[-2.77895,0,0]
[-2.76316,0,0]
[-2.74737,0,0]
[-2.73158,0,0]
[-2.71579,0,0]
[-2.7,0,0]
[-2.68421,0,0]
[-2.66842,0,0]
[-2.65263,0,0]
[-2.63684,0,0]
[-2.62105,0,0]
[-2.60526,0,0]
[-2.58947,0,0]
[-2.57368,0,0]
[-2.55789,0,0]
[-2.54211,0,0]
[-2.52632,0,0]
[-2.51053,0,0]
[-2.49474,0,0]
[-2.47895,0,0]
[-2.46316,0,0]
[-2.44737,0,0]
[-2.43158,0,0]
[-2.41579,0,0]
[-2.4,0,0]
[-2.38421,0,0]
[-2.36842,0,0]
[-2.35263,0,0]
[-2.33684,0,0]
[-2.32105,0,0]
[-2.30526,0,0]
[-2.28947,0,0]
[-2.27368,0,0]
[-2.25789,0,0]
[-2.24211,0,0]
[-2.22632,0,0]
[-2.21053,0,0]
[-2.19474,0,0]
[-2.17895,0,0]
[-2.16316,0,0]
[-2.14737,0,0]
[-2.13158,0,0]
[-2.11579,0,0]
[-2.1,0,0]
[-2.08421,0,0]
[-2.06842,0,0]
[-2.05263,0,0]
[-2.03684,0,0]
[-2.02105,0,0]
[-2.00526,0,0]
[-1.98947,0,0]
[-1.97368,0,0]
[-1.95789,0,0]
[-1.94211,0,0]
[-1.92632,0,0]
[-1.91053,0,0]
[-1.89474,0,0]
[-1.87895,0,0]
[-1.86316,0,0]
[-1.84737,0,0]
[-1.83158,0,0]
[-1.81579,0,0]
[-1.8,0,0]
[-1.78421,0,0]
[-1.76842,0,0]
[-1.75263,0,0]
[-1.73684,0,0]
[-1.72105,0,0]
[-1.70526,0,0]
[-1.68947,0,0]
[-1.67368,0,0]
[-1.65789,0,0]
[-1.64211,0,0]
[-1.62632,0,0]
[-1.61053,0,0]
[-1.59474,0,0]
[-1.57895,0,0]
[-1.56316,0,0]
[-1.54737,0,0]
[-1.53158,0,0]
[-1.51579,0,0]
[-1.5,0,0]
[-1.48421,0,0]
[-1.46842,0,0]
[-1.45263,0,0]
[-1.43684,0,0]
[-1.42105,0,0]
[-1.40526,0,0]
[-1.38947,0,0]
[-1.37368,0,0]
[-1.35789,0,0]
[-1.34211,0,0]
[-1.32632,0,0]
[-1.31053,0,0]
[-1.29474,0,0]
[-1.27895,0,0]
[-1.26316,0,0]
[-1.24737,0,0]
[-1.23158,0,0]
[-1.21579,0,0]
[-1.2,0,0]
[-1.18421,0,0]
[-1.16842,0,0]
[-1.15263,0,0]
[-1.13684,0,0]
[-1.12105,0,0]
[-1.10526,0,0]
[-1.08947,0,0]
[-1.07368,0,0]
[-1.05789,0,0]
[-1.04211,0,0]
[-1.02632,0,0]
[-1.01053,0,0]
[-0.994737,0,0]
[-0.978947,0,0]
[-0.963158,0,0]
[-0.947368,0,0]
[-0.931579,0,0]
[-0.915789,0,0]
[-0.9,0,0]
[-0.884211,0,0]
[-0.868421,0,0]
[-0.852632,0,0]
[-0.836842,0,0]
[-0.821053,0,0]
[-0.805263,0,0]
[-0.789474,0,0]
[-0.773684,0,0]
[-0.757895,0,0]
[-0.742105,0,0]
[-0.726316,0,0]
[-0.710526,0,0]
[-0.694737,0,0]
[-0.678947,0,0]
[-0.663158,0,0]
[-0.647368,0,0]
[-0.631579,0,0]
[-0.615789,0,0]
[-0.6,0,0]
[-0.584211,0,0]
[-0.568421,0,0]
[-0.552632,0,0]
[-0.536842,0,0]
[-0.521053,0,0]
[-0.505263,0,0]
[-0.489474,0,0]
[-0.473684,0,0]
[-0.457895,0,0]
[-0.442105,0,0]
[-0.426316,0,0]
[-0.410526,0,0]
[-0.394737,0,0]
[-0.378947,0,0]
[-0.363158,0,0]
[-0.347368,0,0]
[-0.331579,0,0]
[-0.315789,0,0]
[-0.3,0,0]
[-0.284211,0,0]
[-0.268421,0,0]
[-0.252632,0,0]
[-0.236842,0,0]
[-0.221053,0,0]
[-0.205263,0,0]
[-0.189474,0,0]
[-0.173684,0,0]
[-0.157895,0,0]
[-0.142105,0,0]
[-0.126316,0,0]
[-0.110526,0,0]
[-0.0947368,0,0]
[-0.0789474,0,0]
[-0.0631579,0,0]
[-0.0473684,0,0]
[-0.0315789,0,0]
[-0.0157895,0,0]
[0,0,0]
[1,0,0,0]
[1,0,0,0]
[1,0,0,0]
[1,0,0,0]
[1,0,0,0]
[1,0,0,0]
[1,0,0,0]
[1,0,0,0]
[1,0,0,0]
[1,0,0,0]
[1,0,0,0]
[1,0,0,0]
[1,0,0,0]
[1,0,0,0]
[1,0,0,0]
[1,0,0,0]
[1,0,0,0]
[1,0,0,0]
[1,0,0,0]
[1,0,0,0]
[1,0,0,0]
[1,0,0,0]
[1,0,0,0]
[1,0,0,0]
[1,0,0,0]
[1,0,0,0]
[1,0,0,0]
[1,0,0,0]
[1,0,0,0]
[1,0,0,0]
[1,0,0,0]
[1,0,0,0]
[1,0,0,0]
[1,0,0,0]
[1,0,0,0]
[1,0,0,0]
[1,0,0,0]
[1,0,0,0]
[1,0,0,0]
[1,0,0,0]
[1,0,0,0]
[1,0,0,0]
[1,0,0,0]
[1,0,0,0]
[1,0,0,0]
[1,0,0,0]
[1,0,0,0]
[1,0,0,0]
[1,0,0,0]
[1,0,0,0]
[1,0,0,0]
[1,0,0,0]
[1,0,0,0]
[1,0,0,0]
[1,0,0,0]
[1,0,0,0]
[1,0,0,0]
[1,0,0,0]
[1,0,0,0]
[1,0,0,0]
[1,0,0,0]
[1,0,0,0]
[1,0,0,0]
[1,0,0,0]
[1,0,0,0]
[1,0,0,0]
[1,0,0,0]
[1,0,0,0]
[1,0,0,0]
[1,0,0,0]
[1,0,0,0]
[1,0,0,0]
[1,0,0,0]
[1,0,0,0]
[1,0,0,0]
[1,0,0,0]
[1,0,0,0]
[1,0,0,0]
[1,0,0,0]
[1,0,0,0]
[1,0,0,0]
[1,0,0,0]
[1,0,0,0]
[1,0,0,0]
[1,0,0,0]
[1,0,0,0]
[1,0,0,0]
[1,0,0,0]
[1,0,0,0]
[1,0,0,0]
[1,0,0,0]
[1,0,0,0]
[1,0,0,0]
[1,0,0,0]
[1,0,0,0]
[1,0,0,0]
[1,0,0,0]
[1,0,0,0]
[1,0,0,0]
[1,0,0,0]
[1,0,0,0]
[1,0,0,0]
[1,0,0,0]
[1,0,0,0]
[1,0,0,0]
[1,0,0,0]
[1,0,0,0]
[1,0,0,0]
[1,0,0,0]
[1,0,0,0]
[1,0,0,0]
[1,0,0,0]
[1,0,0,0]
[1,0,0,0]
[1,0,0,0]
[1,0,0,0]
[1,0,0,0]
[1,0,0,0]
[1,0,0,0]
[1,0,0,0]
[1,0,0,0]
[1,0,0,0]
[1,0,0,0]
[1,0,0,0]
[1,0,0,0]
[1,0,0,0]
[1,0,0,0]
[1,0,0,0]
[1,0,0,0]
[1,0,0,0]
[1,0,0,0]
[1,0,0,0]
[1,0,0,0]
[1,0,0,0]
[1,0,0,0]
[1,0,0,0]
[1,0,0,0]
[1,0,0,0]
[1,0,0,0]
[1,0,0,0]
[1,0,0,0]
[1,0,0,0]
[1,0,0,0]
[1,0,0,0]
[1,0,0,0]
[1,0,0,0]
[1,0,0,0]
[1,0,0,0]
[1,0,0,0]
[1,0,0,0]
[1,0,0,0]
[1,0,0,0]
[1,0,0,0]
[1,0,0,0]
[1,0,0,0]
[1,0,0,0]
[1,0,0,0]
[1,0,0,0]
[1,0,0,0]
[1,0,0,0]
[1,0,0,0]
[1,0,0,0]
[1,0,0,0]
[1,0,0,0]
[1,0,0,0]
[1,0,0,0]
[1,0,0,0]
[1,0,0,0]
[1,0,0,0]
[1,0,0,0]
[1,0,0,0]
[1,0,0,0]
[1,0,0,0]
[1,0,0,0]
[1,0,0,0]
[1,0,0,0]
[1,0,0,0]
[1,0,0,0]
[1,0,0,0]
[1,0,0,0]
[1,0,0,0]
[1,0,0,0]
[1,0,0,0]
[1,0,0,0]
[1,0,0,0]
[1,0,0,0]
[1,0,0,0]
[1,0,0,0]
[1,0,0,0]
[1,0,0,0]
[1,0,0,0]
[1,0,0,0]
[1,0,0,0]
[1,0,0,0]
[1,0,0,0]
[1,0,0,0]
[1,0,0,0]
[1,0,0,0]
[1,0,0,0]
[1,0,0,0]
[1,0,0,0]
[1,0,0,0]
[1,0,0,0]
[1,0,0,0]
[1,0,0,0]
[1,0,0,0]
[1,0,0,0]
[1,0,0,0]
[1,0,0,0]
[1,0,0,0]
[1,0,0,0]
[1,0,0,0]
[1,0,0,0]
[1,0,0,0]
[1,0,0,0]
[1,0,0,0]
[1,0,0,0]
[1,0,0,0]
[1,0,0,0]
[1,0,0,0]
[1,0,0,0]
[1,0,0,0]
[1,0,0,0]
[1,0,0,0]
[1,0,0,0]
[1,0,0,0]
[1,0,0,0]
[1,0,0,0]
[1,0,0,0]
[1,0,0,0]
[1,0,0,0]
[1,0,0,0]
[1,0,0,0]
[1,0,0,0]
[1,0,0,0]
[1,0,0,0]
[1,0,0,0]
[1,0,0,0]
[1,0,0,0]
[1,0,0,0]
[1,0,0,0]
[1,0,0,0]
[1,0,0,0]
[1,0,0,0]
[1,0,0,0]
[1,0,0,0]
[1,0,0,0]
[1,0,0,0]
[1,0,0,0]
[1,0,0,0]
[1,0,0,0]
[1,0,0,0]
[1,0,0,0]
[1,0,0,0]
[1,0,0,0]
[1,0,0,0]
[1,0,0,0]
[1,0,0,0]
[1,0,0,0]
[1,0,0,0]
[1,0,0,0]
[1,0,0,0]
[1,0,0,0]
[1,0,0,0]
[1,0,0,0]
[1,0,0,0]
[1,0,0,0]
[1,0,0,0]
[1,0,0,0]
[1,0,0,0]
[1,0,0,0]
[1,0,0,0]
[1,0,0,0]
[1,0,0,0]
[1,0,0,0]
[1,0,0,0]
[1,0,0,0]
[1,0,0,0]
[1,0,0,0]
[1,0,0,0]
[1,0,0,0]
[1,0,0,0]
[1,0,0,0]
[1,0,0,0]
[1,0,0,0]
[1,0,0,0]
[1,0,0,0]
[1,0,0,0]
[1,0,0,0]
[1,0,0,0]
[1,0,0,0]
[1,0,0,0]
[1,0,0,0]
[1,0,0,0]
[1,0,0,0]
[1,0,0,0]
[1,0,0,0]
[1,0,0,0]
[1,0,0,0]
[1,0,0,0]
[1,0,0,0]
[1,0,0,0]
[1,0,0,0]
[1,0,0,0]
[1,0,0,0]
[1,0,0,0]
[1,0,0,0]
[1,0,0,0]
[1,0,0,0]
[1,0,0,0]
[1,0,0,0]
[1,0,0,0]
[1,0,0,0]
[1,0,0,0]
[1,0,0,0]
[1,0,0,0]
[1,0,0,0]
[1,0,0,0]
[1,0,0,0]
[1,0,0,0]
[1,0,0,0]
[1,0,0,0]
[1,0,0,0]
[1,0,0,0]
[1,0,0,0]
[1,0,0,0]
[1,0,0,0]
[1,0,0,0]
[1,0,0,0]
[1,0,0,0]
[1,0,0,0]
[1,0,0,0]
[1,0,0,0]
[1,0,0,0]
[1,0,0,0]
[1,0,0,0]
[1,0,0,0]
[1,0,0,0]
[1,0,0,0]
[1,0,0,0]
[1,0,0,0]
[1,0,0,0]
[1,0,0,0]
[1,0,0,0]
[1,0,0,0]
[1,0,0,0]
[1,0,0,0]
[1,0,0,0]
[1,0,0,0]
[1,0,0,0]
[1,0,0,0]
[1,0,0,0]
[1,0,0,0]
[1,0,0,0]
[1,0,0,0]
[1,0,0,0]
[1,0,0,0]
[1,0,0,0]
[1,0,0,0]
[1,0,0,0]
[1,0,0,0]
[1,0,0,0]
[1,0,0,0]
[1,0,0,0]
[1,0,0,0]
[1,0,0,0]
[1,0,0,0]
[1,0,0,0]
[1,0,0,0]
[1,0,0,0]
[1,0,0,0]
[1,0,0,0]
[1,0,0,0]
[1,0,0,0]
[1,0,0,0]
[1,0,0,0]
[1,0,0,0]
[1,0,0,0]
[1,0,0,0]
[1,0,0,0]
