1290
10
[-5.99535,0,0]
[-5.9907,0,0]
[-5.98605,0,0]
[-5.9814,0,0]
[-5.97674,0,0]
[-5.97209,0,0]
[-5.96744,0,0]
[-5.96279,0,0]
[-5.95814,0,0]
[-5.95349,0,0]
[-5.94884,0,0]
[-5.94419,0,0]
[-5.93953,0,0]
[-5.93488,0,0]
[-5.93023,0,0]
[-5.92558,0,0]
[-5.92093,0,0]
[-5.91628,0,0]
[-5.91163,0,0]
[-5.90698,0,0]
[-5.90233,0,0]
[-5.89767,0,0]
[-5.89302,0,0]
[-5.88837,0,0]
[-5.88372,0,0]
[-5.87907,0,0]
[-5.87442,0,0]
[-5.86977,0,0]
[-5.86512,0,0]
[-5.86047,0,0]
[-5.85581,0,0]
[-5.85116,0,0]
[-5.84651,0,0]
[-5.84186,0,0]
[-5.83721,0,0]
[-5.83256,0,0]
[-5.82791,0,0]
[-5.82326,0,0]
[-5.8186,0,0]
[-5.81395,0,0]
[-5.8093,0,0]
[-5.80465,0,0]
[-5.8,0,0]
[-5.79535,0,0]
[-5.7907,0,0]
[-5.78605,0,0]
[-5.7814,0,0]
[-5.77674,0,0]
[-5.77209,0,0]
[-5.76744,0,0]
[-5.76279,0,0]
[-5.75814,0,0]
[-5.75349,0,0]
[-5.74884,0,0]
[-5.74419,0,0]
[-5.73953,0,0]
[-5.73488,0,0]
[-5.73023,0,0]
[-5.72558,0,0]
[-5.72093,0,0]
[-5.71628,0,0]
[-5.71163,0,0]
[-5.70698,0,0]
[-5.70233,0,0]
[-5.69767,0,0]
[-5.69302,0,0]
[-5.68837,0,0]
[-5.68372,0,0]
[-5.67907,0,0]
[-5.67442,0,0]
[-5.66977,0,0]
[-5.66512,0,0]
[-5.66047,0,0]
[-5.65581,0,0]
[-5.65116,0,0]
[-5.64651,0,0]
[-5.64186,0,0]
[-5.63721,0,0]
[-5.63256,0,0]
[-5.62791,0,0]
[-5.62326,0,0]
[-5.6186,0,0]
[-5.61395,0,0]
[-5.6093,0,0]
[-5.60465,0,0]
[-5.6,0,0]
[-5.59535,0,0]
[-5.5907,0,0]
[-5.58605,0,0]
[-5.5814,0,0]
[-5.57674,0,0]
[-5.57209,0,0]
[-5.56744,0,0]
[-5.56279,0,0]
[-5.55814,0,0]
[-5.55349,0,0]
[-5.54884,0,0]
[-5.54419,0,0]
[-5.53953,0,0]
[-5.53488,0,0]
[-5.53023,0,0]
[-5.52558,0,0]
[-5.52093,0,0]
[-5.51628,0,0]
[-5.51163,0,0]
[-5.50698,0,0]
[-5.50233,0,0]
[-5.49767,0,0]
[-5.49302,0,0]
[-5.48837,0,0]
[-5.48372,0,0]
[-5.47907,0,0]
[-5.47442,0,0]
[-5.46977,0,0]
[-5.46512,0,0]
[-5.46047,0,0]
[-5.45581,0,0]
[-5.45116,0,0]
[-5.44651,0,0]
[-5.44186,0,0]
[-5.43721,0,0]
[-5.43256,0,0]
[-5.42791,0,0]
[-5.42326,0,0]
[-5.4186,0,0]
[-5.41395,0,0]
[-5.4093,0,0]
[-5.40465,0,0]
[-5.4,0,0]
[-5.39535,0,0]
[-5.3907,0,0]
[-5.38605,0,0]
[-5.3814,0,0]
[-5.37674,0,0]
[-5.37209,0,0]
[-5.36744,0,0]
[-5.36279,0,0]
[-5.35814,0,0]
[-5.35349,0,0]
[-5.34884,0,0]
[-5.34419,0,0]
[-5.33953,0,0]
[-5.33488,0,0]
[-5.33023,0,0]
[-5.32558,0,0]
[-5.32093,0,0]
[-5.31628,0,0]
[-5.31163,0,0]
[-5.30698,0,0]
[-5.30233,0,0]
[-5.29767,0,0]
[-5.29302,0,0]
[-5.28837,0,0]
[-5.28372,0,0]
[-5.27907,0,0]
[-5.27442,0,0]
[-5.26977,0,0]
[-5.26512,0,0]
[-5.26047,0,0]
[-5.25581,0,0]
[-5.25116,0,0]
[-5.24651,0,0]
[-5.24186,0,0]
[-5.23721,0,0]
[-5.23256,0,0]
[-5.22791,0,0]
[-5.22326,0,0]
[-5.2186,0,0]
[-5.21395,0,0]
[-5.2093,0,0]
[-5.20465,0,0]
[-5.2,0,0]
[-5.19535,0,0]
[-5.1907,0,0]
[-5.18605,0,0]
[-5.1814,0,0]
[-5.17674,0,0]
[-5.17209,0,0]
[-5.16744,0,0]
[-5.16279,0,0]
[-5.15814,0,0]
[-5.15349,0,0]
[-5.14884,0,0]
[-5.14419,0,0]
[-5.13953,0,0]
[-5.13488,0,0]
[-5.13023,0,0]
[-5.12558,0,0]
[-5.12093,0,0]
[-5.11628,0,0]
[-5.11163,0,0]
[-5.10698,0,0]
[-5.10233,0,0]
[-5.09767,0,0]
[-5.09302,0,0]
[-5.08837,0,0]
[-5.08372,0,0]
[-5.07907,0,0]
[-5.07442,0,0]
[-5.06977,0,0]
[-5.06512,0,0]
[-5.06047,0,0]
[-5.05581,0,0]
[-5.05116,0,0]
[-5.04651,0,0]
[-5.04186,0,0]
[-5.03721,0,0]
[-5.03256,0,0]
[-5.02791,0,0]
[-5.02326,0,0]
[-5.0186,0,0]
[-5.01395,0,0]
[-5.0093,0,0]
[-5.00465,0,0]
[-5,0,0]
[-4.99535,0,0]
[-4.9907,0,0]
[-4.98605,0,0]
[-4.9814,0,0]
[-4.97674,0,0]
[-4.97209,0,0]
[-4.96744,0,0]
[-4.96279,0,0]
[-4.95814,0,0]
[-4.95349,0,0]
[-4.94884,0,0]
[-4.94419,0,0]
[-4.93953,0,0]
[-4.93488,0,0]
[-4.93023,0,0]
[-4.92558,0,0]
[-4.92093,0,0]
[-4.91628,0,0]
[-4.91163,0,0]
[-4.90698,0,0]
[-4.90233,0,0]
[-4.89767,0,0]
[-4.89302,0,0]
[-4.88837,0,0]
[-4.88372,0,0]
[-4.87907,0,0]
[-4.87442,0,0]
[-4.86977,0,0]
[-4.86512,0,0]
[-4.86047,0,0]
[-4.85581,0,0]
[-4.85116,0,0]
[-4.84651,0,0]
[-4.84186,0,0]
[-4.83721,0,0]
[-4.83256,0,0]
[-4.82791,0,0]
[-4.82326,0,0]
[-4.8186,0,0]
[-4.81395,0,0]
[-4.8093,0,0]
[-4.80465,0,0]
[-4.8,0,0]
[-4.79535,0,0]
[-4.7907,0,0]
[-4.78605,0,0]
[-4.7814,0,0]
[-4.77674,0,0]
[-4.77209,0,0]
[-4.76744,0,0]
[-4.76279,0,0]
[-4.75814,0,0]
[-4.75349,0,0]
[-4.74884,0,0]
[-4.74419,0,0]
[-4.73953,0,0]
[-4.73488,0,0]
[-4.73023,0,0]
[-4.72558,0,0]
[-4.72093,0,0]
[-4.71628,0,0]
[-4.71163,0,0]
[-4.70698,0,0]
[-4.70233,0,0]
[-4.69767,0,0]
[-4.69302,0,0]
[-4.68837,0,0]
[-4.68372,0,0]
[-4.67907,0,0]
[-4.67442,0,0]
[-4.66977,0,0]
[-4.66512,0,0]
[-4.66047,0,0]
[-4.65581,0,0]
[-4.65116,0,0]
[-4.64651,0,0]
[-4.64186,0,0]
[-4.63721,0,0]
[-4.63256,0,0]
[-4.62791,0,0]
[-4.62326,0,0]
[-4.6186,0,0]
[-4.61395,0,0]
[-4.6093,0,0]
[-4.60465,0,0]
[-4.6,0,0]
[-4.59535,0,0]
[-4.5907,0,0]
[-4.58605,0,0]
[-4.5814,0,0]
[-4.57674,0,0]
[-4.57209,0,0]
[-4.56744,0,0]
[-4.56279,0,0]
[-4.55814,0,0]
[-4.55349,0,0]
[-4.54884,0,0]
[-4.54419,0,0]
[-4.53953,0,0]
[-4.53488,0,0]
[-4.53023,0,0]
[-4.52558,0,0]
[-4.52093,0,0]
[-4.51628,0,0]
[-4.51163,0,0]
[-4.50698,0,0]
[-4.50233,0,0]
[-4.49767,0,0]
[-4.49302,0,0]
[-4.48837,0,0]
[-4.48372,0,0]
[-4.47907,0,0]
[-4.47442,0,0]
[-4.46977,0,0]
[-4.46512,0,0]
[-4.46047,0,0]
[-4.45581,0,0]
[-4.45116,0,0]
[-4.44651,0,0]
[-4.44186,0,0]
[-4.43721,0,0]
[-4.43256,0,0]
[-4.42791,0,0]
[-4.42326,0,0]
[-4.4186,0,0]
[-4.41395,0,0]
[-4.4093,0,0]
[-4.40465,0,0]
[-4.4,0,0]
[-4.39535,0,0]
[-4.3907,0,0]
[-4.38605,0,0]
[-4.3814,0,0]
[-4.37674,0,0]
[-4.37209,0,0]
[-4.36744,0,0]
[-4.36279,0,0]
[-4.35814,0,0]
[-4.35349,0,0]
[-4.34884,0,0]
[-4.34419,0,0]
[-4.33953,0,0]
[-4.33488,0,0]
[-4.33023,0,0]
[-4.32558,0,0]
[-4.32093,0,0]
[-4.31628,0,0]
[-4.31163,0,0]
[-4.30698,0,0]
[-4.30233,0,0]
[-4.29767,0,0]
[-4.29302,0,0]
[-4.28837,0,0]
[-4.28372,0,0]
[-4.27907,0,0]
[-4.27442,0,0]
[-4.26977,0,0]
[-4.26512,0,0]
[-4.26047,0,0]
[-4.25581,0,0]
[-4.25116,0,0]
[-4.24651,0,0]
[-4.24186,0,0]
[-4.23721,0,0]
[-4.23256,0,0]
[-4.22791,0,0]
[-4.22326,0,0]
[-4.2186,0,0]
[-4.21395,0,0]
[-4.2093,0,0]
[-4.20465,0,0]
[-4.2,0,0]
[-4.19535,0,0]
[-4.1907,0,0]
[-4.18605,0,0]
[-4.1814,0,0]
[-4.17674,0,0]
[-4.17209,0,0]
[-4.16744,0,0]
[-4.16279,0,0]
[-4.15814,0,0]
[-4.15349,0,0]
[-4.14884,0,0]
[-4.14419,0,0]
[-4.13953,0,0]
[-4.13488,0,0]
[-4.13023,0,0]
[-4.12558,0,0]
[-4.12093,0,0]
[-4.11628,0,0]
[-4.11163,0,0]
[-4.10698,0,0]
[-4.10233,0,0]
[-4.09767,0,0]
[-4.09302,0,0]
[-4.08837,0,0]
[-4.08372,0,0]
[-4.07907,0,0]
[-4.07442,0,0]
[-4.06977,0,0]
[-4.06512,0,0]
[-4.06047,0,0]
[-4.05581,0,0]
[-4.05116,0,0]
[-4.04651,0,0]
[-4.04186,0,0]
[-4.03721,0,0]
[-4.03256,0,0]
[-4.02791,0,0]
[-4.02326,0,0]
[-4.0186,0,0]
[-4.01395,0,0]
[-4.0093,0,0]
[-4.00465,0,0]
[-4,0,0]
[-3.99535,0,0]
[-3.9907,0,0]
[-3.98605,0,0]
[-3.9814,0,0]
[-3.97674,0,0]
[-3.97209,0,0]
[-3.96744,0,0]
[-3.96279,0,0]
[-3.95814,0,0]
[-3.95349,0,0]
[-3.94884,0,0]
[-3.94419,0,0]
[-3.93953,0,0]
[-3.93488,0,0]
[-3.93023,0,0]
[-3.92558,0,0]
[-3.92093,0,0]
[-3.91628,0,0]
[-3.91163,0,0]
[-3.90698,0,0]
[-3.90233,0,0]
[-3.89767,0,0]
[-3.89302,0,0]
[-3.88837,0,0]
[-3.88372,0,0]
[-3.87907,0,0]
[-3.87442,0,0]
[-3.86977,0,0]
[-3.86512,0,0]
[-3.86047,0,0]
[-3.85581,0,0]
[-3.85116,0,0]
[-3.84651,0,0]
[-3.84186,0,0]
[-3.83721,0,0]
[-3.83256,0,0]
[-3.82791,0,0]
[-3.82326,0,0]
[-3.8186,0,0]
[-3.81395,0,0]
[-3.8093,0,0]
[-3.80465,0,0]
[-3.8,0,0]
[-3.79535,0,0]
[-3.7907,0,0]
[-3.78605,0,0]
[-3.7814,0,0]
[-3.77674,0,0]
[-3.77209,0,0]
[-3.76744,0,0]
[-3.76279,0,0]
[-3.75814,0,0]
[-3.75349,0,0]
[-3.74884,0,0]
[-3.74419,0,0]
[-3.73953,0,0]
[-3.73488,0,0]
[-3.73023,0,0]
[-3.72558,0,0]
[-3.72093,0,0]
[-3.71628,0,0]
[-3.71163,0,0]
[-3.70698,0,0]
[-3.70233,0,0]
[-3.69767,0,0]
[-3.69302,0,0]
[-3.68837,0,0]
[-3.68372,0,0]
[-3.67907,0,0]
[-3.67442,0,0]
[-3.66977,0,0]
[-3.66512,0,0]
[-3.66047,0,0]
[-3.65581,0,0]
[-3.65116,0,0]
[-3.64651,0,0]
[-3.64186,0,0]
[-3.63721,0,0]
[-3.63256,0,0]
[-3.62791,0,0]
[-3.62326,0,0]
[-3.6186,0,0]
[-3.61395,0,0]
[-3.6093,0,0]
[-3.60465,0,0]
[-3.6,0,0]
[-3.59535,0,0]
[-3.5907,0,0]
[-3.58605,0,0]
[-3.5814,0,0]
[-3.57674,0,0]
[-3.57209,0,0]
[-3.56744,0,0]
[-3.56279,0,0]
[-3.55814,0,0]
[-3.55349,0,0]
[-3.54884,0,0]
[-3.54419,0,0]
[-3.53953,0,0]
[-3.53488,0,0]
[-3.53023,0,0]
[-3.52558,0,0]
[-3.52093,0,0]
[-3.51628,0,0]
[-3.51163,0,0]
[-3.50698,0,0]
[-3.50233,0,0]
[-3.49767,0,0]
[-3.49302,0,0]
[-3.48837,0,0]
[-3.48372,0,0]
[-3.47907,0,0]
[-3.47442,0,0]
[-3.46977,0,0]
[-3.46512,0,0]
[-3.46047,0,0]
[-3.45581,0,0]
[-3.45116,0,0]
[-3.44651,0,0]
[-3.44186,0,0]
[-3.43721,0,0]
[-3.43256,0,0]
[-3.42791,0,0]
[-3.42326,0,0]
[-3.4186,0,0]
[-3.41395,0,0]
[-3.4093,0,0]
[-3.40465,0,0]
[-3.4,0,0]
[-3.39535,0,0]
[-3.3907,0,0]
[-3.38605,0,0]
[-3.3814,0,0]
[-3.37674,0,0]
[-3.37209,0,0]
[-3.36744,0,0]
[-3.36279,0,0]
[-3.35814,0,0]
[-3.35349,0,0]
[-3.34884,0,0]
[-3.34419,0,0]
[-3.33953,0,0]
[-3.33488,0,0]
[-3.33023,0,0]
[-3.32558,0,0]
[-3.32093,0,0]
[-3.31628,0,0]
[-3.31163,0,0]
[-3.30698,0,0]
[-3.30233,0,0]
[-3.29767,0,0]
[-3.29302,0,0]
[-3.28837,0,0]
[-3.28372,0,0]
[-3.27907,0,0]
[-3.27442,0,0]
[-3.26977,0,0]
[-3.26512,0,0]
[-3.26047,0,0]
[-3.25581,0,0]
[-3.25116,0,0]
[-3.24651,0,0]
[-3.24186,0,0]
[-3.23721,0,0]
[-3.23256,0,0]
[-3.22791,0,0]
[-3.22326,0,0]
[-3.2186,0,0]
[-3.21395,0,0]
[-3.2093,0,0]
[-3.20465,0,0]
[-3.2,0,0]
[-3.19535,0,0]
[-3.1907,0,0]
[-3.18605,0,0]
[-3.1814,0,0]
[-3.17674,0,0]
[-3.17209,0,0]
[-3.16744,0,0]
[-3.16279,0,0]
[-3.15814,0,0]
[-3.15349,0,0]
[-3.14884,0,0]
[-3.14419,0,0]
[-3.13953,0,0]
[-3.13488,0,0]
[-3.13023,0,0]
[-3.12558,0,0]
[-3.12093,0,0]
[-3.11628,0,0]
[-3.11163,0,0]
[-3.10698,0,0]
[-3.10233,0,0]
[-3.09767,0,0]
[-3.09302,0,0]
[-3.08837,0,0]
[-3.08372,0,0]
[-3.07907,0,0]
[-3.07442,0,0]
[-3.06977,0,0]
[-3.06512,0,0]
[-3.06047,0,0]
[-3.05581,0,0]
[-3.05116,0,0]
[-3.04651,0,0]
[-3.04186,0,0]
[-3.03721,0,0]
[-3.03256,0,0]
[-3.02791,0,0]
[-3.02326,0,0]
[-3.0186,0,0]
[-3.01395,0,0]
[-3.0093,0,0]
[-3.00465,0,0]
[-3,0,0]
[-2.99535,0,0]
[-2.9907,0,0]
[-2.98605,0,0]
[-2.9814,0,0]
[-2.97674,0,0]
[-2.97209,0,0]
[-2.96744,0,0]
[-2.96279,0,0]
[-2.95814,0,0]
[-2.95349,0,0]
[-2.94884,0,0]
[-2.94419,0,0]
[-2.93953,0,0]
[-2.93488,0,0]
[-2.93023,0,0]
[-2.92558,0,0]
[-2.92093,0,0]
[-2.91628,0,0]
[-2.91163,0,0]
[-2.90698,0,0]
[-2.90233,0,0]
[-2.89767,0,0]
[-2.89302,0,0]
[-2.88837,0,0]
[-2.88372,0,0]
[-2.87907,0,0]
[-2.87442,0,0]
[-2.86977,0,0]
[-2.86512,0,0]
[-2.86047,0,0]
[-2.85581,0,0]
[-2.85116,0,0]
[-2.84651,0,0]
[-2.84186,0,0]
[-2.83721,0,0]
[-2.83256,0,0]
[-2.82791,0,0]
[-2.82326,0,0]
[-2.8186,0,0]
[-2.81395,0,0]
[-2.8093,0,0]
[-2.80465,0,0]
[-2.8,0,0]
[-2.79535,0,0]
[-2.7907,0,0]
[-2.78605,0,0]
[-2.7814,0,0]
[-2.77674,0,0]
[-2.77209,0,0]
[-2.76744,0,0]
[-2.76279,0,0]
[-2.75814,0,0]
[-2.75349,0,0]
[-2.74884,0,0]
[-2.74419,0,0]
[-2.73953,0,0]
[-2.73488,0,0]
[-2.73023,0,0]
[-2.72558,0,0]
[-2.72093,0,0]
[-2.71628,0,0]
[-2.71163,0,0]
[-2.70698,0,0]
[-2.70233,0,0]
[-2.69767,0,0]
[-2.69302,0,0]
[-2.68837,0,0]
[-2.68372,0,0]
[-2.67907,0,0]
[-2.67442,0,0]
[-2.66977,0,0]
[-2.66512,0,0]
[-2.66047,0,0]
[-2.65581,0,0]
[-2.65116,0,0]
[-2.64651,0,0]
[-2.64186,0,0]
[-2.63721,0,0]
[-2.63256,0,0]
[-2.62791,0,0]
[-2.62326,0,0]
[-2.6186,0,0]
[-2.61395,0,0]
[-2.6093,0,0]
[-2.60465,0,0]
[-2.6,0,0]
[-2.59535,0,0]
[-2.5907,0,0]
[-2.58605,0,0]
[-2.5814,0,0]
[-2.57674,0,0]
[-2.57209,0,0]
[-2.56744,0,0]
[-2.56279,0,0]
[-2.55814,0,0]
[-2.55349,0,0]
[-2.54884,0,0]
[-2.54419,0,0]
[-2.53953,0,0]
[-2.53488,0,0]
[-2.53023,0,0]
[-2.52558,0,0]
[-2.52093,0,0]
[-2.51628,0,0]
[-2.51163,0,0]
[-2.50698,0,0]
[-2.50233,0,0]
[-2.49767,0,0]
[-2.49302,0,0]
[-2.48837,0,0]
[-2.48372,0,0]
[-2.47907,0,0]
[-2.47442,0,0]
[-2.46977,0,0]
[-2.46512,0,0]
[-2.46047,0,0]
[-2.45581,0,0]
[-2.45116,0,0]
[-2.44651,0,0]
[-2.44186,0,0]
[-2.43721,0,0]
[-2.43256,0,0]
[-2.42791,0,0]
[-2.42326,0,0]
[-2.4186,0,0]
[-2.41395,0,0]
[-2.4093,0,0]
[-2.40465,0,0]
[-2.4,0,0]
[-2.39535,0,0]
[-2.3907,0,0]
[-2.38605,0,0]
[-2.3814,0,0]
[-2.37674,0,0]
[-2.37209,0,0]
[-2.36744,0,0]
[-2.36279,0,0]
[-2.35814,0,0]
[-2.35349,0,0]
[-2.34884,0,0]
[-2.34419,0,0]
[-2.33953,0,0]
[-2.33488,0,0]
[-2.33023,0,0]
[-2.32558,0,0]
[-2.32093,0,0]
[-2.31628,0,0]
[-2.31163,0,0]
[-2.30698,0,0]
[-2.30233,0,0]
[-2.29767,0,0]
[-2.29302,0,0]
[-2.28837,0,0]
[-2.28372,0,0]
[-2.27907,0,0]
[-2.27442,0,0]
[-2.26977,0,0]
[-2.26512,0,0]
[-2.26047,0,0]
[-2.25581,0,0]
[-2.25116,0,0]
[-2.24651,0,0]
[-2.24186,0,0]
[-2.23721,0,0]
[-2.23256,0,0]
[-2.22791,0,0]
[-2.22326,0,0]
[-2.2186,0,0]
[-2.21395,0,0]
[-2.2093,0,0]
[-2.20465,0,0]
[-2.2,0,0]
[-2.19535,0,0]
[-2.1907,0,0]
[-2.18605,0,0]
[-2.1814,0,0]
[-2.17674,0,0]
[-2.17209,0,0]
[-2.16744,0,0]
[-2.16279,0,0]
[-2.15814,0,0]
[-2.15349,0,0]
[-2.14884,0,0]
[-2.14419,0,0]
[-2.13953,0,0]
[-2.13488,0,0]
[-2.13023,0,0]
[-2.12558,0,0]
[-2.12093,0,0]
[-2.11628,0,0]
[-2.11163,0,0]
[-2.10698,0,0]
[-2.10233,0,0]
[-2.09767,0,0]
[-2.09302,0,0]
[-2.08837,0,0]
[-2.08372,0,0]
[-2.07907,0,0]
[-2.07442,0,0]
[-2.06977,0,0]
[-2.06512,0,0]
[-2.06047,0,0]
[-2.05581,0,0]
[-2.05116,0,0]
[-2.04651,0,0]
[-2.04186,0,0]
[-2.03721,0,0]
[-2.03256,0,0]
[-2.02791,0,0]
[-2.02326,0,0]
[-2.0186,0,0]
[-2.01395,0,0]
[-2.0093,0,0]
[-2.00465,0,0]
[-2,0,0]
[-1.99535,0,0]
[-1.9907,0,0]
[-1.98605,0,0]
[-1.9814,0,0]
[-1.97674,0,0]
[-1.97209,0,0]
[-1.96744,0,0]
[-1.96279,0,0]
[-1.95814,0,0]
[-1.95349,0,0]
[-1.94884,0,0]
[-1.94419,0,0]
[-1.93953,0,0]
[-1.93488,0,0]
[-1.93023,0,0]
[-1.92558,0,0]
[-1.92093,0,0]
[-1.91628,0,0]
[-1.91163,0,0]
[-1.90698,0,0]
[-1.90233,0,0]
[-1.89767,0,0]
[-1.89302,0,0]
[-1.88837,0,0]
[-1.88372,0,0]
[-1.87907,0,0]
[-1.87442,0,0]
[-1.86977,0,0]
[-1.86512,0,0]
[-1.86047,0,0]
[-1.85581,0,0]
[-1.85116,0,0]
[-1.84651,0,0]
[-1.84186,0,0]
[-1.83721,0,0]
[-1.83256,0,0]
[-1.82791,0,0]
[-1.82326,0,0]
[-1.8186,0,0]
[-1.81395,0,0]
[-1.8093,0,0]
[-1.80465,0,0]
[-1.8,0,0]
[-1.79535,0,0]
[-1.7907,0,0]
[-1.78605,0,0]
[-1.7814,0,0]
[-1.77674,0,0]
[-1.77209,0,0]
[-1.76744,0,0]
[-1.76279,0,0]
[-1.75814,0,0]
[-1.75349,0,0]
[-1.74884,0,0]
[-1.74419,0,0]
[-1.73953,0,0]
[-1.73488,0,0]
[-1.73023,0,0]
[-1.72558,0,0]
[-1.72093,0,0]
[-1.71628,0,0]
[-1.71163,0,0]
[-1.70698,0,0]
[-1.70233,0,0]
[-1.69767,0,0]
[-1.69302,0,0]
[-1.68837,0,0]
[-1.68372,0,0]
[-1.67907,0,0]
[-1.67442,0,0]
[-1.66977,0,0]
[-1.66512,0,0]
[-1.66047,0,0]
[-1.65581,0,0]
[-1.65116,0,0]
[-1.64651,0,0]
[-1.64186,0,0]
[-1.63721,0,0]
[-1.63256,0,0]
[-1.62791,0,0]
[-1.62326,0,0]
[-1.6186,0,0]
[-1.61395,0,0]
[-1.6093,0,0]
[-1.60465,0,0]
[-1.6,0,0]
[-1.59535,0,0]
[-1.5907,0,0]
[-1.58605,0,0]
[-1.5814,0,0]
[-1.57674,0,0]
[-1.57209,0,0]
[-1.56744,0,0]
[-1.56279,0,0]
[-1.55814,0,0]
[-1.55349,0,0]
[-1.54884,0,0]
[-1.54419,0,0]
[-1.53953,0,0]
[-1.53488,0,0]
[-1.53023,0,0]
[-1.52558,0,0]
[-1.52093,0,0]
[-1.51628,0,0]
[-1.51163,0,0]
[-1.50698,0,0]
[-1.50233,0,0]
[-1.49767,0,0]
[-1.49302,0,0]
[-1.48837,0,0]
[-1.48372,0,0]
[-1.47907,0,0]
[-1.47442,0,0]
[-1.46977,0,0]
[-1.46512,0,0]
[-1.46047,0,0]
[-1.45581,0,0]
[-1.45116,0,0]
[-1.44651,0,0]
[-1.44186,0,0]
[-1.43721,0,0]
[-1.43256,0,0]
[-1.42791,0,0]
[-1.42326,0,0]
[-1.4186,0,0]
[-1.41395,0,0]
[-1.4093,0,0]
[-1.40465,0,0]
[-1.4,0,0]
[-1.39535,0,0]
[-1.3907,0,0]
[-1.38605,0,0]
[-1.3814,0,0]
[-1.37674,0,0]
[-1.37209,0,0]
[-1.36744,0,0]
[-1.36279,0,0]
[-1.35814,0,0]
[-1.35349,0,0]
[-1.34884,0,0]
[-1.34419,0,0]
[-1.33953,0,0]
[-1.33488,0,0]
[-1.33023,0,0]
[-1.32558,0,0]
[-1.32093,0,0]
[-1.31628,0,0]
[-1.31163,0,0]
[-1.30698,0,0]
[-1.30233,0,0]
[-1.29767,0,0]
[-1.29302,0,0]
[-1.28837,0,0]
[-1.28372,0,0]
[-1.27907,0,0]
[-1.27442,0,0]
[-1.26977,0,0]
[-1.26512,0,0]
[-1.26047,0,0]
[-1.25581,0,0]
[-1.25116,0,0]
[-1.24651,0,0]
[-1.24186,0,0]
[-1.23721,0,0]
[-1.23256,0,0]
[-1.22791,0,0]
[-1.22326,0,0]
[-1.2186,0,0]
[-1.21395,0,0]
[-1.2093,0,0]
[-1.20465,0,0]
[-1.2,0,0]
[-1.19535,0,0]
[-1.1907,0,0]
[-1.18605,0,0]
[-1.1814,0,0]
[-1.17674,0,0]
[-1.17209,0,0]
[-1.16744,0,0]
[-1.16279,0,0]
[-1.15814,0,0]
[-1.15349,0,0]
[-1.14884,0,0]
[-1.14419,0,0]
[-1.13953,0,0]
[-1.13488,0,0]
[-1.13023,0,0]
[-1.12558,0,0]
[-1.12093,0,0]
[-1.11628,0,0]
[-1.11163,0,0]
[-1.10698,0,0]
[-1.10233,0,0]
[-1.09767,0,0]
[-1.09302,0,0]
[-1.08837,0,0]
[-1.08372,0,0]
[-1.07907,0,0]
[-1.07442,0,0]
[-1.06977,0,0]
[-1.06512,0,0]
[-1.06047,0,0]
[-1.05581,0,0]
[-1.05116,0,0]
[-1.04651,0,0]
[-1.04186,0,0]
[-1.03721,0,0]
[-1.03256,0,0]
[-1.02791,0,0]
[-1.02326,0,0]
[-1.0186,0,0]
[-1.01395,0,0]
[-1.0093,0,0]
[-1.00465,0,0]
[-1,0,0]
[-0.995349,0,0]
[-0.990698,0,0]
[-0.986047,0,0]
[-0.981395,0,0]
[-0.976744,0,0]
[-0.972093,0,0]
[-0.967442,0,0]
[-0.962791,0,0]
[-0.95814,0,0]
[-0.953488,0,0]
[-0.948837,0,0]
[-0.944186,0,0]
[-0.939535,0,0]
[-0.934884,0,0]
[-0.930233,0,0]
[-0.925581,0,0]
[-0.92093,0,0]
[-0.916279,0,0]
[-0.911628,0,0]
[-0.906977,0,0]
[-0.902326,0,0]
[-0.897674,0,0]
[-0.893023,0,0]
[-0.888372,0,0]
[-0.883721,0,0]
[-0.87907,0,0]
[-0.874419,0,0]
[-0.869767,0,0]
[-0.865116,0,0]
[-0.860465,0,0]
[-0.855814,0,0]
[-0.851163,0,0]
[-0.846512,0,0]
[-0.84186,0,0]
[-0.837209,0,0]
[-0.832558,0,0]
[-0.827907,0,0]
[-0.823256,0,0]
[-0.818605,0,0]
[-0.813953,0,0]
[-0.809302,0,0]
[-0.804651,0,0]
[-0.8,0,0]
[-0.795349,0,0]
[-0.790698,0,0]
[-0.786047,0,0]
[-0.781395,0,0]
[-0.776744,0,0]
[-0.772093,0,0]
[-0.767442,0,0]
[-0.762791,0,0]
[-0.75814,0,0]
[-0.753488,0,0]
[-0.748837,0,0]
[-0.744186,0,0]
[-0.739535,0,0]
[-0.734884,0,0]
[-0.730233,0,0]
[-0.725581,0,0]
[-0.72093,0,0]
[-0.716279,0,0]
[-0.711628,0,0]
[-0.706977,0,0]
[-0.702326,0,0]
[-0.697674,0,0]
[-0.693023,0,0]
[-0.688372,0,0]
[-0.683721,0,0]
[-0.67907,0,0]
[-0.674419,0,0]
[-0.669767,0,0]
[-0.665116,0,0]
[-0.660465,0,0]
[-0.655814,0,0]
[-0.651163,0,0]
[-0.646512,0,0]
[-0.64186,0,0]
[-0.637209,0,0]
[-0.632558,0,0]
[-0.627907,0,0]
[-0.623256,0,0]
[-0.618605,0,0]
[-0.613953,0,0]
[-0.609302,0,0]
[-0.604651,0,0]
[-0.6,0,0]
[-0.595349,0,0]
[-0.590698,0,0]
[-0.586047,0,0]
[-0.581395,0,0]
[-0.576744,0,0]
[-0.572093,0,0]
[-0.567442,0,0]
[-0.562791,0,0]
[-0.55814,0,0]
[-0.553488,0,0]
[-0.548837,0,0]
[-0.544186,0,0]
[-0.539535,0,0]
[-0.534884,0,0]
[-0.530233,0,0]
[-0.525581,0,0]
[-0.52093,0,0]
[-0.516279,0,0]
[-0.511628,0,0]
[-0.506977,0,0]
[-0.502326,0,0]
[-0.497674,0,0]
[-0.493023,0,0]
[-0.488372,0,0]
[-0.483721,0,0]
[-0.47907,0,0]
[-0.474419,0,0]
[-0.469767,0,0]
[-0.465116,0,0]
[-0.460465,0,0]
[-0.455814,0,0]
[-0.451163,0,0]
[-0.446512,0,0]
[-0.44186,0,0]
[-0.437209,0,0]
[-0.432558,0,0]
[-0.427907,0,0]
[-0.423256,0,0]
[-0.418605,0,0]
[-0.413953,0,0]
[-0.409302,0,0]
[-0.404651,0,0]
[-0.4,0,0]
[-0.395349,0,0]
[-0.390698,0,0]
[-0.386047,0,0]
[-0.381395,0,0]
[-0.376744,0,0]
[-0.372093,0,0]
[-0.367442,0,0]
[-0.362791,0,0]
[-0.35814,0,0]
[-0.353488,0,0]
[-0.348837,0,0]
[-0.344186,0,0]
[-0.339535,0,0]
[-0.334884,0,0]
[-0.330233,0,0]
[-0.325581,0,0]
[-0.32093,0,0]
[-0.316279,0,0]
[-0.311628,0,0]
[-0.306977,0,0]
[-0.302326,0,0]
[-0.297674,0,0]
[-0.293023,0,0]
[-0.288372,0,0]
[-0.283721,0,0]
[-0.27907,0,0]
[-0.274419,0,0]
[-0.269767,0,0]
[-0.265116,0,0]
[-0.260465,0,0]
[-0.255814,0,0]
[-0.251163,0,0]
[-0.246512,0,0]
[-0.24186,0,0]
[-0.237209,0,0]
[-0.232558,0,0]
[-0.227907,0,0]
[-0.223256,0,0]
[-0.218605,0,0]
[-0.213953,0,0]
[-0.209302,0,0]
[-0.204651,0,0]
[-0.2,0,0]
[-0.195349,0,0]
[-0.190698,0,0]
[-0.186047,0,0]
[-0.181395,0,0]
[-0.176744,0,0]
[-0.172093,0,0]
[-0.167442,0,0]
[-0.162791,0,0]
[-0.15814,0,0]
[-0.153488,0,0]
[-0.148837,0,0]
[-0.144186,0,0]
[-0.139535,0,0]
[-0.134884,0,0]
[-0.130233,0,0]
[-0.125581,0,0]
[-0.12093,0,0]
[-0.116279,0,0]
[-0.111628,0,0]
[-0.106977,0,0]
[-0.102326,0,0]
[-0.0976744,0,0]
[-0.0930233,0,0]
[-0.0883721,0,0]
[-0.0837209,0,0]
[-0.0790698,0,0]
[-0.0744186,0,0]
[-0.0697674,0,0]
[-0.0651163,0,0]
[-0.0604651,0,0]
[-0.055814,0,0]
[-0.0511628,0,0]
[-0.0465116,0,0]
[-0.0418605,0,0]
[-0.0372093,0,0]
[-0.0325581,0,0]
[-0.027907,0,0]
[-0.0232558,0,0]
[-0.0186047,0,0]
[-0.0139535,0,0]
[-0.00930233,0,0]
[-0.00465116,0,0]
[0,0,0]
[1,0,0,0]
[1,0,0,0]
[1,0,0,0]
[1,0,0,0]
[1,0,0,0]
[1,0,0,0]
[1,0,0,0]
[1,0,0,0]
[1,0,0,0]
[1,0,0,0]
[1,0,0,0]
[1,0,0,0]
[1,0,0,0]
[1,0,0,0]
[1,0,0,0]
[1,0,0,0]
[1,0,0,0]
[1,0,0,0]
[1,0,0,0]
[1,0,0,0]
[1,0,0,0]
[1,0,0,0]
[1,0,0,0]
[1,0,0,0]
[1,0,0,0]
[1,0,0,0]
[1,0,0,0]
[1,0,0,0]
[1,0,0,0]
[1,0,0,0]
[1,0,0,0]
[1,0,0,0]
[1,0,0,0]
[1,0,0,0]
[1,0,0,0]
[1,0,0,0]
[1,0,0,0]
[1,0,0,0]
[1,0,0,0]
[1,0,0,0]
[1,0,0,0]
[1,0,0,0]
[1,0,0,0]
[1,0,0,0]
[1,0,0,0]
[1,0,0,0]
[1,0,0,0]
[1,0,0,0]
[1,0,0,0]
[1,0,0,0]
[1,0,0,0]
[1,0,0,0]
[1,0,0,0]
[1,0,0,0]
[1,0,0,0]
[1,0,0,0]
[1,0,0,0]
[1,0,0,0]
[1,0,0,0]
[1,0,0,0]
[1,0,0,0]
[1,0,0,0]
[1,0,0,0]
[1,0,0,0]
[1,0,0,0]
[1,0,0,0]
[1,0,0,0]
[1,0,0,0]
[1,0,0,0]
[1,0,0,0]
[1,0,0,0]
[1,0,0,0]
[1,0,0,0]
[1,0,0,0]
[1,0,0,0]
[1,0,0,0]
[1,0,0,0]
[1,0,0,0]
[1,0,0,0]
[1,0,0,0]
[1,0,0,0]
[1,0,0,0]
[1,0,0,0]
[1,0,0,0]
[1,0,0,0]
[1,0,0,0]
[1,0,0,0]
[1,0,0,0]
[1,0,0,0]
[1,0,0,0]
[1,0,0,0]
[1,0,0,0]
[1,0,0,0]
[1,0,0,0]
[1,0,0,0]
[1,0,0,0]
[1,0,0,0]
[1,0,0,0]
[1,0,0,0]
[1,0,0,0]
[1,0,0,0]
[1,0,0,0]
[1,0,0,0]
[1,0,0,0]
[1,0,0,0]
[1,0,0,0]
[1,0,0,0]
[1,0,0,0]
[1,0,0,0]
[1,0,0,0]
[1,0,0,0]
[1,0,0,0]
[1,0,0,0]
[1,0,0,0]
[1,0,0,0]
[1,0,0,0]
[1,0,0,0]
[1,0,0,0]
[1,0,0,0]
[1,0,0,0]
[1,0,0,0]
[1,0,0,0]
[1,0,0,0]
[1,0,0,0]
[1,0,0,0]
[1,0,0,0]
[1,0,0,0]
[1,0,0,0]
[1,0,0,0]
[1,0,0,0]
[1,0,0,0]
[1,0,0,0]
[1,0,0,0]
[1,0,0,0]
[1,0,0,0]
[1,0,0,0]
[1,0,0,0]
[1,0,0,0]
[1,0,0,0]
[1,0,0,0]
[1,0,0,0]
[1,0,0,0]
[1,0,0,0]
[1,0,0,0]
[1,0,0,0]
[1,0,0,0]
[1,0,0,0]
[1,0,0,0]
[1,0,0,0]
[1,0,0,0]
[1,0,0,0]
[1,0,0,0]
[1,0,0,0]
[1,0,0,0]
[1,0,0,0]
[1,0,0,0]
[1,0,0,0]
[1,0,0,0]
[1,0,0,0]
[1,0,0,0]
[1,0,0,0]
[1,0,0,0]
[1,0,0,0]
[1,0,0,0]
[1,0,0,0]
[1,0,0,0]
[1,0,0,0]
[1,0,0,0]
[1,0,0,0]
[1,0,0,0]
[1,0,0,0]
[1,0,0,0]
[1,0,0,0]
[1,0,0,0]
[1,0,0,0]
[1,0,0,0]
[1,0,0,0]
[1,0,0,0]
[1,0,0,0]
[1,0,0,0]
[1,0,0,0]
[1,0,0,0]
[1,0,0,0]
[1,0,0,0]
[1,0,0,0]
[1,0,0,0]
[1,0,0,0]
[1,0,0,0]
[1,0,0,0]
[1,0,0,0]
[1,0,0,0]
[1,0,0,0]
[1,0,0,0]
[1,0,0,0]
[1,0,0,0]
[1,0,0,0]
[1,0,0,0]
[1,0,0,0]
[1,0,0,0]
[1,0,0,0]
[1,0,0,0]
[1,0,0,0]
[1,0,0,0]
[1,0,0,0]
[1,0,0,0]
[1,0,0,0]
[1,0,0,0]
[1,0,0,0]
[1,0,0,0]
[1,0,0,0]
[1,0,0,0]
[1,0,0,0]
[1,0,0,0]
[1,0,0,0]
[1,0,0,0]
[1,0,0,0]
[1,0,0,0]
[1,0,0,0]
[1,0,0,0]
[1,0,0,0]
[1,0,0,0]
[1,0,0,0]
[1,0,0,0]
[1,0,0,0]
[1,0,0,0]
[1,0,0,0]
[1,0,0,0]
[1,0,0,0]
[1,0,0,0]
[1,0,0,0]
[1,0,0,0]
[1,0,0,0]
[1,0,0,0]
[1,0,0,0]
[1,0,0,0]
[1,0,0,0]
[1,0,0,0]
[1,0,0,0]
[1,0,0,0]
[1,0,0,0]
[1,0,0,0]
[1,0,0,0]
[1,0,0,0]
[1,0,0,0]
[1,0,0,0]
[1,0,0,0]
[1,0,0,0]
[1,0,0,0]
[1,0,0,0]
[1,0,0,0]
[1,0,0,0]
[1,0,0,0]
[1,0,0,0]
[1,0,0,0]
[1,0,0,0]
[1,0,0,0]
[1,0,0,0]
[1,0,0,0]
[1,0,0,0]
[1,0,0,0]
[1,0,0,0]
[1,0,0,0]
[1,0,0,0]
[1,0,0,0]
[1,0,0,0]
[1,0,0,0]
[1,0,0,0]
[1,0,0,0]
[1,0,0,0]
[1,0,0,0]
[1,0,0,0]
[1,0,0,0]
[1,0,0,0]
[1,0,0,0]
[1,0,0,0]
[1,0,0,0]
[1,0,0,0]
[1,0,0,0]
[1,0,0,0]
[1,0,0,0]
[1,0,0,0]
[1,0,0,0]
[1,0,0,0]
[1,0,0,0]
[1,0,0,0]
[1,0,0,0]
[1,0,0,0]
[1,0,0,0]
[1,0,0,0]
[1,0,0,0]
[1,0,0,0]
[1,0,0,0]
[1,0,0,0]
[1,0,0,0]
[1,0,0,0]
[1,0,0,0]
[1,0,0,0]
[1,0,0,0]
[1,0,0,0]
[1,0,0,0]
[1,0,0,0]
[1,0,0,0]
[1,0,0,0]
[1,0,0,0]
[1,0,0,0]
[1,0,0,0]
[1,0,0,0]
[1,0,0,0]
[1,0,0,0]
[1,0,0,0]
[1,0,0,0]
[1,0,0,0]
[1,0,0,0]
[1,0,0,0]
[1,0,0,0]
[1,0,0,0]
[1,0,0,0]
[1,0,0,0]
[1,0,0,0]
[1,0,0,0]
[1,0,0,0]
[1,0,0,0]
[1,0,0,0]
[1,0,0,0]
[1,0,0,0]
[1,0,0,0]
[1,0,0,0]
[1,0,0,0]
[1,0,0,0]
[1,0,0,0]
[1,0,0,0]
[1,0,0,0]
[1,0,0,0]
[1,0,0,0]
[1,0,0,0]
[1,0,0,0]
[1,0,0,0]
[1,0,0,0]
[1,0,0,0]
[1,0,0,0]
[1,0,0,0]
[1,0,0,0]
[1,0,0,0]
[1,0,0,0]
[1,0,0,0]
[1,0,0,0]
[1,0,0,0]
[1,0,0,0]
[1,0,0,0]
[1,0,0,0]
[1,0,0,0]
[1,0,0,0]
[1,0,0,0]
[1,0,0,0]
[1,0,0,0]
[1,0,0,0]
[1,0,0,0]
[1,0,0,0]
[1,0,0,0]
[1,0,0,0]
[1,0,0,0]
[1,0,0,0]
[1,0,0,0]
[1,0,0,0]
[1,0,0,0]
[1,0,0,0]
[1,0,0,0]
[1,0,0,0]
[1,0,0,0]
[1,0,0,0]
[1,0,0,0]
[1,0,0,0]
[1,0,0,0]
[1,0,0,0]
[1,0,0,0]
[1,0,0,0]
[1,0,0,0]
[1,0,0,0]
[1,0,0,0]
[1,0,0,0]
[1,0,0,0]
[1,0,0,0]
[1,0,0,0]
[1,0,0,0]
[1,0,0,0]
[1,0,0,0]
[1,0,0,0]
[1,0,0,0]
[1,0,0,0]
[1,0,0,0]
[1,0,0,0]
[1,0,0,0]
[1,0,0,0]
[1,0,0,0]
[1,0,0,0]
[1,0,0,0]
[1,0,0,0]
[1,0,0,0]
[1,0,0,0]
[1,0,0,0]
[1,0,0,0]
[1,0,0,0]
[1,0,0,0]
[1,0,0,0]
[1,0,0,0]
[1,0,0,0]
[1,0,0,0]
[1,0,0,0]
[1,0,0,0]
[1,0,0,0]
[1,0,0,0]
[1,0,0,0]
[1,0,0,0]
[1,0,0,0]
[1,0,0,0]
[1,0,0,0]
[1,0,0,0]
[1,0,0,0]
[1,0,0,0]
[1,0,0,0]
[1,0,0,0]
[1,0,0,0]
[1,0,0,0]
[1,0,0,0]
[1,0,0,0]
[1,0,0,0]
[1,0,0,0]
[1,0,0,0]
[1,0,0,0]
[1,0,0,0]
[1,0,0,0]
[1,0,0,0]
[1,0,0,0]
[1,0,0,0]
[1,0,0,0]
[1,0,0,0]
[1,0,0,0]
[1,0,0,0]
[1,0,0,0]
[1,0,0,0]
[1,0,0,0]
[1,0,0,0]
[1,0,0,0]
[1,0,0,0]
[1,0,0,0]
[1,0,0,0]
[1,0,0,0]
[1,0,0,0]
[1,0,0,0]
[1,0,0,0]
[1,0,0,0]
[1,0,0,0]
[1,0,0,0]
[1,0,0,0]
[1,0,0,0]
[1,0,0,0]
[1,0,0,0]
[1,0,0,0]
[1,0,0,0]
[1,0,0,0]
[1,0,0,0]
[1,0,0,0]
[1,0,0,0]
[1,0,0,0]
[1,0,0,0]
[1,0,0,0]
[1,0,0,0]
[1,0,0,0]
[1,0,0,0]
[1,0,0,0]
[1,0,0,0]
[1,0,0,0]
[1,0,0,0]
[1,0,0,0]
[1,0,0,0]
[1,0,0,0]
[1,0,0,0]
[1,0,0,0]
[1,0,0,0]
[1,0,0,0]
[1,0,0,0]
[1,0,0,0]
[1,0,0,0]
[1,0,0,0]
[1,0,0,0]
[1,0,0,0]
[1,0,0,0]
[1,0,0,0]
[1,0,0,0]
[1,0,0,0]
[1,0,0,0]
[1,0,0,0]
[1,0,0,0]
[1,0,0,0]
[1,0,0,0]
[1,0,0,0]
[1,0,0,0]
[1,0,0,0]
[1,0,0,0]
[1,0,0,0]
[1,0,0,0]
[1,0,0,0]
[1,0,0,0]
[1,0,0,0]
[1,0,0,0]
[1,0,0,0]
[1,0,0,0]
[1,0,0,0]
[1,0,0,0]
[1,0,0,0]
[1,0,0,0]
[1,0,0,0]
[1,0,0,0]
[1,0,0,0]
[1,0,0,0]
[1,0,0,0]
[1,0,0,0]
[1,0,0,0]
[1,0,0,0]
[1,0,0,0]
[1,0,0,0]
[1,0,0,0]
[1,0,0,0]
[1,0,0,0]
[1,0,0,0]
[1,0,0,0]
[1,0,0,0]
[1,0,0,0]
[1,0,0,0]
[1,0,0,0]
[1,0,0,0]
[1,0,0,0]
[1,0,0,0]
[1,0,0,0]
[1,0,0,0]
[1,0,0,0]
[1,0,0,0]
[1,0,0,0]
[1,0,0,0]
[1,0,0,0]
[1,0,0,0]
[1,0,0,0]
[1,0,0,0]
[1,0,0,0]
[1,0,0,0]
[1,0,0,0]
[1,0,0,0]
[1,0,0,0]
[1,0,0,0]
[1,0,0,0]
[1,0,0,0]
[1,0,0,0]
[1,0,0,0]
[1,0,0,0]
[1,0,0,0]
[1,0,0,0]
[1,0,0,0]
[1,0,0,0]
[1,0,0,0]
[1,0,0,0]
[1,0,0,0]
[1,0,0,0]
[1,0,0,0]
[1,0,0,0]
[1,0,0,0]
[1,0,0,0]
[1,0,0,0]
[1,0,0,0]
[1,0,0,0]
[1,0,0,0]
[1,0,0,0]
[1,0,0,0]
[1,0,0,0]
[1,0,0,0]
[1,0,0,0]
[1,0,0,0]
[1,0,0,0]
[1,0,0,0]
[1,0,0,0]
[1,0,0,0]
[1,0,0,0]
[1,0,0,0]
[1,0,0,0]
[1,0,0,0]
[1,0,0,0]
[1,0,0,0]
[1,0,0,0]
[1,0,0,0]
[1,0,0,0]
[1,0,0,0]
[1,0,0,0]
[1,0,0,0]
[1,0,0,0]
[1,0,0,0]
[1,0,0,0]
[1,0,0,0]
[1,0,0,0]
[1,0,0,0]
[1,0,0,0]
[1,0,0,0]
[1,0,0,0]
[1,0,0,0]
[1,0,0,0]
[1,0,0,0]
[1,0,0,0]
[1,0,0,0]
[1,0,0,0]
[1,0,0,0]
[1,0,0,0]
[1,0,0,0]
[1,0,0,0]
[1,0,0,0]
[1,0,0,0]
[1,0,0,0]
[1,0,0,0]
[1,0,0,0]
[1,0,0,0]
[1,0,0,0]
[1,0,0,0]
[1,0,0,0]
[1,0,0,0]
[1,0,0,0]
[1,0,0,0]
[1,0,0,0]
[1,0,0,0]
[1,0,0,0]
[1,0,0,0]
[1,0,0,0]
[1,0,0,0]
[1,0,0,0]
[1,0,0,0]
[1,0,0,0]
[1,0,0,0]
[1,0,0,0]
[1,0,0,0]
[1,0,0,0]
[1,0,0,0]
[1,0,0,0]
[1,0,0,0]
[1,0,0,0]
[1,0,0,0]
[1,0,0,0]
[1,0,0,0]
[1,0,0,0]
[1,0,0,0]
[1,0,0,0]
[1,0,0,0]
[1,0,0,0]
[1,0,0,0]
[1,0,0,0]
[1,0,0,0]
[1,0,0,0]
[1,0,0,0]
[1,0,0,0]
[1,0,0,0]
[1,0,0,0]
[1,0,0,0]
[1,0,0,0]
[1,0,0,0]
[1,0,0,0]
[1,0,0,0]
[1,0,0,0]
[1,0,0,0]
[1,0,0,0]
[1,0,0,0]
[1,0,0,0]
[1,0,0,0]
[1,0,0,0]
[1,0,0,0]
[1,0,0,0]
[1,0,0,0]
[1,0,0,0]
[1,0,0,0]
[1,0,0,0]
[1,0,0,0]
[1,0,0,0]
[1,0,0,0]
[1,0,0,0]
[1,0,0,0]
[1,0,0,0]
[1,0,0,0]
[1,0,0,0]
[1,0,0,0]
[1,0,0,0]
[1,0,0,0]
[1,0,0,0]
[1,0,0,0]
[1,0,0,0]
[1,0,0,0]
[1,0,0,0]
[1,0,0,0]
[1,0,0,0]
[1,0,0,0]
[1,0,0,0]
[1,0,0,0]
[1,0,0,0]
[1,0,0,0]
[1,0,0,0]
[1,0,0,0]
[1,0,0,0]
[1,0,0,0]
[1,0,0,0]
[1,0,0,0]
[1,0,0,0]
[1,0,0,0]
[1,0,0,0]
[1,0,0,0]
[1,0,0,0]
[1,0,0,0]
[1,0,0,0]
[1,0,0,0]
[1,0,0,0]
[1,0,0,0]
[1,0,0,0]
[1,0,0,0]
[1,0,0,0]
[1,0,0,0]
[1,0,0,0]
[1,0,0,0]
[1,0,0,0]
[1,0,0,0]
[1,0,0,0]
[1,0,0,0]
[1,0,0,0]
[1,0,0,0]
[1,0,0,0]
[1,0,0,0]
[1,0,0,0]
[1,0,0,0]
[1,0,0,0]
[1,0,0,0]
[1,0,0,0]
[1,0,0,0]
[1,0,0,0]
[1,0,0,0]
[1,0,0,0]
[1,0,0,0]
[1,0,0,0]
[1,0,0,0]
[1,0,0,0]
[1,0,0,0]
[1,0,0,0]
[1,0,0,0]
[1,0,0,0]
[1,0,0,0]
[1,0,0,0]
[1,0,0,0]
[1,0,0,0]
[1,0,0,0]
[1,0,0,0]
[1,0,0,0]
[1,0,0,0]
[1,0,0,0]
[1,0,0,0]
[1,0,0,0]
[1,0,0,0]
[1,0,0,0]
[1,0,0,0]
[1,0,0,0]
[1,0,0,0]
[1,0,0,0]
[1,0,0,0]
[1,0,0,0]
[1,0,0,0]
[1,0,0,0]
[1,0,0,0]
[1,0,0,0]
[1,0,0,0]
[1,0,0,0]
[1,0,0,0]
[1,0,0,0]
[1,0,0,0]
[1,0,0,0]
[1,0,0,0]
[1,0,0,0]
[1,0,0,0]
[1,0,0,0]
[1,0,0,0]
[1,0,0,0]
[1,0,0,0]
[1,0,0,0]
[1,0,0,0]
[1,0,0,0]
[1,0,0,0]
[1,0,0,0]
[1,0,0,0]
[1,0,0,0]
[1,0,0,0]
[1,0,0,0]
[1,0,0,0]
[1,0,0,0]
[1,0,0,0]
[1,0,0,0]
[1,0,0,0]
[1,0,0,0]
[1,0,0,0]
[1,0,0,0]
[1,0,0,0]
[1,0,0,0]
[1,0,0,0]
[1,0,0,0]
[1,0,0,0]
[1,0,0,0]
[1,0,0,0]
[1,0,0,0]
[1,0,0,0]
[1,0,0,0]
[1,0,0,0]
[1,0,0,0]
[1,0,0,0]
[1,0,0,0]
[1,0,0,0]
[1,0,0,0]
[1,0,0,0]
[1,0,0,0]
[1,0,0,0]
[1,0,0,0]
[1,0,0,0]
[1,0,0,0]
[1,0,0,0]
[1,0,0,0]
[1,0,0,0]
[1,0,0,0]
[1,0,0,0]
[1,0,0,0]
[1,0,0,0]
[1,0,0,0]
[1,0,0,0]
[1,0,0,0]
[1,0,0,0]
[1,0,0,0]
[1,0,0,0]
[1,0,0,0]
[1,0,0,0]
[1,0,0,0]
[1,0,0,0]
[1,0,0,0]
[1,0,0,0]
[1,0,0,0]
[1,0,0,0]
[1,0,0,0]
[1,0,0,0]
[1,0,0,0]
[1,0,0,0]
[1,0,0,0]
[1,0,0,0]
[1,0,0,0]
[1,0,0,0]
[1,0,0,0]
[1,0,0,0]
[1,0,0,0]
[1,0,0,0]
[1,0,0,0]
[1,0,0,0]
[1,0,0,0]
[1,0,0,0]
[1,0,0,0]
[1,0,0,0]
[1,0,0,0]
[1,0,0,0]
[1,0,0,0]
[1,0,0,0]
[1,0,0,0]
[1,0,0,0]
[1,0,0,0]
[1,0,0,0]
[1,0,0,0]
[1,0,0,0]
[1,0,0,0]
[1,0,0,0]
[1,0,0,0]
[1,0,0,0]
[1,0,0,0]
[1,0,0,0]
[1,0,0,0]
[1,0,0,0]
[1,0,0,0]
[1,0,0,0]
[1,0,0,0]
[1,0,0,0]
[1,0,0,0]
[1,0,0,0]
[1,0,0,0]
[1,0,0,0]
[1,0,0,0]
[1,0,0,0]
[1,0,0,0]
[1,0,0,0]
[1,0,0,0]
[1,0,0,0]
[1,0,0,0]
[1,0,0,0]
[1,0,0,0]
[1,0,0,0]
[1,0,0,0]
[1,0,0,0]
[1,0,0,0]
[1,0,0,0]
[1,0,0,0]
[1,0,0,0]
[1,0,0,0]
[1,0,0,0]
[1,0,0,0]
[1,0,0,0]
[1,0,0,0]
[1,0,0,0]
[1,0,0,0]
[1,0,0,0]
[1,0,0,0]
[1,0,0,0]
[1,0,0,0]
[1,0,0,0]
[1,0,0,0]
[1,0,0,0]
[1,0,0,0]
[1,0,0,0]
[1,0,0,0]
[1,0,0,0]
[1,0,0,0]
[1,0,0,0]
[1,0,0,0]
[1,0,0,0]
[1,0,0,0]
[1,0,0,0]
[1,0,0,0]
[1,0,0,0]
[1,0,0,0]
[1,0,0,0]
[1,0,0,0]
[1,0,0,0]
[1,0,0,0]
[1,0,0,0]
[1,0,0,0]
[1,0,0,0]
[1,0,0,0]
[1,0,0,0]
[1,0,0,0]
[1,0,0,0]
[1,0,0,0]
[1,0,0,0]
[1,0,0,0]
[1,0,0,0]
[1,0,0,0]
[1,0,0,0]
[1,0,0,0]
[1,0,0,0]
[1,0,0,0]
[1,0,0,0]
[1,0,0,0]
[1,0,0,0]
[1,0,0,0]
[1,0,0,0]
[1,0,0,0]
[1,0,0,0]
[1,0,0,0]
[1,0,0,0]
[1,0,0,0]
[1,0,0,0]
[1,0,0,0]
[1,0,0,0]
[1,0,0,0]
[1,0,0,0]
[1,0,0,0]
[1,0,0,0]
[1,0,0,0]
[1,0,0,0]
[1,0,0,0]
[1,0,0,0]
[1,0,0,0]
[1,0,0,0]
[1,0,0,0]
[1,0,0,0]
[1,0,0,0]
[1,0,0,0]
[1,0,0,0]
[1,0,0,0]
[1,0,0,0]
[1,0,0,0]
[1,0,0,0]
[1,0,0,0]
[1,0,0,0]
[1,0,0,0]
[1,0,0,0]
[1,0,0,0]
[1,0,0,0]
[1,0,0,0]
[1,0,0,0]
[1,0,0,0]
[1,0,0,0]
[1,0,0,0]
[1,0,0,0]
[1,0,0,0]
[1,0,0,0]
[1,0,0,0]
[1,0,0,0]
[1,0,0,0]
[1,0,0,0]
[1,0,0,0]
[1,0,0,0]
[1,0,0,0]
[1,0,0,0]
[1,0,0,0]
[1,0,0,0]
[1,0,0,0]
[1,0,0,0]
[1,0,0,0]
[1,0,0,0]
[1,0,0,0]
[1,0,0,0]
[1,0,0,0]
[1,0,0,0]
[1,0,0,0]
[1,0,0,0]
[1,0,0,0]
[1,0,0,0]
[1,0,0,0]
[1,0,0,0]
[1,0,0,0]
[1,0,0,0]
[1,0,0,0]
[1,0,0,0]
[1,0,0,0]
[1,0,0,0]
[1,0,0,0]
[1,0,0,0]
[1,0,0,0]
[1,0,0,0]
[1,0,0,0]
[1,0,0,0]
[1,0,0,0]
[1,0,0,0]
[1,0,0,0]
[1,0,0,0]
[1,0,0,0]
[1,0,0,0]
[1,0,0,0]
[1,0,0,0]
[1,0,0,0]
[1,0,0,0]
[1,0,0,0]
[1,0,0,0]
[1,0,0,0]
[1,0,0,0]
[1,0,0,0]
[1,0,0,0]
[1,0,0,0]
[1,0,0,0]
[1,0,0,0]
[1,0,0,0]
[1,0,0,0]
[1,0,0,0]
[1,0,0,0]
[1,0,0,0]
[1,0,0,0]
[1,0,0,0]
[1,0,0,0]
[1,0,0,0]
[1,0,0,0]
[1,0,0,0]
[1,0,0,0]
[1,0,0,0]
[1,0,0,0]
[1,0,0,0]
[1,0,0,0]
[1,0,0,0]
[1,0,0,0]
[1,0,0,0]
[1,0,0,0]
[1,0,0,0]
[1,0,0,0]
[1,0,0,0]
[1,0,0,0]
[1,0,0,0]
[1,0,0,0]
[1,0,0,0]
[1,0,0,0]
[1,0,0,0]
[1,0,0,0]
[1,0,0,0]
[1,0,0,0]
[1,0,0,0]
[1,0,0,0]
[1,0,0,0]
[1,0,0,0]
[1,0,0,0]
[1,0,0,0]
[1,0,0,0]
[1,0,0,0]
[1,0,0,0]
[1,0,0,0]
[1,0,0,0]
[1,0,0,0]
[1,0,0,0]
[1,0,0,0]
[1,0,0,0]
[1,0,0,0]
[1,0,0,0]
[1,0,0,0]
[1,0,0,0]
[1,0,0,0]
[1,0,0,0]
[1,0,0,0]
[1,0,0,0]
[1,0,0,0]
[1,0,0,0]
[1,0,0,0]
[1,0,0,0]
[1,0,0,0]
[1,0,0,0]
[1,0,0,0]
[1,0,0,0]
[1,0,0,0]
[1,0,0,0]
[1,0,0,0]
[1,0,0,0]
[1,0,0,0]
[1,0,0,0]
[1,0,0,0]
[1,0,0,0]
[1,0,0,0]
[1,0,0,0]
[1,0,0,0]
[1,0,0,0]
[1,0,0,0]
[1,0,0,0]
[1,0,0,0]
[1,0,0,0]
[1,0,0,0]
[1,0,0,0]
[1,0,0,0]
[1,0,0,0]
[1,0,0,0]
[1,0,0,0]
[1,0,0,0]
[1,0,0,0]
[1,0,0,0]
[1,0,0,0]
[1,0,0,0]
[1,0,0,0]
[1,0,0,0]
[1,0,0,0]
[1,0,0,0]
[1,0,0,0]
[1,0,0,0]
[1,0,0,0]
[1,0,0,0]
[1,0,0,0]
[1,0,0,0]
[1,0,0,0]
[1,0,0,0]
[1,0,0,0]
[1,0,0,0]
[1,0,0,0]
[1,0,0,0]
[1,0,0,0]
[1,0,0,0]
[1,0,0,0]
[1,0,0,0]
[1,0,0,0]
[1,0,0,0]
[1,0,0,0]
[1,0,0,0]
[1,0,0,0]
[1,0,0,0]
[1,0,0,0]
[1,0,0,0]
[1,0,0,0]
[1,0,0,0]
[1,0,0,0]
[1,0,0,0]
[1,0,0,0]
[1,0,0,0]
[1,0,0,0]
[1,0,0,0]
[1,0,0,0]
[1,0,0,0]
[1,0,0,0]
[1,0,0,0]
[1,0,0,0]
[1,0,0,0]
[1,0,0,0]
[1,0,0,0]
[1,0,0,0]
[1,0,0,0]
[1,0,0,0]
[1,0,0,0]
[1,0,0,0]
[1,0,0,0]
[1,0,0,0]
[1,0,0,0]
[1,0,0,0]
[1,0,0,0]
[1,0,0,0]
[1,0,0,0]
[1,0,0,0]
[1,0,0,0]
[1,0,0,0]
[1,0,0,0]
[1,0,0,0]
[1,0,0,0]
[1,0,0,0]
[1,0,0,0]
[1,0,0,0]
[1,0,0,0]
[1,0,0,0]
[1,0,0,0]
[1,0,0,0]
[1,0,0,0]
[1,0,0,0]
[1,0,0,0]
[1,0,0,0]
[1,0,0,0]
[1,0,0,0]
[1,0,0,0]
[1,0,0,0]
[1,0,0,0]
[1,0,0,0]
[1,0,0,0]
[1,0,0,0]
[1,0,0,0]
[1,0,0,0]
[1,0,0,0]
[1,0,0,0]
[1,0,0,0]
[1,0,0,0]
[1,0,0,0]
[1,0,0,0]
[1,0,0,0]
[1,0,0,0]
[1,0,0,0]
[1,0,0,0]
[1,0,0,0]
[1,0,0,0]
[1,0,0,0]
[1,0,0,0]
[1,0,0,0]
[1,0,0,0]
[1,0,0,0]
[1,0,0,0]
[1,0,0,0]
[1,0,0,0]
[1,0,0,0]
[1,0,0,0]
[1,0,0,0]
[1,0,0,0]
[1,0,0,0]
[1,0,0,0]
[1,0,0,0]
[1,0,0,0]
[1,0,0,0]
[1,0,0,0]
[1,0,0,0]
[1,0,0,0]
[1,0,0,0]
[1,0,0,0]
[1,0,0,0]
[1,0,0,0]
[1,0,0,0]
[1,0,0,0]
[1,0,0,0]
[1,0,0,0]
[1,0,0,0]
[1,0,0,0]
[1,0,0,0]
[1,0,0,0]
[1,0,0,0]
[1,0,0,0]
[1,0,0,0]
[1,0,0,0]
[1,0,0,0]
[1,0,0,0]
[1,0,0,0]
[1,0,0,0]
[1,0,0,0]
[1,0,0,0]
[1,0,0,0]
[1,0,0,0]
[1,0,0,0]
[1,0,0,0]
[1,0,0,0]
[1,0,0,0]
[1,0,0,0]
[1,0,0,0]
[1,0,0,0]
[1,0,0,0]
[1,0,0,0]
[1,0,0,0]
[1,0,0,0]
[1,0,0,0]
[1,0,0,0]
