860
10
[-5.99302,0,0]
[-5.98605,0,0]
[-5.97907,0,0]
[-5.97209,0,0]
[-5.96512,0,0]
[-5.95814,0,0]
[-5.95116,0,0]
[-5.94419,0,0]
[-5.93721,0,0]
[-5.93023,0,0]
[-5.92326,0,0]
[-5.91628,0,0]
[-5.9093,0,0]
[-5.90233,0,0]
[-5.89535,0,0]
[-5.88837,0,0]
[-5.8814,0,0]
[-5.87442,0,0]
[-5.86744,0,0]
[-5.86047,0,0]
[-5.85349,0,0]
[-5.84651,0,0]
[-5.83953,0,0]
[-5.83256,0,0]
[-5.82558,0,0]
[-5.8186,0,0]
[-5.81163,0,0]
[-5.80465,0,0]
[-5.79767,0,0]
[-5.7907,0,0]
[-5.78372,0,0]
[-5.77674,0,0]
[-5.76977,0,0]
[-5.76279,0,0]
[-5.75581,0,0]
[-5.74884,0,0]
[-5.74186,0,0]
[-5.73488,0,0]
[-5.72791,0,0]
[-5.72093,0,0]
[-5.71395,0,0]
[-5.70698,0,0]
[-5.7,0,0]
[-5.69302,0,0]
[-5.68605,0,0]
[-5.67907,0,0]
[-5.67209,0,0]
[-5.66512,0,0]
[-5.65814,0,0]
[-5.65116,0,0]
[-5.64419,0,0]
[-5.63721,0,0]
[-5.63023,0,0]
[-5.62326,0,0]
[-5.61628,0,0]
[-5.6093,0,0]
[-5.60233,0,0]
[-5.59535,0,0]
[-5.58837,0,0]
[-5.5814,0,0]
[-5.57442,0,0]
[-5.56744,0,0]
[-5.56047,0,0]
[-5.55349,0,0]
[-5.54651,0,0]
[-5.53953,0,0]
[-5.53256,0,0]
[-5.52558,0,0]
[-5.5186,0,0]
[-5.51163,0,0]
[-5.50465,0,0]
[-5.49767,0,0]
[-5.4907,0,0]
[-5.48372,0,0]
[-5.47674,0,0]
[-5.46977,0,0]
[-5.46279,0,0]
[-5.45581,0,0]
[-5.44884,0,0]
[-5.44186,0,0]
[-5.43488,0,0]
[-5.42791,0,0]
[-5.42093,0,0]
[-5.41395,0,0]
[-5.40698,0,0]
[-5.4,0,0]
[-5.39302,0,0]
[-5.38605,0,0]
[-5.37907,0,0]
[-5.37209,0,0]
[-5.36512,0,0]
[-5.35814,0,0]
[-5.35116,0,0]
[-5.34419,0,0]
[-5.33721,0,0]
[-5.33023,0,0]
[-5.32326,0,0]
[-5.31628,0,0]
[-5.3093,0,0]
[-5.30233,0,0]
[-5.29535,0,0]
[-5.28837,0,0]
[-5.2814,0,0]
[-5.27442,0,0]
[-5.26744,0,0]
[-5.26047,0,0]
[-5.25349,0,0]
[-5.24651,0,0]
[-5.23953,0,0]
[-5.23256,0,0]
[-5.22558,0,0]
[-5.2186,0,0]
[-5.21163,0,0]
[-5.20465,0,0]
[-5.19767,0,0]
[-5.1907,0,0]
[-5.18372,0,0]
[-5.17674,0,0]
[-5.16977,0,0]
[-5.16279,0,0]
[-5.15581,0,0]
[-5.14884,0,0]
[-5.14186,0,0]
[-5.13488,0,0]
[-5.12791,0,0]
[-5.12093,0,0]
[-5.11395,0,0]
[-5.10698,0,0]
[-5.1,0,0]
[-5.09302,0,0]
[-5.08605,0,0]
[-5.07907,0,0]
[-5.07209,0,0]
[-5.06512,0,0]
[-5.05814,0,0]
[-5.05116,0,0]
[-5.04419,0,0]
[-5.03721,0,0]
[-5.03023,0,0]
[-5.02326,0,0]
[-5.01628,0,0]
[-5.0093,0,0]
[-5.00233,0,0]
[-4.99535,0,0]
[-4.98837,0,0]
[-4.9814,0,0]
[-4.97442,0,0]
[-4.96744,0,0]
[-4.96047,0,0]
[-4.95349,0,0]
[-4.94651,0,0]
[-4.93953,0,0]
[-4.93256,0,0]
[-4.92558,0,0]
[-4.9186,0,0]
[-4.91163,0,0]
[-4.90465,0,0]
[-4.89767,0,0]
[-4.8907,0,0]
[-4.88372,0,0]
[-4.87674,0,0]
[-4.86977,0,0]
[-4.86279,0,0]
[-4.85581,0,0]
[-4.84884,0,0]
[-4.84186,0,0]
[-4.83488,0,0]
[-4.82791,0,0]
[-4.82093,0,0]
[-4.81395,0,0]
[-4.80698,0,0]
[-4.8,0,0]
[-4.79302,0,0]
[-4.78605,0,0]
[-4.77907,0,0]
[-4.77209,0,0]
[-4.76512,0,0]
[-4.75814,0,0]
[-4.75116,0,0]
[-4.74419,0,0]
[-4.73721,0,0]
[-4.73023,0,0]
[-4.72326,0,0]
[-4.71628,0,0]
[-4.7093,0,0]
[-4.70233,0,0]
[-4.69535,0,0]
[-4.68837,0,0]
[-4.6814,0,0]
[-4.67442,0,0]
[-4.66744,0,0]
[-4.66047,0,0]
[-4.65349,0,0]
[-4.64651,0,0]
[-4.63953,0,0]
[-4.63256,0,0]
[-4.62558,0,0]
[-4.6186,0,0]
[-4.61163,0,0]
[-4.60465,0,0]
[-4.59767,0,0]
[-4.5907,0,0]
[-4.58372,0,0]
[-4.57674,0,0]
[-4.56977,0,0]
[-4.56279,0,0]
[-4.55581,0,0]
[-4.54884,0,0]
[-4.54186,0,0]
[-4.53488,0,0]
[-4.52791,0,0]
[-4.52093,0,0]
[-4.51395,0,0]
[-4.50698,0,0]
[-4.5,0,0]
[-4.49302,0,0]
[-4.48605,0,0]
[-4.47907,0,0]
[-4.47209,0,0]
[-4.46512,0,0]
[-4.45814,0,0]
[-4.45116,0,0]
[-4.44419,0,0]
[-4.43721,0,0]
[-4.43023,0,0]
[-4.42326,0,0]
[-4.41628,0,0]
[-4.4093,0,0]
[-4.40233,0,0]
[-4.39535,0,0]
[-4.38837,0,0]
[-4.3814,0,0]
[-4.37442,0,0]
[-4.36744,0,0]
[-4.36047,0,0]
[-4.35349,0,0]
[-4.34651,0,0]
[-4.33953,0,0]
[-4.33256,0,0]
[-4.32558,0,0]
[-4.3186,0,0]
[-4.31163,0,0]
[-4.30465,0,0]
[-4.29767,0,0]
[-4.2907,0,0]
[-4.28372,0,0]
[-4.27674,0,0]
[-4.26977,0,0]
[-4.26279,0,0]
[-4.25581,0,0]
[-4.24884,0,0]
[-4.24186,0,0]
[-4.23488,0,0]
[-4.22791,0,0]
[-4.22093,0,0]
[-4.21395,0,0]
[-4.20698,0,0]
[-4.2,0,0]
[-4.19302,0,0]
[-4.18605,0,0]
[-4.17907,0,0]
[-4.17209,0,0]
[-4.16512,0,0]
[-4.15814,0,0]
[-4.15116,0,0]
[-4.14419,0,0]
[-4.13721,0,0]
[-4.13023,0,0]
[-4.12326,0,0]
[-4.11628,0,0]
[-4.1093,0,0]
[-4.10233,0,0]
[-4.09535,0,0]
[-4.08837,0,0]
[-4.0814,0,0]
[-4.07442,0,0]
[-4.06744,0,0]
[-4.06047,0,0]
[-4.05349,0,0]
[-4.04651,0,0]
[-4.03953,0,0]
[-4.03256,0,0]
[-4.02558,0,0]
[-4.0186,0,0]
[-4.01163,0,0]
[-4.00465,0,0]
[-3.99767,0,0]
[-3.9907,0,0]
[-3.98372,0,0]
[-3.97674,0,0]
[-3.96977,0,0]
[-3.96279,0,0]
[-3.95581,0,0]
[-3.94884,0,0]
[-3.94186,0,0]
[-3.93488,0,0]
[-3.92791,0,0]
[-3.92093,0,0]
[-3.91395,0,0]
[-3.90698,0,0]
[-3.9,0,0]
[-3.89302,0,0]
[-3.88605,0,0]
[-3.87907,0,0]
[-3.87209,0,0]
[-3.86512,0,0]
[-3.85814,0,0]
[-3.85116,0,0]
[-3.84419,0,0]
[-3.83721,0,0]
[-3.83023,0,0]
[-3.82326,0,0]
[-3.81628,0,0]
[-3.8093,0,0]
[-3.80233,0,0]
[-3.79535,0,0]
[-3.78837,0,0]
[-3.7814,0,0]
[-3.77442,0,0]
[-3.76744,0,0]
[-3.76047,0,0]
[-3.75349,0,0]
[-3.74651,0,0]
[-3.73953,0,0]
[-3.73256,0,0]
[-3.72558,0,0]
[-3.7186,0,0]
[-3.71163,0,0]
[-3.70465,0,0]
[-3.69767,0,0]
[-3.6907,0,0]
[-3.68372,0,0]
[-3.67674,0,0]
[-3.66977,0,0]
[-3.66279,0,0]
[-3.65581,0,0]
[-3.64884,0,0]
[-3.64186,0,0]
[-3.63488,0,0]
[-3.62791,0,0]
[-3.62093,0,0]
[-3.61395,0,0]
[-3.60698,0,0]
[-3.6,0,0]
[-3.59302,0,0]
[-3.58605,0,0]
[-3.57907,0,0]
[-3.57209,0,0]
[-3.56512,0,0]
[-3.55814,0,0]
[-3.55116,0,0]
[-3.54419,0,0]
[-3.53721,0,0]
[-3.53023,0,0]
[-3.52326,0,0]
[-3.51628,0,0]
[-3.5093,0,0]
[-3.50233,0,0]
[-3.49535,0,0]
[-3.48837,0,0]
[-3.4814,0,0]
[-3.47442,0,0]
[-3.46744,0,0]
[-3.46047,0,0]
[-3.45349,0,0]
[-3.44651,0,0]
[-3.43953,0,0]
[-3.43256,0,0]
[-3.42558,0,0]
[-3.4186,0,0]
[-3.41163,0,0]
[-3.40465,0,0]
[-3.39767,0,0]
[-3.3907,0,0]
[-3.38372,0,0]
[-3.37674,0,0]
[-3.36977,0,0]
[-3.36279,0,0]
[-3.35581,0,0]
[-3.34884,0,0]
[-3.34186,0,0]
[-3.33488,0,0]
[-3.32791,0,0]
[-3.32093,0,0]
[-3.31395,0,0]
[-3.30698,0,0]
[-3.3,0,0]
[-3.29302,0,0]
[-3.28605,0,0]
[-3.27907,0,0]
[-3.27209,0,0]
[-3.26512,0,0]
[-3.25814,0,0]
[-3.25116,0,0]
[-3.24419,0,0]
[-3.23721,0,0]
[-3.23023,0,0]
[-3.22326,0,0]
[-3.21628,0,0]
[-3.2093,0,0]
[-3.20233,0,0]
[-3.19535,0,0]
[-3.18837,0,0]
[-3.1814,0,0]
[-3.17442,0,0]
[-3.16744,0,0]
[-3.16047,0,0]
[-3.15349,0,0]
[-3.14651,0,0]
[-3.13953,0,0]
[-3.13256,0,0]
[-3.12558,0,0]
[-3.1186,0,0]
[-3.11163,0,0]
[-3.10465,0,0]
[-3.09767,0,0]
[-3.0907,0,0]
[-3.08372,0,0]
[-3.07674,0,0]
[-3.06977,0,0]
[-3.06279,0,0]
[-3.05581,0,0]
[-3.04884,0,0]
[-3.04186,0,0]
[-3.03488,0,0]
[-3.02791,0,0]
[-3.02093,0,0]
[-3.01395,0,0]
[-3.00698,0,0]
[-3,0,0]
[-2.99302,0,0]
[-2.98605,0,0]
[-2.97907,0,0]
[-2.97209,0,0]
[-2.96512,0,0]
[-2.95814,0,0]
[-2.95116,0,0]
[-2.94419,0,0]
[-2.93721,0,0]
[-2.93023,0,0]
[-2.92326,0,0]
[-2.91628,0,0]
[-2.9093,0,0]
[-2.90233,0,0]
[-2.89535,0,0]
[-2.88837,0,0]
[-2.8814,0,0]
[-2.87442,0,0]
[-2.86744,0,0]
[-2.86047,0,0]
[-2.85349,0,0]
[-2.84651,0,0]
[-2.83953,0,0]
[-2.83256,0,0]
[-2.82558,0,0]
[-2.8186,0,0]
[-2.81163,0,0]
[-2.80465,0,0]
[-2.79767,0,0]
[-2.7907,0,0]
[-2.78372,0,0]
[-2.77674,0,0]
[-2.76977,0,0]
[-2.76279,0,0]
[-2.75581,0,0]
[-2.74884,0,0]
[-2.74186,0,0]
[-2.73488,0,0]
[-2.72791,0,0]
[-2.72093,0,0]
[-2.71395,0,0]
[-2.70698,0,0]
[-2.7,0,0]
[-2.69302,0,0]
[-2.68605,0,0]
[-2.67907,0,0]
[-2.67209,0,0]
[-2.66512,0,0]
[-2.65814,0,0]
[-2.65116,0,0]
[-2.64419,0,0]
[-2.63721,0,0]
[-2.63023,0,0]
[-2.62326,0,0]
[-2.61628,0,0]
[-2.6093,0,0]
[-2.60233,0,0]
[-2.59535,0,0]
[-2.58837,0,0]
[-2.5814,0,0]
[-2.57442,0,0]
[-2.56744,0,0]
[-2.56047,0,0]
[-2.55349,0,0]
[-2.54651,0,0]
[-2.53953,0,0]
[-2.53256,0,0]
[-2.52558,0,0]
[-2.5186,0,0]
[-2.51163,0,0]
[-2.50465,0,0]
[-2.49767,0,0]
[-2.4907,0,0]
[-2.48372,0,0]
[-2.47674,0,0]
[-2.46977,0,0]
[-2.46279,0,0]
[-2.45581,0,0]
[-2.44884,0,0]
[-2.44186,0,0]
[-2.43488,0,0]
[-2.42791,0,0]
[-2.42093,0,0]
[-2.41395,0,0]
[-2.40698,0,0]
[-2.4,0,0]
[-2.39302,0,0]
[-2.38605,0,0]
[-2.37907,0,0]
[-2.37209,0,0]
[-2.36512,0,0]
[-2.35814,0,0]
[-2.35116,0,0]
[-2.34419,0,0]
[-2.33721,0,0]
[-2.33023,0,0]
[-2.32326,0,0]
[-2.31628,0,0]
[-2.3093,0,0]
[-2.30233,0,0]
[-2.29535,0,0]
[-2.28837,0,0]
[-2.2814,0,0]
[-2.27442,0,0]
[-2.26744,0,0]
[-2.26047,0,0]
[-2.25349,0,0]
[-2.24651,0,0]
[-2.23953,0,0]
[-2.23256,0,0]
[-2.22558,0,0]
[-2.2186,0,0]
[-2.21163,0,0]
[-2.20465,0,0]
[-2.19767,0,0]
[-2.1907,0,0]
[-2.18372,0,0]
[-2.17674,0,0]
[-2.16977,0,0]
[-2.16279,0,0]
[-2.15581,0,0]
[-2.14884,0,0]
[-2.14186,0,0]
[-2.13488,0,0]
[-2.12791,0,0]
[-2.12093,0,0]
[-2.11395,0,0]
[-2.10698,0,0]
[-2.1,0,0]
[-2.09302,0,0]
[-2.08605,0,0]
[-2.07907,0,0]
[-2.07209,0,0]
[-2.06512,0,0]
[-2.05814,0,0]
[-2.05116,0,0]
[-2.04419,0,0]
[-2.03721,0,0]
[-2.03023,0,0]
[-2.02326,0,0]
[-2.01628,0,0]
[-2.0093,0,0]
[-2.00233,0,0]
[-1.99535,0,0]
[-1.98837,0,0]
[-1.9814,0,0]
[-1.97442,0,0]
[-1.96744,0,0]
[-1.96047,0,0]
[-1.95349,0,0]
[-1.94651,0,0]
[-1.93953,0,0]
[-1.93256,0,0]
[-1.92558,0,0]
[-1.9186,0,0]
[-1.91163,0,0]
[-1.90465,0,0]
[-1.89767,0,0]
[-1.8907,0,0]
[-1.88372,0,0]
[-1.87674,0,0]
[-1.86977,0,0]
[-1.86279,0,0]
[-1.85581,0,0]
[-1.84884,0,0]
[-1.84186,0,0]
[-1.83488,0,0]
[-1.82791,0,0]
[-1.82093,0,0]
[-1.81395,0,0]
[-1.80698,0,0]
[-1.8,0,0]
[-1.79302,0,0]
[-1.78605,0,0]
[-1.77907,0,0]
[-1.77209,0,0]
[-1.76512,0,0]
[-1.75814,0,0]
[-1.75116,0,0]
[-1.74419,0,0]
[-1.73721,0,0]
[-1.73023,0,0]
[-1.72326,0,0]
[-1.71628,0,0]
[-1.7093,0,0]
[-1.70233,0,0]
[-1.69535,0,0]
[-1.68837,0,0]
[-1.6814,0,0]
[-1.67442,0,0]
[-1.66744,0,0]
[-1.66047,0,0]
[-1.65349,0,0]
[-1.64651,0,0]
[-1.63953,0,0]
[-1.63256,0,0]
[-1.62558,0,0]
[-1.6186,0,0]
[-1.61163,0,0]
[-1.60465,0,0]
[-1.59767,0,0]
[-1.5907,0,0]
[-1.58372,0,0]
[-1.57674,0,0]
[-1.56977,0,0]
[-1.56279,0,0]
[-1.55581,0,0]
[-1.54884,0,0]
[-1.54186,0,0]
[-1.53488,0,0]
[-1.52791,0,0]
[-1.52093,0,0]
[-1.51395,0,0]
[-1.50698,0,0]
[-1.5,0,0]
[-1.49302,0,0]
[-1.48605,0,0]
[-1.47907,0,0]
[-1.47209,0,0]
[-1.46512,0,0]
[-1.45814,0,0]
[-1.45116,0,0]
[-1.44419,0,0]
[-1.43721,0,0]
[-1.43023,0,0]
[-1.42326,0,0]
[-1.41628,0,0]
[-1.4093,0,0]
[-1.40233,0,0]
[-1.39535,0,0]
[-1.38837,0,0]
[-1.3814,0,0]
[-1.37442,0,0]
[-1.36744,0,0]
[-1.36047,0,0]
[-1.35349,0,0]
[-1.34651,0,0]
[-1.33953,0,0]
[-1.33256,0,0]
[-1.32558,0,0]
[-1.3186,0,0]
[-1.31163,0,0]
[-1.30465,0,0]
[-1.29767,0,0]
[-1.2907,0,0]
[-1.28372,0,0]
[-1.27674,0,0]
[-1.26977,0,0]
[-1.26279,0,0]
[-1.25581,0,0]
[-1.24884,0,0]
[-1.24186,0,0]
[-1.23488,0,0]
[-1.22791,0,0]
[-1.22093,0,0]
[-1.21395,0,0]
[-1.20698,0,0]
[-1.2,0,0]
[-1.19302,0,0]
[-1.18605,0,0]
[-1.17907,0,0]
[-1.17209,0,0]
[-1.16512,0,0]
[-1.15814,0,0]
[-1.15116,0,0]
[-1.14419,0,0]
[-1.13721,0,0]
[-1.13023,0,0]
[-1.12326,0,0]
[-1.11628,0,0]
[-1.1093,0,0]
[-1.10233,0,0]
[-1.09535,0,0]
[-1.08837,0,0]
[-1.0814,0,0]
[-1.07442,0,0]
[-1.06744,0,0]
[-1.06047,0,0]
[-1.05349,0,0]
[-1.04651,0,0]
[-1.03953,0,0]
[-1.03256,0,0]
[-1.02558,0,0]
[-1.0186,0,0]
[-1.01163,0,0]
[-1.00465,0,0]
[-0.997674,0,0]
[-0.990698,0,0]
[-0.983721,0,0]
[-0.976744,0,0]
[-0.969767,0,0]
[-0.962791,0,0]
[-0.955814,0,0]
[-0.948837,0,0]
[-0.94186,0,0]
[-0.934884,0,0]
[-0.927907,0,0]
[-0.92093,0,0]
[-0.913953,0,0]
[-0.906977,0,0]
[-0.9,0,0]
[-0.893023,0,0]
[-0.886047,0,0]
[-0.87907,0,0]
[-0.872093,0,0]
[-0.865116,0,0]
[-0.85814,0,0]
[-0.851163,0,0]
[-0.844186,0,0]
[-0.837209,0,0]
[-0.830233,0,0]
[-0.823256,0,0]
[-0.816279,0,0]
[-0.809302,0,0]
[-0.802326,0,0]
[-0.795349,0,0]
[-0.788372,0,0]
[-0.781395,0,0]
[-0.774419,0,0]
[-0.767442,0,0]
[-0.760465,0,0]
[-0.753488,0,0]
[-0.746512,0,0]
[-0.739535,0,0]
[-0.732558,0,0]
[-0.725581,0,0]
[-0.718605,0,0]
[-0.711628,0,0]
[-0.704651,0,0]
[-0.697674,0,0]
[-0.690698,0,0]
[-0.683721,0,0]
[-0.676744,0,0]
[-0.669767,0,0]
[-0.662791,0,0]
[-0.655814,0,0]
[-0.648837,0,0]
[-0.64186,0,0]
[-0.634884,0,0]
[-0.627907,0,0]
[-0.62093,0,0]
[-0.613953,0,0]
[-0.606977,0,0]
[-0.6,0,0]
[-0.593023,0,0]
[-0.586047,0,0]
[-0.57907,0,0]
[-0.572093,0,0]
[-0.565116,0,0]
[-0.55814,0,0]
[-0.551163,0,0]
[-0.544186,0,0]
[-0.537209,0,0]
[-0.530233,0,0]
[-0.523256,0,0]
[-0.516279,0,0]
[-0.509302,0,0]
[-0.502326,0,0]
[-0.495349,0,0]
[-0.488372,0,0]
[-0.481395,0,0]
[-0.474419,0,0]
[-0.467442,0,0]
[-0.460465,0,0]
[-0.453488,0,0]
[-0.446512,0,0]
[-0.439535,0,0]
[-0.432558,0,0]
[-0.425581,0,0]
[-0.418605,0,0]
[-0.411628,0,0]
[-0.404651,0,0]
[-0.397674,0,0]
[-0.390698,0,0]
[-0.383721,0,0]
[-0.376744,0,0]
[-0.369767,0,0]
[-0.362791,0,0]
[-0.355814,0,0]
[-0.348837,0,0]
[-0.34186,0,0]
[-0.334884,0,0]
[-0.327907,0,0]
[-0.32093,0,0]
[-0.313953,0,0]
[-0.306977,0,0]
[-0.3,0,0]
[-0.293023,0,0]
[-0.286047,0,0]
[-0.27907,0,0]
[-0.272093,0,0]
[-0.265116,0,0]
[-0.25814,0,0]
[-0.251163,0,0]
[-0.244186,0,0]
[-0.237209,0,0]
[-0.230233,0,0]
[-0.223256,0,0]
[-0.216279,0,0]
[-0.209302,0,0]
[-0.202326,0,0]
[-0.195349,0,0]
[-0.188372,0,0]
[-0.181395,0,0]
[-0.174419,0,0]
[-0.167442,0,0]
[-0.160465,0,0]
[-0.153488,0,0]
[-0.146512,0,0]
[-0.139535,0,0]
[-0.132558,0,0]
[-0.125581,0,0]
[-0.118605,0,0]
[-0.111628,0,0]
[-0.104651,0,0]
[-0.0976744,0,0]
[-0.0906977,0,0]
[-0.0837209,0,0]
[-0.0767442,0,0]
[-0.0697674,0,0]
[-0.0627907,0,0]
[-0.055814,0,0]
[-0.0488372,0,0]
[-0.0418605,0,0]
[-0.0348837,0,0]
[-0.027907,0,0]
[-0.0209302,0,0]
[-0.0139535,0,0]
[-0.00697674,0,0]
[0,0,0]
[1,0,0,0]
[1,0,0,0]
[1,0,0,0]
[1,0,0,0]
[1,0,0,0]
[1,0,0,0]
[1,0,0,0]
[1,0,0,0]
[1,0,0,0]
[1,0,0,0]
[1,0,0,0]
[1,0,0,0]
[1,0,0,0]
[1,0,0,0]
[1,0,0,0]
[1,0,0,0]
[1,0,0,0]
[1,0,0,0]
[1,0,0,0]
[1,0,0,0]
[1,0,0,0]
[1,0,0,0]
[1,0,0,0]
[1,0,0,0]
[1,0,0,0]
[1,0,0,0]
[1,0,0,0]
[1,0,0,0]
[1,0,0,0]
[1,0,0,0]
[1,0,0,0]
[1,0,0,0]
[1,0,0,0]
[1,0,0,0]
[1,0,0,0]
[1,0,0,0]
[1,0,0,0]
[1,0,0,0]
[1,0,0,0]
[1,0,0,0]
[1,0,0,0]
[1,0,0,0]
[1,0,0,0]
[1,0,0,0]
[1,0,0,0]
[1,0,0,0]
[1,0,0,0]
[1,0,0,0]
[1,0,0,0]
[1,0,0,0]
[1,0,0,0]
[1,0,0,0]
[1,0,0,0]
[1,0,0,0]
[1,0,0,0]
[1,0,0,0]
[1,0,0,0]
[1,0,0,0]
[1,0,0,0]
[1,0,0,0]
[1,0,0,0]
[1,0,0,0]
[1,0,0,0]
[1,0,0,0]
[1,0,0,0]
[1,0,0,0]
[1,0,0,0]
[1,0,0,0]
[1,0,0,0]
[1,0,0,0]
[1,0,0,0]
[1,0,0,0]
[1,0,0,0]
[1,0,0,0]
[1,0,0,0]
[1,0,0,0]
[1,0,0,0]
[1,0,0,0]
[1,0,0,0]
[1,0,0,0]
[1,0,0,0]
[1,0,0,0]
[1,0,0,0]
[1,0,0,0]
[1,0,0,0]
[1,0,0,0]
[1,0,0,0]
[1,0,0,0]
[1,0,0,0]
[1,0,0,0]
[1,0,0,0]
[1,0,0,0]
[1,0,0,0]
[1,0,0,0]
[1,0,0,0]
[1,0,0,0]
[1,0,0,0]
[1,0,0,0]
[1,0,0,0]
[1,0,0,0]
[1,0,0,0]
[1,0,0,0]
[1,0,0,0]
[1,0,0,0]
[1,0,0,0]
[1,0,0,0]
[1,0,0,0]
[1,0,0,0]
[1,0,0,0]
[1,0,0,0]
[1,0,0,0]
[1,0,0,0]
[1,0,0,0]
[1,0,0,0]
[1,0,0,0]
[1,0,0,0]
[1,0,0,0]
[1,0,0,0]
[1,0,0,0]
[1,0,0,0]
[1,0,0,0]
[1,0,0,0]
[1,0,0,0]
[1,0,0,0]
[1,0,0,0]
[1,0,0,0]
[1,0,0,0]
[1,0,0,0]
[1,0,0,0]
[1,0,0,0]
[1,0,0,0]
[1,0,0,0]
[1,0,0,0]
[1,0,0,0]
[1,0,0,0]
[1,0,0,0]
[1,0,0,0]
[1,0,0,0]
[1,0,0,0]
[1,0,0,0]
[1,0,0,0]
[1,0,0,0]
[1,0,0,0]
[1,0,0,0]
[1,0,0,0]
[1,0,0,0]
[1,0,0,0]
[1,0,0,0]
[1,0,0,0]
[1,0,0,0]
[1,0,0,0]
[1,0,0,0]
[1,0,0,0]
[1,0,0,0]
[1,0,0,0]
[1,0,0,0]
[1,0,0,0]
[1,0,0,0]
[1,0,0,0]
[1,0,0,0]
[1,0,0,0]
[1,0,0,0]
[1,0,0,0]
[1,0,0,0]
[1,0,0,0]
[1,0,0,0]
[1,0,0,0]
[1,0,0,0]
[1,0,0,0]
[1,0,0,0]
[1,0,0,0]
[1,0,0,0]
[1,0,0,0]
[1,0,0,0]
[1,0,0,0]
[1,0,0,0]
[1,0,0,0]
[1,0,0,0]
[1,0,0,0]
[1,0,0,0]
[1,0,0,0]
[1,0,0,0]
[1,0,0,0]
[1,0,0,0]
[1,0,0,0]
[1,0,0,0]
[1,0,0,0]
[1,0,0,0]
[1,0,0,0]
[1,0,0,0]
[1,0,0,0]
[1,0,0,0]
[1,0,0,0]
[1,0,0,0]
[1,0,0,0]
[1,0,0,0]
[1,0,0,0]
[1,0,0,0]
[1,0,0,0]
[1,0,0,0]
[1,0,0,0]
[1,0,0,0]
[1,0,0,0]
[1,0,0,0]
[1,0,0,0]
[1,0,0,0]
[1,0,0,0]
[1,0,0,0]
[1,0,0,0]
[1,0,0,0]
[1,0,0,0]
[1,0,0,0]
[1,0,0,0]
[1,0,0,0]
[1,0,0,0]
[1,0,0,0]
[1,0,0,0]
[1,0,0,0]
[1,0,0,0]
[1,0,0,0]
[1,0,0,0]
[1,0,0,0]
[1,0,0,0]
[1,0,0,0]
[1,0,0,0]
[1,0,0,0]
[1,0,0,0]
[1,0,0,0]
[1,0,0,0]
[1,0,0,0]
[1,0,0,0]
[1,0,0,0]
[1,0,0,0]
[1,0,0,0]
[1,0,0,0]
[1,0,0,0]
[1,0,0,0]
[1,0,0,0]
[1,0,0,0]
[1,0,0,0]
[1,0,0,0]
[1,0,0,0]
[1,0,0,0]
[1,0,0,0]
[1,0,0,0]
[1,0,0,0]
[1,0,0,0]
[1,0,0,0]
[1,0,0,0]
[1,0,0,0]
[1,0,0,0]
[1,0,0,0]
[1,0,0,0]
[1,0,0,0]
[1,0,0,0]
[1,0,0,0]
[1,0,0,0]
[1,0,0,0]
[1,0,0,0]
[1,0,0,0]
[1,0,0,0]
[1,0,0,0]
[1,0,0,0]
[1,0,0,0]
[1,0,0,0]
[1,0,0,0]
[1,0,0,0]
[1,0,0,0]
[1,0,0,0]
[1,0,0,0]
[1,0,0,0]
[1,0,0,0]
[1,0,0,0]
[1,0,0,0]
[1,0,0,0]
[1,0,0,0]
[1,0,0,0]
[1,0,0,0]
[1,0,0,0]
[1,0,0,0]
[1,0,0,0]
[1,0,0,0]
[1,0,0,0]
[1,0,0,0]
[1,0,0,0]
[1,0,0,0]
[1,0,0,0]
[1,0,0,0]
[1,0,0,0]
[1,0,0,0]
[1,0,0,0]
[1,0,0,0]
[1,0,0,0]
[1,0,0,0]
[1,0,0,0]
[1,0,0,0]
[1,0,0,0]
[1,0,0,0]
[1,0,0,0]
[1,0,0,0]
[1,0,0,0]
[1,0,0,0]
[1,0,0,0]
[1,0,0,0]
[1,0,0,0]
[1,0,0,0]
[1,0,0,0]
[1,0,0,0]
[1,0,0,0]
[1,0,0,0]
[1,0,0,0]
[1,0,0,0]
[1,0,0,0]
[1,0,0,0]
[1,0,0,0]
[1,0,0,0]
[1,0,0,0]
[1,0,0,0]
[1,0,0,0]
[1,0,0,0]
[1,0,0,0]
[1,0,0,0]
[1,0,0,0]
[1,0,0,0]
[1,0,0,0]
[1,0,0,0]
[1,0,0,0]
[1,0,0,0]
[1,0,0,0]
[1,0,0,0]
[1,0,0,0]
[1,0,0,0]
[1,0,0,0]
[1,0,0,0]
[1,0,0,0]
[1,0,0,0]
[1,0,0,0]
[1,0,0,0]
[1,0,0,0]
[1,0,0,0]
[1,0,0,0]
[1,0,0,0]
[1,0,0,0]
[1,0,0,0]
[1,0,0,0]
[1,0,0,0]
[1,0,0,0]
[1,0,0,0]
[1,0,0,0]
[1,0,0,0]
[1,0,0,0]
[1,0,0,0]
[1,0,0,0]
[1,0,0,0]
[1,0,0,0]
[1,0,0,0]
[1,0,0,0]
[1,0,0,0]
[1,0,0,0]
[1,0,0,0]
[1,0,0,0]
[1,0,0,0]
[1,0,0,0]
[1,0,0,0]
[1,0,0,0]
[1,0,0,0]
[1,0,0,0]
[1,0,0,0]
[1,0,0,0]
[1,0,0,0]
[1,0,0,0]
[1,0,0,0]
[1,0,0,0]
[1,0,0,0]
[1,0,0,0]
[1,0,0,0]
[1,0,0,0]
[1,0,0,0]
[1,0,0,0]
[1,0,0,0]
[1,0,0,0]
[1,0,0,0]
[1,0,0,0]
[1,0,0,0]
[1,0,0,0]
[1,0,0,0]
[1,0,0,0]
[1,0,0,0]
[1,0,0,0]
[1,0,0,0]
[1,0,0,0]
[1,0,0,0]
[1,0,0,0]
[1,0,0,0]
[1,0,0,0]
[1,0,0,0]
[1,0,0,0]
[1,0,0,0]
[1,0,0,0]
[1,0,0,0]
[1,0,0,0]
[1,0,0,0]
[1,0,0,0]
[1,0,0,0]
[1,0,0,0]
[1,0,0,0]
[1,0,0,0]
[1,0,0,0]
[1,0,0,0]
[1,0,0,0]
[1,0,0,0]
[1,0,0,0]
[1,0,0,0]
[1,0,0,0]
[1,0,0,0]
[1,0,0,0]
[1,0,0,0]
[1,0,0,0]
[1,0,0,0]
[1,0,0,0]
[1,0,0,0]
[1,0,0,0]
[1,0,0,0]
[1,0,0,0]
[1,0,0,0]
[1,0,0,0]
[1,0,0,0]
[1,0,0,0]
[1,0,0,0]
[1,0,0,0]
[1,0,0,0]
[1,0,0,0]
[1,0,0,0]
[1,0,0,0]
[1,0,0,0]
[1,0,0,0]
[1,0,0,0]
[1,0,0,0]
[1,0,0,0]
[1,0,0,0]
[1,0,0,0]
[1,0,0,0]
[1,0,0,0]
[1,0,0,0]
[1,0,0,0]
[1,0,0,0]
[1,0,0,0]
[1,0,0,0]
[1,0,0,0]
[1,0,0,0]
[1,0,0,0]
[1,0,0,0]
[1,0,0,0]
[1,0,0,0]
[1,0,0,0]
[1,0,0,0]
[1,0,0,0]
[1,0,0,0]
[1,0,0,0]
[1,0,0,0]
[1,0,0,0]
[1,0,0,0]
[1,0,0,0]
[1,0,0,0]
[1,0,0,0]
[1,0,0,0]
[1,0,0,0]
[1,0,0,0]
[1,0,0,0]
[1,0,0,0]
[1,0,0,0]
[1,0,0,0]
[1,0,0,0]
[1,0,0,0]
[1,0,0,0]
[1,0,0,0]
[1,0,0,0]
[1,0,0,0]
[1,0,0,0]
[1,0,0,0]
[1,0,0,0]
[1,0,0,0]
[1,0,0,0]
[1,0,0,0]
[1,0,0,0]
[1,0,0,0]
[1,0,0,0]
[1,0,0,0]
[1,0,0,0]
[1,0,0,0]
[1,0,0,0]
[1,0,0,0]
[1,0,0,0]
[1,0,0,0]
[1,0,0,0]
[1,0,0,0]
[1,0,0,0]
[1,0,0,0]
[1,0,0,0]
[1,0,0,0]
[1,0,0,0]
[1,0,0,0]
[1,0,0,0]
[1,0,0,0]
[1,0,0,0]
[1,0,0,0]
[1,0,0,0]
[1,0,0,0]
[1,0,0,0]
[1,0,0,0]
[1,0,0,0]
[1,0,0,0]
[1,0,0,0]
[1,0,0,0]
[1,0,0,0]
[1,0,0,0]
[1,0,0,0]
[1,0,0,0]
[1,0,0,0]
[1,0,0,0]
[1,0,0,0]
[1,0,0,0]
[1,0,0,0]
[1,0,0,0]
[1,0,0,0]
[1,0,0,0]
[1,0,0,0]
[1,0,0,0]
[1,0,0,0]
[1,0,0,0]
[1,0,0,0]
[1,0,0,0]
[1,0,0,0]
[1,0,0,0]
[1,0,0,0]
[1,0,0,0]
[1,0,0,0]
[1,0,0,0]
[1,0,0,0]
[1,0,0,0]
[1,0,0,0]
[1,0,0,0]
[1,0,0,0]
[1,0,0,0]
[1,0,0,0]
[1,0,0,0]
[1,0,0,0]
[1,0,0,0]
[1,0,0,0]
[1,0,0,0]
[1,0,0,0]
[1,0,0,0]
[1,0,0,0]
[1,0,0,0]
[1,0,0,0]
[1,0,0,0]
[1,0,0,0]
[1,0,0,0]
[1,0,0,0]
[1,0,0,0]
[1,0,0,0]
[1,0,0,0]
[1,0,0,0]
[1,0,0,0]
[1,0,0,0]
[1,0,0,0]
[1,0,0,0]
[1,0,0,0]
[1,0,0,0]
[1,0,0,0]
[1,0,0,0]
[1,0,0,0]
[1,0,0,0]
[1,0,0,0]
[1,0,0,0]
[1,0,0,0]
[1,0,0,0]
[1,0,0,0]
[1,0,0,0]
[1,0,0,0]
[1,0,0,0]
[1,0,0,0]
[1,0,0,0]
[1,0,0,0]
[1,0,0,0]
[1,0,0,0]
[1,0,0,0]
[1,0,0,0]
[1,0,0,0]
[1,0,0,0]
[1,0,0,0]
[1,0,0,0]
[1,0,0,0]
[1,0,0,0]
[1,0,0,0]
[1,0,0,0]
[1,0,0,0]
[1,0,0,0]
[1,0,0,0]
[1,0,0,0]
[1,0,0,0]
[1,0,0,0]
[1,0,0,0]
[1,0,0,0]
[1,0,0,0]
[1,0,0,0]
[1,0,0,0]
[1,0,0,0]
[1,0,0,0]
[1,0,0,0]
[1,0,0,0]
[1,0,0,0]
[1,0,0,0]
[1,0,0,0]
[1,0,0,0]
[1,0,0,0]
[1,0,0,0]
[1,0,0,0]
[1,0,0,0]
[1,0,0,0]
[1,0,0,0]
[1,0,0,0]
[1,0,0,0]
[1,0,0,0]
[1,0,0,0]
[1,0,0,0]
[1,0,0,0]
[1,0,0,0]
[1,0,0,0]
[1,0,0,0]
[1,0,0,0]
[1,0,0,0]
[1,0,0,0]
[1,0,0,0]
[1,0,0,0]
[1,0,0,0]
[1,0,0,0]
[1,0,0,0]
[1,0,0,0]
[1,0,0,0]
[1,0,0,0]
[1,0,0,0]
[1,0,0,0]
[1,0,0,0]
[1,0,0,0]
[1,0,0,0]
[1,0,0,0]
[1,0,0,0]
[1,0,0,0]
[1,0,0,0]
[1,0,0,0]
[1,0,0,0]
[1,0,0,0]
[1,0,0,0]
[1,0,0,0]
[1,0,0,0]
[1,0,0,0]
[1,0,0,0]
[1,0,0,0]
[1,0,0,0]
[1,0,0,0]
[1,0,0,0]
[1,0,0,0]
[1,0,0,0]
[1,0,0,0]
[1,0,0,0]
[1,0,0,0]
[1,0,0,0]
[1,0,0,0]
[1,0,0,0]
[1,0,0,0]
[1,0,0,0]
[1,0,0,0]
[1,0,0,0]
[1,0,0,0]
[1,0,0,0]
[1,0,0,0]
[1,0,0,0]
[1,0,0,0]
[1,0,0,0]
[1,0,0,0]
[1,0,0,0]
[1,0,0,0]
[1,0,0,0]
[1,0,0,0]
[1,0,0,0]
[1,0,0,0]
[1,0,0,0]
[1,0,0,0]
[1,0,0,0]
[1,0,0,0]
[1,0,0,0]
[1,0,0,0]
[1,0,0,0]
[1,0,0,0]
[1,0,0,0]
[1,0,0,0]
[1,0,0,0]
[1,0,0,0]
[1,0,0,0]
[1,0,0,0]
[1,0,0,0]
[1,0,0,0]
[1,0,0,0]
[1,0,0,0]
[1,0,0,0]
[1,0,0,0]
[1,0,0,0]
[1,0,0,0]
[1,0,0,0]
[1,0,0,0]
[1,0,0,0]
[1,0,0,0]
[1,0,0,0]
[1,0,0,0]
[1,0,0,0]
[1,0,0,0]
[1,0,0,0]
[1,0,0,0]
[1,0,0,0]
[1,0,0,0]
[1,0,0,0]
[1,0,0,0]
[1,0,0,0]
[1,0,0,0]
[1,0,0,0]
[1,0,0,0]
[1,0,0,0]
[1,0,0,0]
[1,0,0,0]
[1,0,0,0]
[1,0,0,0]
[1,0,0,0]
[1,0,0,0]
[1,0,0,0]
[1,0,0,0]
[1,0,0,0]
[1,0,0,0]
[1,0,0,0]
[1,0,0,0]
[1,0,0,0]
[1,0,0,0]
[1,0,0,0]
[1,0,0,0]
[1,0,0,0]
[1,0,0,0]
[1,0,0,0]
[1,0,0,0]
[1,0,0,0]
[1,0,0,0]
[1,0,0,0]
[1,0,0,0]
[1,0,0,0]
[1,0,0,0]
[1,0,0,0]
[1,0,0,0]
[1,0,0,0]
[1,0,0,0]
[1,0,0,0]
[1,0,0,0]
[1,0,0,0]
[1,0,0,0]
[1,0,0,0]
[1,0,0,0]
[1,0,0,0]
[1,0,0,0]
[1,0,0,0]
[1,0,0,0]
[1,0,0,0]
[1,0,0,0]
[1,0,0,0]
[1,0,0,0]
[1,0,0,0]
[1,0,0,0]
[1,0,0,0]
[1,0,0,0]
[1,0,0,0]
[1,0,0,0]
[1,0,0,0]
[1,0,0,0]
[1,0,0,0]
[1,0,0,0]
[1,0,0,0]
[1,0,0,0]
[1,0,0,0]
[1,0,0,0]
[1,0,0,0]
[1,0,0,0]
[1,0,0,0]
[1,0,0,0]
[1,0,0,0]
[1,0,0,0]
[1,0,0,0]
[1,0,0,0]
[1,0,0,0]
[1,0,0,0]
[1,0,0,0]
[1,0,0,0]
[1,0,0,0]
[1,0,0,0]
[1,0,0,0]
[1,0,0,0]
[1,0,0,0]
[1,0,0,0]
[1,0,0,0]
[1,0,0,0]
[1,0,0,0]
[1,0,0,0]
[1,0,0,0]
[1,0,0,0]
[1,0,0,0]
[1,0,0,0]
[1,0,0,0]
[1,0,0,0]
[1,0,0,0]
[1,0,0,0]
[1,0,0,0]
[1,0,0,0]
[1,0,0,0]
[1,0,0,0]
[1,0,0,0]
[1,0,0,0]
[1,0,0,0]
[1,0,0,0]
[1,0,0,0]
[1,0,0,0]
[1,0,0,0]
[1,0,0,0]
[1,0,0,0]
[1,0,0,0]
[1,0,0,0]
[1,0,0,0]
[1,0,0,0]
[1,0,0,0]
[1,0,0,0]
[1,0,0,0]
[1,0,0,0]
[1,0,0,0]
[1,0,0,0]
[1,0,0,0]
[1,0,0,0]
[1,0,0,0]
[1,0,0,0]
[1,0,0,0]
[1,0,0,0]
[1,0,0,0]
[1,0,0,0]
[1,0,0,0]
[1,0,0,0]
[1,0,0,0]
[1,0,0,0]
[1,0,0,0]
[1,0,0,0]
[1,0,0,0]
[1,0,0,0]
[1,0,0,0]
[1,0,0,0]
[1,0,0,0]
[1,0,0,0]
[1,0,0,0]
