850
10
[-5.99294,0,0]
[-5.98588,0,0]
[-5.97882,0,0]
[-5.97176,0,0]
[-5.96471,0,0]
[-5.95765,0,0]
[-5.95059,0,0]
[-5.94353,0,0]
[-5.93647,0,0]
[-5.92941,0,0]
[-5.92235,0,0]
[-5.91529,0,0]
[-5.90824,0,0]
[-5.90118,0,0]
[-5.89412,0,0]
[-5.88706,0,0]
[-5.88,0,0]
[-5.87294,0,0]
[-5.86588,0,0]
[-5.85882,0,0]
[-5.85176,0,0]
[-5.84471,0,0]
[-5.83765,0,0]
[-5.83059,0,0]
[-5.82353,0,0]
[-5.81647,0,0]
[-5.80941,0,0]
[-5.80235,0,0]
[-5.79529,0,0]
[-5.78824,0,0]
[-5.78118,0,0]
[-5.77412,0,0]
[-5.76706,0,0]
[-5.76,0,0]
[-5.75294,0,0]
[-5.74588,0,0]
[-5.73882,0,0]
[-5.73176,0,0]
[-5.72471,0,0]
[-5.71765,0,0]
[-5.71059,0,0]
[-5.70353,0,0]
[-5.69647,0,0]
[-5.68941,0,0]
[-5.68235,0,0]
[-5.67529,0,0]
[-5.66824,0,0]
[-5.66118,0,0]
[-5.65412,0,0]
[-5.64706,0,0]
[-5.64,0,0]
[-5.63294,0,0]
[-5.62588,0,0]
[-5.61882,0,0]
[-5.61176,0,0]
[-5.60471,0,0]
[-5.59765,0,0]
[-5.59059,0,0]
[-5.58353,0,0]
[-5.57647,0,0]
[-5.56941,0,0]
[-5.56235,0,0]
[-5.55529,0,0]
[-5.54824,0,0]
[-5.54118,0,0]
[-5.53412,0,0]
[-5.52706,0,0]
[-5.52,0,0]
[-5.51294,0,0]
[-5.50588,0,0]
[-5.49882,0,0]
[-5.49176,0,0]
[-5.48471,0,0]
[-5.47765,0,0]
[-5.47059,0,0]
[-5.46353,0,0]
[-5.45647,0,0]
[-5.44941,0,0]
[-5.44235,0,0]
[-5.43529,0,0]
[-5.42824,0,0]
[-5.42118,0,0]
[-5.41412,0,0]
[-5.40706,0,0]
[-5.4,0,0]
[-5.39294,0,0]
[-5.38588,0,0]
[-5.37882,0,0]
[-5.37176,0,0]
[-5.36471,0,0]
[-5.35765,0,0]
[-5.35059,0,0]
[-5.34353,0,0]
[-5.33647,0,0]
[-5.32941,0,0]
[-5.32235,0,0]
[-5.31529,0,0]
[-5.30824,0,0]
[-5.30118,0,0]
[-5.29412,0,0]
[-5.28706,0,0]
[-5.28,0,0]
[-5.27294,0,0]
[-5.26588,0,0]
[-5.25882,0,0]
[-5.25176,0,0]
[-5.24471,0,0]
[-5.23765,0,0]
[-5.23059,0,0]
[-5.22353,0,0]
[-5.21647,0,0]
[-5.20941,0,0]
[-5.20235,0,0]
[-5.19529,0,0]
[-5.18824,0,0]
[-5.18118,0,0]
[-5.17412,0,0]
[-5.16706,0,0]
[-5.16,0,0]
[-5.15294,0,0]
[-5.14588,0,0]
[-5.13882,0,0]
[-5.13176,0,0]
[-5.12471,0,0]
[-5.11765,0,0]
[-5.11059,0,0]
[-5.10353,0,0]
[-5.09647,0,0]
[-5.08941,0,0]
[-5.08235,0,0]
[-5.07529,0,0]
[-5.06824,0,0]
[-5.06118,0,0]
[-5.05412,0,0]
[-5.04706,0,0]
[-5.04,0,0]
[-5.03294,0,0]
[-5.02588,0,0]
[-5.01882,0,0]
[-5.01176,0,0]
[-5.00471,0,0]
[-4.99765,0,0]
[-4.99059,0,0]
[-4.98353,0,0]
[-4.97647,0,0]
[-4.96941,0,0]
[-4.96235,0,0]
[-4.95529,0,0]
[-4.94824,0,0]
[-4.94118,0,0]
[-4.93412,0,0]
[-4.92706,0,0]
[-4.92,0,0]
[-4.91294,0,0]
[-4.90588,0,0]
[-4.89882,0,0]
[-4.89176,0,0]
[-4.88471,0,0]
[-4.87765,0,0]
[-4.87059,0,0]
[-4.86353,0,0]
[-4.85647,0,0]
[-4.84941,0,0]
[-4.84235,0,0]
[-4.83529,0,0]
[-4.82824,0,0]
[-4.82118,0,0]
[-4.81412,0,0]
[-4.80706,0,0]
[-4.8,0,0]
[-4.79294,0,0]
[-4.78588,0,0]
[-4.77882,0,0]
[-4.77176,0,0]
[-4.76471,0,0]
[-4.75765,0,0]
[-4.75059,0,0]
[-4.74353,0,0]
[-4.73647,0,0]
[-4.72941,0,0]
[-4.72235,0,0]
[-4.71529,0,0]
[-4.70824,0,0]
[-4.70118,0,0]
[-4.69412,0,0]
[-4.68706,0,0]
[-4.68,0,0]
[-4.67294,0,0]
[-4.66588,0,0]
[-4.65882,0,0]
[-4.65176,0,0]
[-4.64471,0,0]
[-4.63765,0,0]
[-4.63059,0,0]
[-4.62353,0,0]
[-4.61647,0,0]
[-4.60941,0,0]
[-4.60235,0,0]
[-4.59529,0,0]
[-4.58824,0,0]
[-4.58118,0,0]
[-4.57412,0,0]
[-4.56706,0,0]
[-4.56,0,0]
[-4.55294,0,0]
[-4.54588,0,0]
[-4.53882,0,0]
[-4.53176,0,0]
[-4.52471,0,0]
[-4.51765,0,0]
[-4.51059,0,0]
[-4.50353,0,0]
[-4.49647,0,0]
[-4.48941,0,0]
[-4.48235,0,0]
[-4.47529,0,0]
[-4.46824,0,0]
[-4.46118,0,0]
[-4.45412,0,0]
[-4.44706,0,0]
[-4.44,0,0]
[-4.43294,0,0]
[-4.42588,0,0]
[-4.41882,0,0]
[-4.41176,0,0]
[-4.40471,0,0]
[-4.39765,0,0]
[-4.39059,0,0]
[-4.38353,0,0]
[-4.37647,0,0]
[-4.36941,0,0]
[-4.36235,0,0]
[-4.35529,0,0]
[-4.34824,0,0]
[-4.34118,0,0]
[-4.33412,0,0]
[-4.32706,0,0]
[-4.32,0,0]
[-4.31294,0,0]
[-4.30588,0,0]
[-4.29882,0,0]
[-4.29176,0,0]
[-4.28471,0,0]
[-4.27765,0,0]
[-4.27059,0,0]
[-4.26353,0,0]
[-4.25647,0,0]
[-4.24941,0,0]
[-4.24235,0,0]
[-4.23529,0,0]
[-4.22824,0,0]
[-4.22118,0,0]
[-4.21412,0,0]
[-4.20706,0,0]
[-4.2,0,0]
[-4.19294,0,0]
[-4.18588,0,0]
[-4.17882,0,0]
[-4.17176,0,0]
[-4.16471,0,0]
[-4.15765,0,0]
[-4.15059,0,0]
[-4.14353,0,0]
[-4.13647,0,0]
[-4.12941,0,0]
[-4.12235,0,0]
[-4.11529,0,0]
[-4.10824,0,0]
[-4.10118,0,0]
[-4.09412,0,0]
[-4.08706,0,0]
[-4.08,0,0]
[-4.07294,0,0]
[-4.06588,0,0]
[-4.05882,0,0]
[-4.05176,0,0]
[-4.04471,0,0]
[-4.03765,0,0]
[-4.03059,0,0]
[-4.02353,0,0]
[-4.01647,0,0]
[-4.00941,0,0]
[-4.00235,0,0]
[-3.99529,0,0]
[-3.98824,0,0]
[-3.98118,0,0]
[-3.97412,0,0]
[-3.96706,0,0]
[-3.96,0,0]
[-3.95294,0,0]
[-3.94588,0,0]
[-3.93882,0,0]
[-3.93176,0,0]
[-3.92471,0,0]
[-3.91765,0,0]
[-3.91059,0,0]
[-3.90353,0,0]
[-3.89647,0,0]
[-3.88941,0,0]
[-3.88235,0,0]
[-3.87529,0,0]
[-3.86824,0,0]
[-3.86118,0,0]
[-3.85412,0,0]
[-3.84706,0,0]
[-3.84,0,0]
[-3.83294,0,0]
[-3.82588,0,0]
[-3.81882,0,0]
[-3.81176,0,0]
[-3.80471,0,0]
[-3.79765,0,0]
[-3.79059,0,0]
[-3.78353,0,0]
[-3.77647,0,0]
[-3.76941,0,0]
[-3.76235,0,0]
[-3.75529,0,0]
[-3.74824,0,0]
[-3.74118,0,0]
[-3.73412,0,0]
[-3.72706,0,0]
[-3.72,0,0]
[-3.71294,0,0]
[-3.70588,0,0]
[-3.69882,0,0]
[-3.69176,0,0]
[-3.68471,0,0]
[-3.67765,0,0]
[-3.67059,0,0]
[-3.66353,0,0]
[-3.65647,0,0]
[-3.64941,0,0]
[-3.64235,0,0]
[-3.63529,0,0]
[-3.62824,0,0]
[-3.62118,0,0]
[-3.61412,0,0]
[-3.60706,0,0]
[-3.6,0,0]
[-3.59294,0,0]
[-3.58588,0,0]
[-3.57882,0,0]
[-3.57176,0,0]
[-3.56471,0,0]
[-3.55765,0,0]
[-3.55059,0,0]
[-3.54353,0,0]
[-3.53647,0,0]
[-3.52941,0,0]
[-3.52235,0,0]
[-3.51529,0,0]
[-3.50824,0,0]
[-3.50118,0,0]
[-3.49412,0,0]
[-3.48706,0,0]
[-3.48,0,0]
[-3.47294,0,0]
[-3.46588,0,0]
[-3.45882,0,0]
[-3.45176,0,0]
[-3.44471,0,0]
[-3.43765,0,0]
[-3.43059,0,0]
[-3.42353,0,0]
[-3.41647,0,0]
[-3.40941,0,0]
[-3.40235,0,0]
[-3.39529,0,0]
[-3.38824,0,0]
[-3.38118,0,0]
[-3.37412,0,0]
[-3.36706,0,0]
[-3.36,0,0]
[-3.35294,0,0]
[-3.34588,0,0]
[-3.33882,0,0]
[-3.33176,0,0]
[-3.32471,0,0]
[-3.31765,0,0]
[-3.31059,0,0]
[-3.30353,0,0]
[-3.29647,0,0]
[-3.28941,0,0]
[-3.28235,0,0]
[-3.27529,0,0]
[-3.26824,0,0]
[-3.26118,0,0]
[-3.25412,0,0]
[-3.24706,0,0]
[-3.24,0,0]
[-3.23294,0,0]
[-3.22588,0,0]
[-3.21882,0,0]
[-3.21176,0,0]
[-3.20471,0,0]
[-3.19765,0,0]
[-3.19059,0,0]
[-3.18353,0,0]
[-3.17647,0,0]
[-3.16941,0,0]
[-3.16235,0,0]
[-3.15529,0,0]
[-3.14824,0,0]
[-3.14118,0,0]
[-3.13412,0,0]
[-3.12706,0,0]
[-3.12,0,0]
[-3.11294,0,0]
[-3.10588,0,0]
[-3.09882,0,0]
[-3.09176,0,0]
[-3.08471,0,0]
[-3.07765,0,0]
[-3.07059,0,0]
[-3.06353,0,0]
[-3.05647,0,0]
[-3.04941,0,0]
[-3.04235,0,0]
[-3.03529,0,0]
[-3.02824,0,0]
[-3.02118,0,0]
[-3.01412,0,0]
[-3.00706,0,0]
[-3,0,0]
[-2.99294,0,0]
[-2.98588,0,0]
[-2.97882,0,0]
[-2.97176,0,0]
[-2.96471,0,0]
[-2.95765,0,0]
[-2.95059,0,0]
[-2.94353,0,0]
[-2.93647,0,0]
[-2.92941,0,0]
[-2.92235,0,0]
[-2.91529,0,0]
[-2.90824,0,0]
[-2.90118,0,0]
[-2.89412,0,0]
[-2.88706,0,0]
[-2.88,0,0]
[-2.87294,0,0]
[-2.86588,0,0]
[-2.85882,0,0]
[-2.85176,0,0]
[-2.84471,0,0]
[-2.83765,0,0]
[-2.83059,0,0]
[-2.82353,0,0]
[-2.81647,0,0]
[-2.80941,0,0]
[-2.80235,0,0]
[-2.79529,0,0]
[-2.78824,0,0]
[-2.78118,0,0]
[-2.77412,0,0]
[-2.76706,0,0]
[-2.76,0,0]
[-2.75294,0,0]
[-2.74588,0,0]
[-2.73882,0,0]
[-2.73176,0,0]
[-2.72471,0,0]
[-2.71765,0,0]
[-2.71059,0,0]
[-2.70353,0,0]
[-2.69647,0,0]
[-2.68941,0,0]
[-2.68235,0,0]
[-2.67529,0,0]
[-2.66824,0,0]
[-2.66118,0,0]
[-2.65412,0,0]
[-2.64706,0,0]
[-2.64,0,0]
[-2.63294,0,0]
[-2.62588,0,0]
[-2.61882,0,0]
[-2.61176,0,0]
[-2.60471,0,0]
[-2.59765,0,0]
[-2.59059,0,0]
[-2.58353,0,0]
[-2.57647,0,0]
[-2.56941,0,0]
[-2.56235,0,0]
[-2.55529,0,0]
[-2.54824,0,0]
[-2.54118,0,0]
[-2.53412,0,0]
[-2.52706,0,0]
[-2.52,0,0]
[-2.51294,0,0]
[-2.50588,0,0]
[-2.49882,0,0]
[-2.49176,0,0]
[-2.48471,0,0]
[-2.47765,0,0]
[-2.47059,0,0]
[-2.46353,0,0]
[-2.45647,0,0]
[-2.44941,0,0]
[-2.44235,0,0]
[-2.43529,0,0]
[-2.42824,0,0]
[-2.42118,0,0]
[-2.41412,0,0]
[-2.40706,0,0]
[-2.4,0,0]
[-2.39294,0,0]
[-2.38588,0,0]
[-2.37882,0,0]
[-2.37176,0,0]
[-2.36471,0,0]
[-2.35765,0,0]
[-2.35059,0,0]
[-2.34353,0,0]
[-2.33647,0,0]
[-2.32941,0,0]
[-2.32235,0,0]
[-2.31529,0,0]
[-2.30824,0,0]
[-2.30118,0,0]
[-2.29412,0,0]
[-2.28706,0,0]
[-2.28,0,0]
[-2.27294,0,0]
[-2.26588,0,0]
[-2.25882,0,0]
[-2.25176,0,0]
[-2.24471,0,0]
[-2.23765,0,0]
[-2.23059,0,0]
[-2.22353,0,0]
[-2.21647,0,0]
[-2.20941,0,0]
[-2.20235,0,0]
[-2.19529,0,0]
[-2.18824,0,0]
[-2.18118,0,0]
[-2.17412,0,0]
[-2.16706,0,0]
[-2.16,0,0]
[-2.15294,0,0]
[-2.14588,0,0]
[-2.13882,0,0]
[-2.13176,0,0]
[-2.12471,0,0]
[-2.11765,0,0]
[-2.11059,0,0]
[-2.10353,0,0]
[-2.09647,0,0]
[-2.08941,0,0]
[-2.08235,0,0]
[-2.07529,0,0]
[-2.06824,0,0]
[-2.06118,0,0]
[-2.05412,0,0]
[-2.04706,0,0]
[-2.04,0,0]
[-2.03294,0,0]
[-2.02588,0,0]
[-2.01882,0,0]
[-2.01176,0,0]
[-2.00471,0,0]
[-1.99765,0,0]
[-1.99059,0,0]
[-1.98353,0,0]
[-1.97647,0,0]
[-1.96941,0,0]
[-1.96235,0,0]
[-1.95529,0,0]
[-1.94824,0,0]
[-1.94118,0,0]
[-1.93412,0,0]
[-1.92706,0,0]
[-1.92,0,0]
[-1.91294,0,0]
[-1.90588,0,0]
[-1.89882,0,0]
[-1.89176,0,0]
[-1.88471,0,0]
[-1.87765,0,0]
[-1.87059,0,0]
[-1.86353,0,0]
[-1.85647,0,0]
[-1.84941,0,0]
[-1.84235,0,0]
[-1.83529,0,0]
[-1.82824,0,0]
[-1.82118,0,0]
[-1.81412,0,0]
[-1.80706,0,0]
[-1.8,0,0]
[-1.79294,0,0]
[-1.78588,0,0]
[-1.77882,0,0]
[-1.77176,0,0]
[-1.76471,0,0]
[-1.75765,0,0]
[-1.75059,0,0]
[-1.74353,0,0]
[-1.73647,0,0]
[-1.72941,0,0]
[-1.72235,0,0]
[-1.71529,0,0]
[-1.70824,0,0]
[-1.70118,0,0]
[-1.69412,0,0]
[-1.68706,0,0]
[-1.68,0,0]
[-1.67294,0,0]
[-1.66588,0,0]
[-1.65882,0,0]
[-1.65176,0,0]
[-1.64471,0,0]
[-1.63765,0,0]
[-1.63059,0,0]
[-1.62353,0,0]
[-1.61647,0,0]
[-1.60941,0,0]
[-1.60235,0,0]
[-1.59529,0,0]
[-1.58824,0,0]
[-1.58118,0,0]
[-1.57412,0,0]
[-1.56706,0,0]
[-1.56,0,0]
[-1.55294,0,0]
[-1.54588,0,0]
[-1.53882,0,0]
[-1.53176,0,0]
[-1.52471,0,0]
[-1.51765,0,0]
[-1.51059,0,0]
[-1.50353,0,0]
[-1.49647,0,0]
[-1.48941,0,0]
[-1.48235,0,0]
[-1.47529,0,0]
[-1.46824,0,0]
[-1.46118,0,0]
[-1.45412,0,0]
[-1.44706,0,0]
[-1.44,0,0]
[-1.43294,0,0]
[-1.42588,0,0]
[-1.41882,0,0]
[-1.41176,0,0]
[-1.40471,0,0]
[-1.39765,0,0]
[-1.39059,0,0]
[-1.38353,0,0]
[-1.37647,0,0]
[-1.36941,0,0]
[-1.36235,0,0]
[-1.35529,0,0]
[-1.34824,0,0]
[-1.34118,0,0]
[-1.33412,0,0]
[-1.32706,0,0]
[-1.32,0,0]
[-1.31294,0,0]
[-1.30588,0,0]
[-1.29882,0,0]
[-1.29176,0,0]
[-1.28471,0,0]
[-1.27765,0,0]
[-1.27059,0,0]
[-1.26353,0,0]
[-1.25647,0,0]
[-1.24941,0,0]
[-1.24235,0,0]
[-1.23529,0,0]
[-1.22824,0,0]
[-1.22118,0,0]
[-1.21412,0,0]
[-1.20706,0,0]
[-1.2,0,0]
[-1.19294,0,0]
[-1.18588,0,0]
[-1.17882,0,0]
[-1.17176,0,0]
[-1.16471,0,0]
[-1.15765,0,0]
[-1.15059,0,0]
[-1.14353,0,0]
[-1.13647,0,0]
[-1.12941,0,0]
[-1.12235,0,0]
[-1.11529,0,0]
[-1.10824,0,0]
[-1.10118,0,0]
[-1.09412,0,0]
[-1.08706,0,0]
[-1.08,0,0]
[-1.07294,0,0]
[-1.06588,0,0]
[-1.05882,0,0]
[-1.05176,0,0]
[-1.04471,0,0]
[-1.03765,0,0]
[-1.03059,0,0]
[-1.02353,0,0]
[-1.01647,0,0]
[-1.00941,0,0]
[-1.00235,0,0]
[-0.995294,0,0]
[-0.988235,0,0]
[-0.981176,0,0]
[-0.974118,0,0]
[-0.967059,0,0]
[-0.96,0,0]
[-0.952941,0,0]
[-0.945882,0,0]
[-0.938824,0,0]
[-0.931765,0,0]
[-0.924706,0,0]
[-0.917647,0,0]
[-0.910588,0,0]
[-0.903529,0,0]
[-0.896471,0,0]
[-0.889412,0,0]
[-0.882353,0,0]
[-0.875294,0,0]
[-0.868235,0,0]
[-0.861176,0,0]
[-0.854118,0,0]
[-0.847059,0,0]
[-0.84,0,0]
[-0.832941,0,0]
[-0.825882,0,0]
[-0.818824,0,0]
[-0.811765,0,0]
[-0.804706,0,0]
[-0.797647,0,0]
[-0.790588,0,0]
[-0.783529,0,0]
[-0.776471,0,0]
[-0.769412,0,0]
[-0.762353,0,0]
[-0.755294,0,0]
[-0.748235,0,0]
[-0.741176,0,0]
[-0.734118,0,0]
[-0.727059,0,0]
[-0.72,0,0]
[-0.712941,0,0]
[-0.705882,0,0]
[-0.698824,0,0]
[-0.691765,0,0]
[-0.684706,0,0]
[-0.677647,0,0]
[-0.670588,0,0]
[-0.663529,0,0]
[-0.656471,0,0]
[-0.649412,0,0]
[-0.642353,0,0]
[-0.635294,0,0]
[-0.628235,0,0]
[-0.621176,0,0]
[-0.614118,0,0]
[-0.607059,0,0]
[-0.6,0,0]
[-0.592941,0,0]
[-0.585882,0,0]
[-0.578824,0,0]
[-0.571765,0,0]
[-0.564706,0,0]
[-0.557647,0,0]
[-0.550588,0,0]
[-0.543529,0,0]
[-0.536471,0,0]
[-0.529412,0,0]
[-0.522353,0,0]
[-0.515294,0,0]
[-0.508235,0,0]
[-0.501176,0,0]
[-0.494118,0,0]
[-0.487059,0,0]
[-0.48,0,0]
[-0.472941,0,0]
[-0.465882,0,0]
[-0.458824,0,0]
[-0.451765,0,0]
[-0.444706,0,0]
[-0.437647,0,0]
[-0.430588,0,0]
[-0.423529,0,0]
[-0.416471,0,0]
[-0.409412,0,0]
[-0.402353,0,0]
[-0.395294,0,0]
[-0.388235,0,0]
[-0.381176,0,0]
[-0.374118,0,0]
[-0.367059,0,0]
[-0.36,0,0]
[-0.352941,0,0]
[-0.345882,0,0]
[-0.338824,0,0]
[-0.331765,0,0]
[-0.324706,0,0]
[-0.317647,0,0]
[-0.310588,0,0]
[-0.303529,0,0]
[-0.296471,0,0]
[-0.289412,0,0]
[-0.282353,0,0]
[-0.275294,0,0]
[-0.268235,0,0]
[-0.261176,0,0]
[-0.254118,0,0]
[-0.247059,0,0]
[-0.24,0,0]
[-0.232941,0,0]
[-0.225882,0,0]
[-0.218824,0,0]
[-0.211765,0,0]
[-0.204706,0,0]
[-0.197647,0,0]
[-0.190588,0,0]
[-0.183529,0,0]
[-0.176471,0,0]
[-0.169412,0,0]
[-0.162353,0,0]
[-0.155294,0,0]
[-0.148235,0,0]
[-0.141176,0,0]
[-0.134118,0,0]
[-0.127059,0,0]
[-0.12,0,0]
[-0.112941,0,0]
[-0.105882,0,0]
[-0.0988235,0,0]
[-0.0917647,0,0]
[-0.0847059,0,0]
[-0.0776471,0,0]
[-0.0705882,0,0]
[-0.0635294,0,0]
[-0.0564706,0,0]
[-0.0494118,0,0]
[-0.0423529,0,0]
[-0.0352941,0,0]
[-0.0282353,0,0]
[-0.0211765,0,0]
[-0.0141176,0,0]
[-0.00705882,0,0]
[0,0,0]
[1,0,0,0]
[1,0,0,0]
[1,0,0,0]
[1,0,0,0]
[1,0,0,0]
[1,0,0,0]
[1,0,0,0]
[1,0,0,0]
[1,0,0,0]
[1,0,0,0]
[1,0,0,0]
[1,0,0,0]
[1,0,0,0]
[1,0,0,0]
[1,0,0,0]
[1,0,0,0]
[1,0,0,0]
[1,0,0,0]
[1,0,0,0]
[1,0,0,0]
[1,0,0,0]
[1,0,0,0]
[1,0,0,0]
[1,0,0,0]
[1,0,0,0]
[1,0,0,0]
[1,0,0,0]
[1,0,0,0]
[1,0,0,0]
[1,0,0,0]
[1,0,0,0]
[1,0,0,0]
[1,0,0,0]
[1,0,0,0]
[1,0,0,0]
[1,0,0,0]
[1,0,0,0]
[1,0,0,0]
[1,0,0,0]
[1,0,0,0]
[1,0,0,0]
[1,0,0,0]
[1,0,0,0]
[1,0,0,0]
[1,0,0,0]
[1,0,0,0]
[1,0,0,0]
[1,0,0,0]
[1,0,0,0]
[1,0,0,0]
[1,0,0,0]
[1,0,0,0]
[1,0,0,0]
[1,0,0,0]
[1,0,0,0]
[1,0,0,0]
[1,0,0,0]
[1,0,0,0]
[1,0,0,0]
[1,0,0,0]
[1,0,0,0]
[1,0,0,0]
[1,0,0,0]
[1,0,0,0]
[1,0,0,0]
[1,0,0,0]
[1,0,0,0]
[1,0,0,0]
[1,0,0,0]
[1,0,0,0]
[1,0,0,0]
[1,0,0,0]
[1,0,0,0]
[1,0,0,0]
[1,0,0,0]
[1,0,0,0]
[1,0,0,0]
[1,0,0,0]
[1,0,0,0]
[1,0,0,0]
[1,0,0,0]
[1,0,0,0]
[1,0,0,0]
[1,0,0,0]
[1,0,0,0]
[1,0,0,0]
[1,0,0,0]
[1,0,0,0]
[1,0,0,0]
[1,0,0,0]
[1,0,0,0]
[1,0,0,0]
[1,0,0,0]
[1,0,0,0]
[1,0,0,0]
[1,0,0,0]
[1,0,0,0]
[1,0,0,0]
[1,0,0,0]
[1,0,0,0]
[1,0,0,0]
[1,0,0,0]
[1,0,0,0]
[1,0,0,0]
[1,0,0,0]
[1,0,0,0]
[1,0,0,0]
[1,0,0,0]
[1,0,0,0]
[1,0,0,0]
[1,0,0,0]
[1,0,0,0]
[1,0,0,0]
[1,0,0,0]
[1,0,0,0]
[1,0,0,0]
[1,0,0,0]
[1,0,0,0]
[1,0,0,0]
[1,0,0,0]
[1,0,0,0]
[1,0,0,0]
[1,0,0,0]
[1,0,0,0]
[1,0,0,0]
[1,0,0,0]
[1,0,0,0]
[1,0,0,0]
[1,0,0,0]
[1,0,0,0]
[1,0,0,0]
[1,0,0,0]
[1,0,0,0]
[1,0,0,0]
[1,0,0,0]
[1,0,0,0]
[1,0,0,0]
[1,0,0,0]
[1,0,0,0]
[1,0,0,0]
[1,0,0,0]
[1,0,0,0]
[1,0,0,0]
[1,0,0,0]
[1,0,0,0]
[1,0,0,0]
[1,0,0,0]
[1,0,0,0]
[1,0,0,0]
[1,0,0,0]
[1,0,0,0]
[1,0,0,0]
[1,0,0,0]
[1,0,0,0]
[1,0,0,0]
[1,0,0,0]
[1,0,0,0]
[1,0,0,0]
[1,0,0,0]
[1,0,0,0]
[1,0,0,0]
[1,0,0,0]
[1,0,0,0]
[1,0,0,0]
[1,0,0,0]
[1,0,0,0]
[1,0,0,0]
[1,0,0,0]
[1,0,0,0]
[1,0,0,0]
[1,0,0,0]
[1,0,0,0]
[1,0,0,0]
[1,0,0,0]
[1,0,0,0]
[1,0,0,0]
[1,0,0,0]
[1,0,0,0]
[1,0,0,0]
[1,0,0,0]
[1,0,0,0]
[1,0,0,0]
[1,0,0,0]
[1,0,0,0]
[1,0,0,0]
[1,0,0,0]
[1,0,0,0]
[1,0,0,0]
[1,0,0,0]
[1,0,0,0]
[1,0,0,0]
[1,0,0,0]
[1,0,0,0]
[1,0,0,0]
[1,0,0,0]
[1,0,0,0]
[1,0,0,0]
[1,0,0,0]
[1,0,0,0]
[1,0,0,0]
[1,0,0,0]
[1,0,0,0]
[1,0,0,0]
[1,0,0,0]
[1,0,0,0]
[1,0,0,0]
[1,0,0,0]
[1,0,0,0]
[1,0,0,0]
[1,0,0,0]
[1,0,0,0]
[1,0,0,0]
[1,0,0,0]
[1,0,0,0]
[1,0,0,0]
[1,0,0,0]
[1,0,0,0]
[1,0,0,0]
[1,0,0,0]
[1,0,0,0]
[1,0,0,0]
[1,0,0,0]
[1,0,0,0]
[1,0,0,0]
[1,0,0,0]
[1,0,0,0]
[1,0,0,0]
[1,0,0,0]
[1,0,0,0]
[1,0,0,0]
[1,0,0,0]
[1,0,0,0]
[1,0,0,0]
[1,0,0,0]
[1,0,0,0]
[1,0,0,0]
[1,0,0,0]
[1,0,0,0]
[1,0,0,0]
[1,0,0,0]
[1,0,0,0]
[1,0,0,0]
[1,0,0,0]
[1,0,0,0]
[1,0,0,0]
[1,0,0,0]
[1,0,0,0]
[1,0,0,0]
[1,0,0,0]
[1,0,0,0]
[1,0,0,0]
[1,0,0,0]
[1,0,0,0]
[1,0,0,0]
[1,0,0,0]
[1,0,0,0]
[1,0,0,0]
[1,0,0,0]
[1,0,0,0]
[1,0,0,0]
[1,0,0,0]
[1,0,0,0]
[1,0,0,0]
[1,0,0,0]
[1,0,0,0]
[1,0,0,0]
[1,0,0,0]
[1,0,0,0]
[1,0,0,0]
[1,0,0,0]
[1,0,0,0]
[1,0,0,0]
[1,0,0,0]
[1,0,0,0]
[1,0,0,0]
[1,0,0,0]
[1,0,0,0]
[1,0,0,0]
[1,0,0,0]
[1,0,0,0]
[1,0,0,0]
[1,0,0,0]
[1,0,0,0]
[1,0,0,0]
[1,0,0,0]
[1,0,0,0]
[1,0,0,0]
[1,0,0,0]
[1,0,0,0]
[1,0,0,0]
[1,0,0,0]
[1,0,0,0]
[1,0,0,0]
[1,0,0,0]
[1,0,0,0]
[1,0,0,0]
[1,0,0,0]
[1,0,0,0]
[1,0,0,0]
[1,0,0,0]
[1,0,0,0]
[1,0,0,0]
[1,0,0,0]
[1,0,0,0]
[1,0,0,0]
[1,0,0,0]
[1,0,0,0]
[1,0,0,0]
[1,0,0,0]
[1,0,0,0]
[1,0,0,0]
[1,0,0,0]
[1,0,0,0]
[1,0,0,0]
[1,0,0,0]
[1,0,0,0]
[1,0,0,0]
[1,0,0,0]
[1,0,0,0]
[1,0,0,0]
[1,0,0,0]
[1,0,0,0]
[1,0,0,0]
[1,0,0,0]
[1,0,0,0]
[1,0,0,0]
[1,0,0,0]
[1,0,0,0]
[1,0,0,0]
[1,0,0,0]
[1,0,0,0]
[1,0,0,0]
[1,0,0,0]
[1,0,0,0]
[1,0,0,0]
[1,0,0,0]
[1,0,0,0]
[1,0,0,0]
[1,0,0,0]
[1,0,0,0]
[1,0,0,0]
[1,0,0,0]
[1,0,0,0]
[1,0,0,0]
[1,0,0,0]
[1,0,0,0]
[1,0,0,0]
[1,0,0,0]
[1,0,0,0]
[1,0,0,0]
[1,0,0,0]
[1,0,0,0]
[1,0,0,0]
[1,0,0,0]
[1,0,0,0]
[1,0,0,0]
[1,0,0,0]
[1,0,0,0]
[1,0,0,0]
[1,0,0,0]
[1,0,0,0]
[1,0,0,0]
[1,0,0,0]
[1,0,0,0]
[1,0,0,0]
[1,0,0,0]
[1,0,0,0]
[1,0,0,0]
[1,0,0,0]
[1,0,0,0]
[1,0,0,0]
[1,0,0,0]
[1,0,0,0]
[1,0,0,0]
[1,0,0,0]
[1,0,0,0]
[1,0,0,0]
[1,0,0,0]
[1,0,0,0]
[1,0,0,0]
[1,0,0,0]
[1,0,0,0]
[1,0,0,0]
[1,0,0,0]
[1,0,0,0]
[1,0,0,0]
[1,0,0,0]
[1,0,0,0]
[1,0,0,0]
[1,0,0,0]
[1,0,0,0]
[1,0,0,0]
[1,0,0,0]
[1,0,0,0]
[1,0,0,0]
[1,0,0,0]
[1,0,0,0]
[1,0,0,0]
[1,0,0,0]
[1,0,0,0]
[1,0,0,0]
[1,0,0,0]
[1,0,0,0]
[1,0,0,0]
[1,0,0,0]
[1,0,0,0]
[1,0,0,0]
[1,0,0,0]
[1,0,0,0]
[1,0,0,0]
[1,0,0,0]
[1,0,0,0]
[1,0,0,0]
[1,0,0,0]
[1,0,0,0]
[1,0,0,0]
[1,0,0,0]
[1,0,0,0]
[1,0,0,0]
[1,0,0,0]
[1,0,0,0]
[1,0,0,0]
[1,0,0,0]
[1,0,0,0]
[1,0,0,0]
[1,0,0,0]
[1,0,0,0]
[1,0,0,0]
[1,0,0,0]
[1,0,0,0]
[1,0,0,0]
[1,0,0,0]
[1,0,0,0]
[1,0,0,0]
[1,0,0,0]
[1,0,0,0]
[1,0,0,0]
[1,0,0,0]
[1,0,0,0]
[1,0,0,0]
[1,0,0,0]
[1,0,0,0]
[1,0,0,0]
[1,0,0,0]
[1,0,0,0]
[1,0,0,0]
[1,0,0,0]
[1,0,0,0]
[1,0,0,0]
[1,0,0,0]
[1,0,0,0]
[1,0,0,0]
[1,0,0,0]
[1,0,0,0]
[1,0,0,0]
[1,0,0,0]
[1,0,0,0]
[1,0,0,0]
[1,0,0,0]
[1,0,0,0]
[1,0,0,0]
[1,0,0,0]
[1,0,0,0]
[1,0,0,0]
[1,0,0,0]
[1,0,0,0]
[1,0,0,0]
[1,0,0,0]
[1,0,0,0]
[1,0,0,0]
[1,0,0,0]
[1,0,0,0]
[1,0,0,0]
[1,0,0,0]
[1,0,0,0]
[1,0,0,0]
[1,0,0,0]
[1,0,0,0]
[1,0,0,0]
[1,0,0,0]
[1,0,0,0]
[1,0,0,0]
[1,0,0,0]
[1,0,0,0]
[1,0,0,0]
[1,0,0,0]
[1,0,0,0]
[1,0,0,0]
[1,0,0,0]
[1,0,0,0]
[1,0,0,0]
[1,0,0,0]
[1,0,0,0]
[1,0,0,0]
[1,0,0,0]
[1,0,0,0]
[1,0,0,0]
[1,0,0,0]
[1,0,0,0]
[1,0,0,0]
[1,0,0,0]
[1,0,0,0]
[1,0,0,0]
[1,0,0,0]
[1,0,0,0]
[1,0,0,0]
[1,0,0,0]
[1,0,0,0]
[1,0,0,0]
[1,0,0,0]
[1,0,0,0]
[1,0,0,0]
[1,0,0,0]
[1,0,0,0]
[1,0,0,0]
[1,0,0,0]
[1,0,0,0]
[1,0,0,0]
[1,0,0,0]
[1,0,0,0]
[1,0,0,0]
[1,0,0,0]
[1,0,0,0]
[1,0,0,0]
[1,0,0,0]
[1,0,0,0]
[1,0,0,0]
[1,0,0,0]
[1,0,0,0]
[1,0,0,0]
[1,0,0,0]
[1,0,0,0]
[1,0,0,0]
[1,0,0,0]
[1,0,0,0]
[1,0,0,0]
[1,0,0,0]
[1,0,0,0]
[1,0,0,0]
[1,0,0,0]
[1,0,0,0]
[1,0,0,0]
[1,0,0,0]
[1,0,0,0]
[1,0,0,0]
[1,0,0,0]
[1,0,0,0]
[1,0,0,0]
[1,0,0,0]
[1,0,0,0]
[1,0,0,0]
[1,0,0,0]
[1,0,0,0]
[1,0,0,0]
[1,0,0,0]
[1,0,0,0]
[1,0,0,0]
[1,0,0,0]
[1,0,0,0]
[1,0,0,0]
[1,0,0,0]
[1,0,0,0]
[1,0,0,0]
[1,0,0,0]
[1,0,0,0]
[1,0,0,0]
[1,0,0,0]
[1,0,0,0]
[1,0,0,0]
[1,0,0,0]
[1,0,0,0]
[1,0,0,0]
[1,0,0,0]
[1,0,0,0]
[1,0,0,0]
[1,0,0,0]
[1,0,0,0]
[1,0,0,0]
[1,0,0,0]
[1,0,0,0]
[1,0,0,0]
[1,0,0,0]
[1,0,0,0]
[1,0,0,0]
[1,0,0,0]
[1,0,0,0]
[1,0,0,0]
[1,0,0,0]
[1,0,0,0]
[1,0,0,0]
[1,0,0,0]
[1,0,0,0]
[1,0,0,0]
[1,0,0,0]
[1,0,0,0]
[1,0,0,0]
[1,0,0,0]
[1,0,0,0]
[1,0,0,0]
[1,0,0,0]
[1,0,0,0]
[1,0,0,0]
[1,0,0,0]
[1,0,0,0]
[1,0,0,0]
[1,0,0,0]
[1,0,0,0]
[1,0,0,0]
[1,0,0,0]
[1,0,0,0]
[1,0,0,0]
[1,0,0,0]
[1,0,0,0]
[1,0,0,0]
[1,0,0,0]
[1,0,0,0]
[1,0,0,0]
[1,0,0,0]
[1,0,0,0]
[1,0,0,0]
[1,0,0,0]
[1,0,0,0]
[1,0,0,0]
[1,0,0,0]
[1,0,0,0]
[1,0,0,0]
[1,0,0,0]
[1,0,0,0]
[1,0,0,0]
[1,0,0,0]
[1,0,0,0]
[1,0,0,0]
[1,0,0,0]
[1,0,0,0]
[1,0,0,0]
[1,0,0,0]
[1,0,0,0]
[1,0,0,0]
[1,0,0,0]
[1,0,0,0]
[1,0,0,0]
[1,0,0,0]
[1,0,0,0]
[1,0,0,0]
[1,0,0,0]
[1,0,0,0]
[1,0,0,0]
[1,0,0,0]
[1,0,0,0]
[1,0,0,0]
[1,0,0,0]
[1,0,0,0]
[1,0,0,0]
[1,0,0,0]
[1,0,0,0]
[1,0,0,0]
[1,0,0,0]
[1,0,0,0]
[1,0,0,0]
[1,0,0,0]
[1,0,0,0]
[1,0,0,0]
[1,0,0,0]
[1,0,0,0]
[1,0,0,0]
[1,0,0,0]
[1,0,0,0]
[1,0,0,0]
[1,0,0,0]
[1,0,0,0]
[1,0,0,0]
[1,0,0,0]
[1,0,0,0]
[1,0,0,0]
[1,0,0,0]
[1,0,0,0]
[1,0,0,0]
[1,0,0,0]
[1,0,0,0]
[1,0,0,0]
[1,0,0,0]
[1,0,0,0]
[1,0,0,0]
[1,0,0,0]
[1,0,0,0]
[1,0,0,0]
[1,0,0,0]
[1,0,0,0]
[1,0,0,0]
[1,0,0,0]
[1,0,0,0]
[1,0,0,0]
[1,0,0,0]
[1,0,0,0]
[1,0,0,0]
[1,0,0,0]
[1,0,0,0]
[1,0,0,0]
[1,0,0,0]
[1,0,0,0]
[1,0,0,0]
[1,0,0,0]
[1,0,0,0]
[1,0,0,0]
[1,0,0,0]
[1,0,0,0]
[1,0,0,0]
[1,0,0,0]
[1,0,0,0]
[1,0,0,0]
[1,0,0,0]
[1,0,0,0]
[1,0,0,0]
[1,0,0,0]
[1,0,0,0]
[1,0,0,0]
[1,0,0,0]
[1,0,0,0]
[1,0,0,0]
[1,0,0,0]
[1,0,0,0]
[1,0,0,0]
[1,0,0,0]
[1,0,0,0]
[1,0,0,0]
[1,0,0,0]
[1,0,0,0]
[1,0,0,0]
[1,0,0,0]
[1,0,0,0]
[1,0,0,0]
[1,0,0,0]
[1,0,0,0]
[1,0,0,0]
[1,0,0,0]
[1,0,0,0]
[1,0,0,0]
[1,0,0,0]
[1,0,0,0]
[1,0,0,0]
[1,0,0,0]
[1,0,0,0]
[1,0,0,0]
[1,0,0,0]
[1,0,0,0]
[1,0,0,0]
[1,0,0,0]
[1,0,0,0]
[1,0,0,0]
[1,0,0,0]
[1,0,0,0]
[1,0,0,0]
[1,0,0,0]
[1,0,0,0]
[1,0,0,0]
[1,0,0,0]
[1,0,0,0]
[1,0,0,0]
[1,0,0,0]
[1,0,0,0]
[1,0,0,0]
[1,0,0,0]
[1,0,0,0]
[1,0,0,0]
[1,0,0,0]
[1,0,0,0]
[1,0,0,0]
[1,0,0,0]
[1,0,0,0]
[1,0,0,0]
[1,0,0,0]
[1,0,0,0]
[1,0,0,0]
[1,0,0,0]
[1,0,0,0]
[1,0,0,0]
[1,0,0,0]
[1,0,0,0]
[1,0,0,0]
[1,0,0,0]
[1,0,0,0]
[1,0,0,0]
[1,0,0,0]
[1,0,0,0]
[1,0,0,0]
[1,0,0,0]
[1,0,0,0]
[1,0,0,0]
[1,0,0,0]
[1,0,0,0]
[1,0,0,0]
[1,0,0,0]
[1,0,0,0]
[1,0,0,0]
[1,0,0,0]
[1,0,0,0]
[1,0,0,0]
[1,0,0,0]
[1,0,0,0]
[1,0,0,0]
[1,0,0,0]
[1,0,0,0]
[1,0,0,0]
[1,0,0,0]
[1,0,0,0]
[1,0,0,0]
[1,0,0,0]
[1,0,0,0]
[1,0,0,0]
[1,0,0,0]
[1,0,0,0]
[1,0,0,0]
[1,0,0,0]
[1,0,0,0]
[1,0,0,0]
[1,0,0,0]
[1,0,0,0]
[1,0,0,0]
[1,0,0,0]
[1,0,0,0]
[1,0,0,0]
[1,0,0,0]
[1,0,0,0]
[1,0,0,0]
[1,0,0,0]
[1,0,0,0]
[1,0,0,0]
[1,0,0,0]
[1,0,0,0]
[1,0,0,0]
[1,0,0,0]
[1,0,0,0]
[1,0,0,0]
[1,0,0,0]
[1,0,0,0]
[1,0,0,0]
[1,0,0,0]
[1,0,0,0]
[1,0,0,0]
[1,0,0,0]
[1,0,0,0]
[1,0,0,0]
[1,0,0,0]
[1,0,0,0]
[1,0,0,0]
[1,0,0,0]
[1,0,0,0]
[1,0,0,0]
[1,0,0,0]
[1,0,0,0]
