810
10
[0.0037037,0,0]
[0.00740741,0,0]
[0.0111111,0,0]
[0.0148148,0,0]
[0.0185185,0,0]
[0.0222222,0,0]
[0.0259259,0,0]
[0.0296296,0,0]
[0.0333333,0,0]
[0.037037,0,0]
[0.0407407,0,0]
[0.0444444,0,0]
[0.0481481,0,0]
[0.0518519,0,0]
[0.0555556,0,0]
[0.0592593,0,0]
[0.062963,0,0]
[0.0666667,0,0]
[0.0703704,0,0]
[0.0740741,0,0]
[0.0777778,0,0]
[0.0814815,0,0]
[0.0851852,0,0]
[0.0888889,0,0]
[0.0925926,0,0]
[0.0962963,0,0]
[0.1,0,0]
[0.103704,0,0]
[0.107407,0,0]
[0.111111,0,0]
[0.114815,0,0]
[0.118519,0,0]
[0.122222,0,0]
[0.125926,0,0]
[0.12963,0,0]
[0.133333,0,0]
[0.137037,0,0]
[0.140741,0,0]
[0.144444,0,0]
[0.148148,0,0]
[0.151852,0,0]
[0.155556,0,0]
[0.159259,0,0]
[0.162963,0,0]
[0.166667,0,0]
[0.17037,0,0]
[0.174074,0,0]
[0.177778,0,0]
[0.181481,0,0]
[0.185185,0,0]
[0.188889,0,0]
[0.192593,0,0]
[0.196296,0,0]
[0.2,0,0]
[0.203704,0,0]
[0.207407,0,0]
[0.211111,0,0]
[0.214815,0,0]
[0.218519,0,0]
[0.222222,0,0]
[0.225926,0,0]
[0.22963,0,0]
[0.233333,0,0]
[0.237037,0,0]
[0.240741,0,0]
[0.244444,0,0]
[0.248148,0,0]
[0.251852,0,0]
[0.255556,0,0]
[0.259259,0,0]
[0.262963,0,0]
[0.266667,0,0]
[0.27037,0,0]
[0.274074,0,0]
[0.277778,0,0]
[0.281481,0,0]
[0.285185,0,0]
[0.288889,0,0]
[0.292593,0,0]
[0.296296,0,0]
[0.3,0,0]
[0.303704,0,0]
[0.307407,0,0]
[0.311111,0,0]
[0.314815,0,0]
[0.318519,0,0]
[0.322222,0,0]
[0.325926,0,0]
[0.32963,0,0]
[0.333333,0,0]
[0.337037,0,0]
[0.340741,0,0]
[0.344444,0,0]
[0.348148,0,0]
[0.351852,0,0]
[0.355556,0,0]
[0.359259,0,0]
[0.362963,0,0]
[0.366667,0,0]
[0.37037,0,0]
[0.374074,0,0]
[0.377778,0,0]
[0.381481,0,0]
[0.385185,0,0]
[0.388889,0,0]
[0.392593,0,0]
[0.396296,0,0]
[0.4,0,0]
[0.403704,0,0]
[0.407407,0,0]
[0.411111,0,0]
[0.414815,0,0]
[0.418519,0,0]
[0.422222,0,0]
[0.425926,0,0]
[0.42963,0,0]
[0.433333,0,0]
[0.437037,0,0]
[0.440741,0,0]
[0.444444,0,0]
[0.448148,0,0]
[0.451852,0,0]
[0.455556,0,0]
[0.459259,0,0]
[0.462963,0,0]
[0.466667,0,0]
[0.47037,0,0]
[0.474074,0,0]
[0.477778,0,0]
[0.481481,0,0]
[0.485185,0,0]
[0.488889,0,0]
[0.492593,0,0]
[0.496296,0,0]
[0.5,0,0]
[0.503704,0,0]
[0.507407,0,0]
[0.511111,0,0]
[0.514815,0,0]
[0.518519,0,0]
[0.522222,0,0]
[0.525926,0,0]
[0.52963,0,0]
[0.533333,0,0]
[0.537037,0,0]
[0.540741,0,0]
[0.544444,0,0]
[0.548148,0,0]
[0.551852,0,0]
[0.555556,0,0]
[0.559259,0,0]
[0.562963,0,0]
[0.566667,0,0]
[0.57037,0,0]
[0.574074,0,0]
[0.577778,0,0]
[0.581481,0,0]
[0.585185,0,0]
[0.588889,0,0]
[0.592593,0,0]
[0.596296,0,0]
[0.6,0,0]
[0.603704,0,0]
[0.607407,0,0]
[0.611111,0,0]
[0.614815,0,0]
[0.618519,0,0]
[0.622222,0,0]
[0.625926,0,0]
[0.62963,0,0]
[0.633333,0,0]
[0.637037,0,0]
[0.640741,0,0]
[0.644444,0,0]
[0.648148,0,0]
[0.651852,0,0]
[0.655556,0,0]
[0.659259,0,0]
[0.662963,0,0]
[0.666667,0,0]
[0.67037,0,0]
[0.674074,0,0]
[0.677778,0,0]
[0.681481,0,0]
[0.685185,0,0]
[0.688889,0,0]
[0.692593,0,0]
[0.696296,0,0]
[0.7,0,0]
[0.703704,0,0]
[0.707407,0,0]
[0.711111,0,0]
[0.714815,0,0]
[0.718519,0,0]
[0.722222,0,0]
[0.725926,0,0]
[0.72963,0,0]
[0.733333,0,0]
[0.737037,0,0]
[0.740741,0,0]
[0.744444,0,0]
[0.748148,0,0]
[0.751852,0,0]
[0.755556,0,0]
[0.759259,0,0]
[0.762963,0,0]
[0.766667,0,0]
[0.77037,0,0]
[0.774074,0,0]
[0.777778,0,0]
[0.781481,0,0]
[0.785185,0,0]
[0.788889,0,0]
[0.792593,0,0]
[0.796296,0,0]
[0.8,0,0]
[0.803704,0,0]
[0.807407,0,0]
[0.811111,0,0]
[0.814815,0,0]
[0.818519,0,0]
[0.822222,0,0]
[0.825926,0,0]
[0.82963,0,0]
[0.833333,0,0]
[0.837037,0,0]
[0.840741,0,0]
[0.844444,0,0]
[0.848148,0,0]
[0.851852,0,0]
[0.855556,0,0]
[0.859259,0,0]
[0.862963,0,0]
[0.866667,0,0]
[0.87037,0,0]
[0.874074,0,0]
[0.877778,0,0]
[0.881481,0,0]
[0.885185,0,0]
[0.888889,0,0]
[0.892593,0,0]
[0.896296,0,0]
[0.9,0,0]
[0.903704,0,0]
[0.907407,0,0]
[0.911111,0,0]
[0.914815,0,0]
[0.918519,0,0]
[0.922222,0,0]
[0.925926,0,0]
[0.92963,0,0]
[0.933333,0,0]
[0.937037,0,0]
[0.940741,0,0]
[0.944444,0,0]
[0.948148,0,0]
[0.951852,0,0]
[0.955556,0,0]
[0.959259,0,0]
[0.962963,0,0]
[0.966667,0,0]
[0.97037,0,0]
[0.974074,0,0]
[0.977778,0,0]
[0.981481,0,0]
[0.985185,0,0]
[0.988889,0,0]
[0.992593,0,0]
[0.996296,0,0]
[1,0,0]
[1.0037,0,0]
[1.00741,0,0]
[1.01111,0,0]
[1.01481,0,0]
[1.01852,0,0]
[1.02222,0,0]
[1.02593,0,0]
[1.02963,0,0]
[1.03333,0,0]
[1.03704,0,0]
[1.04074,0,0]
[1.04444,0,0]
[1.04815,0,0]
[1.05185,0,0]
[1.05556,0,0]
[1.05926,0,0]
[1.06296,0,0]
[1.06667,0,0]
[1.07037,0,0]
[1.07407,0,0]
[1.07778,0,0]
[1.08148,0,0]
[1.08519,0,0]
[1.08889,0,0]
[1.09259,0,0]
[1.0963,0,0]
[1.1,0,0]
[1.1037,0,0]
[1.10741,0,0]
[1.11111,0,0]
[1.11481,0,0]
[1.11852,0,0]
[1.12222,0,0]
[1.12593,0,0]
[1.12963,0,0]
[1.13333,0,0]
[1.13704,0,0]
[1.14074,0,0]
[1.14444,0,0]
[1.14815,0,0]
[1.15185,0,0]
[1.15556,0,0]
[1.15926,0,0]
[1.16296,0,0]
[1.16667,0,0]
[1.17037,0,0]
[1.17407,0,0]
[1.17778,0,0]
[1.18148,0,0]
[1.18519,0,0]
[1.18889,0,0]
[1.19259,0,0]
[1.1963,0,0]
[1.2,0,0]
[1.2037,0,0]
[1.20741,0,0]
[1.21111,0,0]
[1.21481,0,0]
[1.21852,0,0]
[1.22222,0,0]
[1.22593,0,0]
[1.22963,0,0]
[1.23333,0,0]
[1.23704,0,0]
[1.24074,0,0]
[1.24444,0,0]
[1.24815,0,0]
[1.25185,0,0]
[1.25556,0,0]
[1.25926,0,0]
[1.26296,0,0]
[1.26667,0,0]
[1.27037,0,0]
[1.27407,0,0]
[1.27778,0,0]
[1.28148,0,0]
[1.28519,0,0]
[1.28889,0,0]
[1.29259,0,0]
[1.2963,0,0]
[1.3,0,0]
[1.3037,0,0]
[1.30741,0,0]
[1.31111,0,0]
[1.31481,0,0]
[1.31852,0,0]
[1.32222,0,0]
[1.32593,0,0]
[1.32963,0,0]
[1.33333,0,0]
[1.33704,0,0]
[1.34074,0,0]
[1.34444,0,0]
[1.34815,0,0]
[1.35185,0,0]
[1.35556,0,0]
[1.35926,0,0]
[1.36296,0,0]
[1.36667,0,0]
[1.37037,0,0]
[1.37407,0,0]
[1.37778,0,0]
[1.38148,0,0]
[1.38519,0,0]
[1.38889,0,0]
[1.39259,0,0]
[1.3963,0,0]
[1.4,0,0]
[1.4037,0,0]
[1.40741,0,0]
[1.41111,0,0]
[1.41481,0,0]
[1.41852,0,0]
[1.42222,0,0]
[1.42593,0,0]
[1.42963,0,0]
[1.43333,0,0]
[1.43704,0,0]
[1.44074,0,0]
[1.44444,0,0]
[1.44815,0,0]
[1.45185,0,0]
[1.45556,0,0]
[1.45926,0,0]
[1.46296,0,0]
[1.46667,0,0]
[1.47037,0,0]
[1.47407,0,0]
[1.47778,0,0]
[1.48148,0,0]
[1.48519,0,0]
[1.48889,0,0]
[1.49259,0,0]
[1.4963,0,0]
[1.5,0,0]
[1.5037,0,0]
[1.50741,0,0]
[1.51111,0,0]
[1.51481,0,0]
[1.51852,0,0]
[1.52222,0,0]
[1.52593,0,0]
[1.52963,0,0]
[1.53333,0,0]
[1.53704,0,0]
[1.54074,0,0]
[1.54444,0,0]
[1.54815,0,0]
[1.55185,0,0]
[1.55556,0,0]
[1.55926,0,0]
[1.56296,0,0]
[1.56667,0,0]
[1.57037,0,0]
[1.57407,0,0]
[1.57778,0,0]
[1.58148,0,0]
[1.58519,0,0]
[1.58889,0,0]
[1.59259,0,0]
[1.5963,0,0]
[1.6,0,0]
[1.6037,0,0]
[1.60741,0,0]
[1.61111,0,0]
[1.61481,0,0]
[1.61852,0,0]
[1.62222,0,0]
[1.62593,0,0]
[1.62963,0,0]
[1.63333,0,0]
[1.63704,0,0]
[1.64074,0,0]
[1.64444,0,0]
[1.64815,0,0]
[1.65185,0,0]
[1.65556,0,0]
[1.65926,0,0]
[1.66296,0,0]
[1.66667,0,0]
[1.67037,0,0]
[1.67407,0,0]
[1.67778,0,0]
[1.68148,0,0]
[1.68519,0,0]
[1.68889,0,0]
[1.69259,0,0]
[1.6963,0,0]
[1.7,0,0]
[1.7037,0,0]
[1.70741,0,0]
[1.71111,0,0]
[1.71481,0,0]
[1.71852,0,0]
[1.72222,0,0]
[1.72593,0,0]
[1.72963,0,0]
[1.73333,0,0]
[1.73704,0,0]
[1.74074,0,0]
[1.74444,0,0]
[1.74815,0,0]
[1.75185,0,0]
[1.75556,0,0]
[1.75926,0,0]
[1.76296,0,0]
[1.76667,0,0]
[1.77037,0,0]
[1.77407,0,0]
[1.77778,0,0]
[1.78148,0,0]
[1.78519,0,0]
[1.78889,0,0]
[1.79259,0,0]
[1.7963,0,0]
[1.8,0,0]
[1.8037,0,0]
[1.80741,0,0]
[1.81111,0,0]
[1.81481,0,0]
[1.81852,0,0]
[1.82222,0,0]
[1.82593,0,0]
[1.82963,0,0]
[1.83333,0,0]
[1.83704,0,0]
[1.84074,0,0]
[1.84444,0,0]
[1.84815,0,0]
[1.85185,0,0]
[1.85556,0,0]
[1.85926,0,0]
[1.86296,0,0]
[1.86667,0,0]
[1.87037,0,0]
[1.87407,0,0]
[1.87778,0,0]
[1.88148,0,0]
[1.88519,0,0]
[1.88889,0,0]
[1.89259,0,0]
[1.8963,0,0]
[1.9,0,0]
[1.9037,0,0]
[1.90741,0,0]
[1.91111,0,0]
[1.91481,0,0]
[1.91852,0,0]
[1.92222,0,0]
[1.92593,0,0]
[1.92963,0,0]
[1.93333,0,0]
[1.93704,0,0]
[1.94074,0,0]
[1.94444,0,0]
[1.94815,0,0]
[1.95185,0,0]
[1.95556,0,0]
[1.95926,0,0]
[1.96296,0,0]
[1.96667,0,0]
[1.97037,0,0]
[1.97407,0,0]
[1.97778,0,0]
[1.98148,0,0]
[1.98519,0,0]
[1.98889,0,0]
[1.99259,0,0]
[1.9963,0,0]
[2,0,0]
[2.0037,0,0]
[2.00741,0,0]
[2.01111,0,0]
[2.01481,0,0]
[2.01852,0,0]
[2.02222,0,0]
[2.02593,0,0]
[2.02963,0,0]
[2.03333,0,0]
[2.03704,0,0]
[2.04074,0,0]
[2.04444,0,0]
[2.04815,0,0]
[2.05185,0,0]
[2.05556,0,0]
[2.05926,0,0]
[2.06296,0,0]
[2.06667,0,0]
[2.07037,0,0]
[2.07407,0,0]
[2.07778,0,0]
[2.08148,0,0]
[2.08519,0,0]
[2.08889,0,0]
[2.09259,0,0]
[2.0963,0,0]
[2.1,0,0]
[2.1037,0,0]
[2.10741,0,0]
[2.11111,0,0]
[2.11481,0,0]
[2.11852,0,0]
[2.12222,0,0]
[2.12593,0,0]
[2.12963,0,0]
[2.13333,0,0]
[2.13704,0,0]
[2.14074,0,0]
[2.14444,0,0]
[2.14815,0,0]
[2.15185,0,0]
[2.15556,0,0]
[2.15926,0,0]
[2.16296,0,0]
[2.16667,0,0]
[2.17037,0,0]
[2.17407,0,0]
[2.17778,0,0]
[2.18148,0,0]
[2.18519,0,0]
[2.18889,0,0]
[2.19259,0,0]
[2.1963,0,0]
[2.2,0,0]
[2.2037,0,0]
[2.20741,0,0]
[2.21111,0,0]
[2.21481,0,0]
[2.21852,0,0]
[2.22222,0,0]
[2.22593,0,0]
[2.22963,0,0]
[2.23333,0,0]
[2.23704,0,0]
[2.24074,0,0]
[2.24444,0,0]
[2.24815,0,0]
[2.25185,0,0]
[2.25556,0,0]
[2.25926,0,0]
[2.26296,0,0]
[2.26667,0,0]
[2.27037,0,0]
[2.27407,0,0]
[2.27778,0,0]
[2.28148,0,0]
[2.28519,0,0]
[2.28889,0,0]
[2.29259,0,0]
[2.2963,0,0]
[2.3,0,0]
[2.3037,0,0]
[2.30741,0,0]
[2.31111,0,0]
[2.31481,0,0]
[2.31852,0,0]
[2.32222,0,0]
[2.32593,0,0]
[2.32963,0,0]
[2.33333,0,0]
[2.33704,0,0]
[2.34074,0,0]
[2.34444,0,0]
[2.34815,0,0]
[2.35185,0,0]
[2.35556,0,0]
[2.35926,0,0]
[2.36296,0,0]
[2.36667,0,0]
[2.37037,0,0]
[2.37407,0,0]
[2.37778,0,0]
[2.38148,0,0]
[2.38519,0,0]
[2.38889,0,0]
[2.39259,0,0]
[2.3963,0,0]
[2.4,0,0]
[2.4037,0,0]
[2.40741,0,0]
[2.41111,0,0]
[2.41481,0,0]
[2.41852,0,0]
[2.42222,0,0]
[2.42593,0,0]
[2.42963,0,0]
[2.43333,0,0]
[2.43704,0,0]
[2.44074,0,0]
[2.44444,0,0]
[2.44815,0,0]
[2.45185,0,0]
[2.45556,0,0]
[2.45926,0,0]
[2.46296,0,0]
[2.46667,0,0]
[2.47037,0,0]
[2.47407,0,0]
[2.47778,0,0]
[2.48148,0,0]
[2.48519,0,0]
[2.48889,0,0]
[2.49259,0,0]
[2.4963,0,0]
[2.5,0,0]
[2.5037,0,0]
[2.50741,0,0]
[2.51111,0,0]
[2.51481,0,0]
[2.51852,0,0]
[2.52222,0,0]
[2.52593,0,0]
[2.52963,0,0]
[2.53333,0,0]
[2.53704,0,0]
[2.54074,0,0]
[2.54444,0,0]
[2.54815,0,0]
[2.55185,0,0]
[2.55556,0,0]
[2.55926,0,0]
[2.56296,0,0]
[2.56667,0,0]
[2.57037,0,0]
[2.57407,0,0]
[2.57778,0,0]
[2.58148,0,0]
[2.58519,0,0]
[2.58889,0,0]
[2.59259,0,0]
[2.5963,0,0]
[2.6,0,0]
[2.6037,0,0]
[2.60741,0,0]
[2.61111,0,0]
[2.61481,0,0]
[2.61852,0,0]
[2.62222,0,0]
[2.62593,0,0]
[2.62963,0,0]
[2.63333,0,0]
[2.63704,0,0]
[2.64074,0,0]
[2.64444,0,0]
[2.64815,0,0]
[2.65185,0,0]
[2.65556,0,0]
[2.65926,0,0]
[2.66296,0,0]
[2.66667,0,0]
[2.67037,0,0]
[2.67407,0,0]
[2.67778,0,0]
[2.68148,0,0]
[2.68519,0,0]
[2.68889,0,0]
[2.69259,0,0]
[2.6963,0,0]
[2.7,0,0]
[2.7037,0,0]
[2.70741,0,0]
[2.71111,0,0]
[2.71481,0,0]
[2.71852,0,0]
[2.72222,0,0]
[2.72593,0,0]
[2.72963,0,0]
[2.73333,0,0]
[2.73704,0,0]
[2.74074,0,0]
[2.74444,0,0]
[2.74815,0,0]
[2.75185,0,0]
[2.75556,0,0]
[2.75926,0,0]
[2.76296,0,0]
[2.76667,0,0]
[2.77037,0,0]
[2.77407,0,0]
[2.77778,0,0]
[2.78148,0,0]
[2.78519,0,0]
[2.78889,0,0]
[2.79259,0,0]
[2.7963,0,0]
[2.8,0,0]
[2.8037,0,0]
[2.80741,0,0]
[2.81111,0,0]
[2.81481,0,0]
[2.81852,0,0]
[2.82222,0,0]
[2.82593,0,0]
[2.82963,0,0]
[2.83333,0,0]
[2.83704,0,0]
[2.84074,0,0]
[2.84444,0,0]
[2.84815,0,0]
[2.85185,0,0]
[2.85556,0,0]
[2.85926,0,0]
[2.86296,0,0]
[2.86667,0,0]
[2.87037,0,0]
[2.87407,0,0]
[2.87778,0,0]
[2.88148,0,0]
[2.88519,0,0]
[2.88889,0,0]
[2.89259,0,0]
[2.8963,0,0]
[2.9,0,0]
[2.9037,0,0]
[2.90741,0,0]
[2.91111,0,0]
[2.91481,0,0]
[2.91852,0,0]
[2.92222,0,0]
[2.92593,0,0]
[2.92963,0,0]
[2.93333,0,0]
[2.93704,0,0]
[2.94074,0,0]
[2.94444,0,0]
[2.94815,0,0]
[2.95185,0,0]
[2.95556,0,0]
[2.95926,0,0]
[2.96296,0,0]
[2.96667,0,0]
[2.97037,0,0]
[2.97407,0,0]
[2.97778,0,0]
[2.98148,0,0]
[2.98519,0,0]
[2.98889,0,0]
[2.99259,0,0]
[2.9963,0,0]
[3,0,0]
[1,0,0,0]
[1,0,0,0]
[1,0,0,0]
[1,0,0,0]
[1,0,0,0]
[1,0,0,0]
[1,0,0,0]
[1,0,0,0]
[1,0,0,0]
[1,0,0,0]
[1,0,0,0]
[1,0,0,0]
[1,0,0,0]
[1,0,0,0]
[1,0,0,0]
[1,0,0,0]
[1,0,0,0]
[1,0,0,0]
[1,0,0,0]
[1,0,0,0]
[1,0,0,0]
[1,0,0,0]
[1,0,0,0]
[1,0,0,0]
[1,0,0,0]
[1,0,0,0]
[1,0,0,0]
[1,0,0,0]
[1,0,0,0]
[1,0,0,0]
[1,0,0,0]
[1,0,0,0]
[1,0,0,0]
[1,0,0,0]
[1,0,0,0]
[1,0,0,0]
[1,0,0,0]
[1,0,0,0]
[1,0,0,0]
[1,0,0,0]
[1,0,0,0]
[1,0,0,0]
[1,0,0,0]
[1,0,0,0]
[1,0,0,0]
[1,0,0,0]
[1,0,0,0]
[1,0,0,0]
[1,0,0,0]
[1,0,0,0]
[1,0,0,0]
[1,0,0,0]
[1,0,0,0]
[1,0,0,0]
[1,0,0,0]
[1,0,0,0]
[1,0,0,0]
[1,0,0,0]
[1,0,0,0]
[1,0,0,0]
[1,0,0,0]
[1,0,0,0]
[1,0,0,0]
[1,0,0,0]
[1,0,0,0]
[1,0,0,0]
[1,0,0,0]
[1,0,0,0]
[1,0,0,0]
[1,0,0,0]
[1,0,0,0]
[1,0,0,0]
[1,0,0,0]
[1,0,0,0]
[1,0,0,0]
[1,0,0,0]
[1,0,0,0]
[1,0,0,0]
[1,0,0,0]
[1,0,0,0]
[1,0,0,0]
[1,0,0,0]
[1,0,0,0]
[1,0,0,0]
[1,0,0,0]
[1,0,0,0]
[1,0,0,0]
[1,0,0,0]
[1,0,0,0]
[1,0,0,0]
[1,0,0,0]
[1,0,0,0]
[1,0,0,0]
[1,0,0,0]
[1,0,0,0]
[1,0,0,0]
[1,0,0,0]
[1,0,0,0]
[1,0,0,0]
[1,0,0,0]
[1,0,0,0]
[1,0,0,0]
[1,0,0,0]
[1,0,0,0]
[1,0,0,0]
[1,0,0,0]
[1,0,0,0]
[1,0,0,0]
[1,0,0,0]
[1,0,0,0]
[1,0,0,0]
[1,0,0,0]
[1,0,0,0]
[1,0,0,0]
[1,0,0,0]
[1,0,0,0]
[1,0,0,0]
[1,0,0,0]
[1,0,0,0]
[1,0,0,0]
[1,0,0,0]
[1,0,0,0]
[1,0,0,0]
[1,0,0,0]
[1,0,0,0]
[1,0,0,0]
[1,0,0,0]
[1,0,0,0]
[1,0,0,0]
[1,0,0,0]
[1,0,0,0]
[1,0,0,0]
[1,0,0,0]
[1,0,0,0]
[1,0,0,0]
[1,0,0,0]
[1,0,0,0]
[1,0,0,0]
[1,0,0,0]
[1,0,0,0]
[1,0,0,0]
[1,0,0,0]
[1,0,0,0]
[1,0,0,0]
[1,0,0,0]
[1,0,0,0]
[1,0,0,0]
[1,0,0,0]
[1,0,0,0]
[1,0,0,0]
[1,0,0,0]
[1,0,0,0]
[1,0,0,0]
[1,0,0,0]
[1,0,0,0]
[1,0,0,0]
[1,0,0,0]
[1,0,0,0]
[1,0,0,0]
[1,0,0,0]
[1,0,0,0]
[1,0,0,0]
[1,0,0,0]
[1,0,0,0]
[1,0,0,0]
[1,0,0,0]
[1,0,0,0]
[1,0,0,0]
[1,0,0,0]
[1,0,0,0]
[1,0,0,0]
[1,0,0,0]
[1,0,0,0]
[1,0,0,0]
[1,0,0,0]
[1,0,0,0]
[1,0,0,0]
[1,0,0,0]
[1,0,0,0]
[1,0,0,0]
[1,0,0,0]
[1,0,0,0]
[1,0,0,0]
[1,0,0,0]
[1,0,0,0]
[1,0,0,0]
[1,0,0,0]
[1,0,0,0]
[1,0,0,0]
[1,0,0,0]
[1,0,0,0]
[1,0,0,0]
[1,0,0,0]
[1,0,0,0]
[1,0,0,0]
[1,0,0,0]
[1,0,0,0]
[1,0,0,0]
[1,0,0,0]
[1,0,0,0]
[1,0,0,0]
[1,0,0,0]
[1,0,0,0]
[1,0,0,0]
[1,0,0,0]
[1,0,0,0]
[1,0,0,0]
[1,0,0,0]
[1,0,0,0]
[1,0,0,0]
[1,0,0,0]
[1,0,0,0]
[1,0,0,0]
[1,0,0,0]
[1,0,0,0]
[1,0,0,0]
[1,0,0,0]
[1,0,0,0]
[1,0,0,0]
[1,0,0,0]
[1,0,0,0]
[1,0,0,0]
[1,0,0,0]
[1,0,0,0]
[1,0,0,0]
[1,0,0,0]
[1,0,0,0]
[1,0,0,0]
[1,0,0,0]
[1,0,0,0]
[1,0,0,0]
[1,0,0,0]
[1,0,0,0]
[1,0,0,0]
[1,0,0,0]
[1,0,0,0]
[1,0,0,0]
[1,0,0,0]
[1,0,0,0]
[1,0,0,0]
[1,0,0,0]
[1,0,0,0]
[1,0,0,0]
[1,0,0,0]
[1,0,0,0]
[1,0,0,0]
[1,0,0,0]
[1,0,0,0]
[1,0,0,0]
[1,0,0,0]
[1,0,0,0]
[1,0,0,0]
[1,0,0,0]
[1,0,0,0]
[1,0,0,0]
[1,0,0,0]
[1,0,0,0]
[1,0,0,0]
[1,0,0,0]
[1,0,0,0]
[1,0,0,0]
[1,0,0,0]
[1,0,0,0]
[1,0,0,0]
[1,0,0,0]
[1,0,0,0]
[1,0,0,0]
[1,0,0,0]
[1,0,0,0]
[1,0,0,0]
[1,0,0,0]
[1,0,0,0]
[1,0,0,0]
[1,0,0,0]
[1,0,0,0]
[1,0,0,0]
[1,0,0,0]
[1,0,0,0]
[1,0,0,0]
[1,0,0,0]
[1,0,0,0]
[1,0,0,0]
[1,0,0,0]
[1,0,0,0]
[1,0,0,0]
[1,0,0,0]
[1,0,0,0]
[1,0,0,0]
[1,0,0,0]
[1,0,0,0]
[1,0,0,0]
[1,0,0,0]
[1,0,0,0]
[1,0,0,0]
[1,0,0,0]
[1,0,0,0]
[1,0,0,0]
[1,0,0,0]
[1,0,0,0]
[1,0,0,0]
[1,0,0,0]
[1,0,0,0]
[1,0,0,0]
[1,0,0,0]
[1,0,0,0]
[1,0,0,0]
[1,0,0,0]
[1,0,0,0]
[1,0,0,0]
[1,0,0,0]
[1,0,0,0]
[1,0,0,0]
[1,0,0,0]
[1,0,0,0]
[1,0,0,0]
[1,0,0,0]
[1,0,0,0]
[1,0,0,0]
[1,0,0,0]
[1,0,0,0]
[1,0,0,0]
[1,0,0,0]
[1,0,0,0]
[1,0,0,0]
[1,0,0,0]
[1,0,0,0]
[1,0,0,0]
[1,0,0,0]
[1,0,0,0]
[1,0,0,0]
[1,0,0,0]
[1,0,0,0]
[1,0,0,0]
[1,0,0,0]
[1,0,0,0]
[1,0,0,0]
[1,0,0,0]
[1,0,0,0]
[1,0,0,0]
[1,0,0,0]
[1,0,0,0]
[1,0,0,0]
[1,0,0,0]
[1,0,0,0]
[1,0,0,0]
[1,0,0,0]
[1,0,0,0]
[1,0,0,0]
[1,0,0,0]
[1,0,0,0]
[1,0,0,0]
[1,0,0,0]
[1,0,0,0]
[1,0,0,0]
[1,0,0,0]
[1,0,0,0]
[1,0,0,0]
[1,0,0,0]
[1,0,0,0]
[1,0,0,0]
[1,0,0,0]
[1,0,0,0]
[1,0,0,0]
[1,0,0,0]
[1,0,0,0]
[1,0,0,0]
[1,0,0,0]
[1,0,0,0]
[1,0,0,0]
[1,0,0,0]
[1,0,0,0]
[1,0,0,0]
[1,0,0,0]
[1,0,0,0]
[1,0,0,0]
[1,0,0,0]
[1,0,0,0]
[1,0,0,0]
[1,0,0,0]
[1,0,0,0]
[1,0,0,0]
[1,0,0,0]
[1,0,0,0]
[1,0,0,0]
[1,0,0,0]
[1,0,0,0]
[1,0,0,0]
[1,0,0,0]
[1,0,0,0]
[1,0,0,0]
[1,0,0,0]
[1,0,0,0]
[1,0,0,0]
[1,0,0,0]
[1,0,0,0]
[1,0,0,0]
[1,0,0,0]
[1,0,0,0]
[1,0,0,0]
[1,0,0,0]
[1,0,0,0]
[1,0,0,0]
[1,0,0,0]
[1,0,0,0]
[1,0,0,0]
[1,0,0,0]
[1,0,0,0]
[1,0,0,0]
[1,0,0,0]
[1,0,0,0]
[1,0,0,0]
[1,0,0,0]
[1,0,0,0]
[1,0,0,0]
[1,0,0,0]
[1,0,0,0]
[1,0,0,0]
[1,0,0,0]
[1,0,0,0]
[1,0,0,0]
[1,0,0,0]
[1,0,0,0]
[1,0,0,0]
[1,0,0,0]
[1,0,0,0]
[1,0,0,0]
[1,0,0,0]
[1,0,0,0]
[1,0,0,0]
[1,0,0,0]
[1,0,0,0]
[1,0,0,0]
[1,0,0,0]
[1,0,0,0]
[1,0,0,0]
[1,0,0,0]
[1,0,0,0]
[1,0,0,0]
[1,0,0,0]
[1,0,0,0]
[1,0,0,0]
[1,0,0,0]
[1,0,0,0]
[1,0,0,0]
[1,0,0,0]
[1,0,0,0]
[1,0,0,0]
[1,0,0,0]
[1,0,0,0]
[1,0,0,0]
[1,0,0,0]
[1,0,0,0]
[1,0,0,0]
[1,0,0,0]
[1,0,0,0]
[1,0,0,0]
[1,0,0,0]
[1,0,0,0]
[1,0,0,0]
[1,0,0,0]
[1,0,0,0]
[1,0,0,0]
[1,0,0,0]
[1,0,0,0]
[1,0,0,0]
[1,0,0,0]
[1,0,0,0]
[1,0,0,0]
[1,0,0,0]
[1,0,0,0]
[1,0,0,0]
[1,0,0,0]
[1,0,0,0]
[1,0,0,0]
[1,0,0,0]
[1,0,0,0]
[1,0,0,0]
[1,0,0,0]
[1,0,0,0]
[1,0,0,0]
[1,0,0,0]
[1,0,0,0]
[1,0,0,0]
[1,0,0,0]
[1,0,0,0]
[1,0,0,0]
[1,0,0,0]
[1,0,0,0]
[1,0,0,0]
[1,0,0,0]
[1,0,0,0]
[1,0,0,0]
[1,0,0,0]
[1,0,0,0]
[1,0,0,0]
[1,0,0,0]
[1,0,0,0]
[1,0,0,0]
[1,0,0,0]
[1,0,0,0]
[1,0,0,0]
[1,0,0,0]
[1,0,0,0]
[1,0,0,0]
[1,0,0,0]
[1,0,0,0]
[1,0,0,0]
[1,0,0,0]
[1,0,0,0]
[1,0,0,0]
[1,0,0,0]
[1,0,0,0]
[1,0,0,0]
[1,0,0,0]
[1,0,0,0]
[1,0,0,0]
[1,0,0,0]
[1,0,0,0]
[1,0,0,0]
[1,0,0,0]
[1,0,0,0]
[1,0,0,0]
[1,0,0,0]
[1,0,0,0]
[1,0,0,0]
[1,0,0,0]
[1,0,0,0]
[1,0,0,0]
[1,0,0,0]
[1,0,0,0]
[1,0,0,0]
[1,0,0,0]
[1,0,0,0]
[1,0,0,0]
[1,0,0,0]
[1,0,0,0]
[1,0,0,0]
[1,0,0,0]
[1,0,0,0]
[1,0,0,0]
[1,0,0,0]
[1,0,0,0]
[1,0,0,0]
[1,0,0,0]
[1,0,0,0]
[1,0,0,0]
[1,0,0,0]
[1,0,0,0]
[1,0,0,0]
[1,0,0,0]
[1,0,0,0]
[1,0,0,0]
[1,0,0,0]
[1,0,0,0]
[1,0,0,0]
[1,0,0,0]
[1,0,0,0]
[1,0,0,0]
[1,0,0,0]
[1,0,0,0]
[1,0,0,0]
[1,0,0,0]
[1,0,0,0]
[1,0,0,0]
[1,0,0,0]
[1,0,0,0]
[1,0,0,0]
[1,0,0,0]
[1,0,0,0]
[1,0,0,0]
[1,0,0,0]
[1,0,0,0]
[1,0,0,0]
[1,0,0,0]
[1,0,0,0]
[1,0,0,0]
[1,0,0,0]
[1,0,0,0]
[1,0,0,0]
[1,0,0,0]
[1,0,0,0]
[1,0,0,0]
[1,0,0,0]
[1,0,0,0]
[1,0,0,0]
[1,0,0,0]
[1,0,0,0]
[1,0,0,0]
[1,0,0,0]
[1,0,0,0]
[1,0,0,0]
[1,0,0,0]
[1,0,0,0]
[1,0,0,0]
[1,0,0,0]
[1,0,0,0]
[1,0,0,0]
[1,0,0,0]
[1,0,0,0]
[1,0,0,0]
[1,0,0,0]
[1,0,0,0]
[1,0,0,0]
[1,0,0,0]
[1,0,0,0]
[1,0,0,0]
[1,0,0,0]
[1,0,0,0]
[1,0,0,0]
[1,0,0,0]
[1,0,0,0]
[1,0,0,0]
[1,0,0,0]
[1,0,0,0]
[1,0,0,0]
[1,0,0,0]
[1,0,0,0]
[1,0,0,0]
[1,0,0,0]
[1,0,0,0]
[1,0,0,0]
[1,0,0,0]
[1,0,0,0]
[1,0,0,0]
[1,0,0,0]
[1,0,0,0]
[1,0,0,0]
[1,0,0,0]
[1,0,0,0]
[1,0,0,0]
[1,0,0,0]
[1,0,0,0]
[1,0,0,0]
[1,0,0,0]
[1,0,0,0]
[1,0,0,0]
[1,0,0,0]
[1,0,0,0]
[1,0,0,0]
[1,0,0,0]
[1,0,0,0]
[1,0,0,0]
[1,0,0,0]
[1,0,0,0]
[1,0,0,0]
[1,0,0,0]
[1,0,0,0]
[1,0,0,0]
[1,0,0,0]
[1,0,0,0]
[1,0,0,0]
[1,0,0,0]
[1,0,0,0]
[1,0,0,0]
[1,0,0,0]
[1,0,0,0]
[1,0,0,0]
[1,0,0,0]
[1,0,0,0]
[1,0,0,0]
[1,0,0,0]
[1,0,0,0]
[1,0,0,0]
[1,0,0,0]
[1,0,0,0]
[1,0,0,0]
[1,0,0,0]
[1,0,0,0]
[1,0,0,0]
[1,0,0,0]
[1,0,0,0]
[1,0,0,0]
[1,0,0,0]
[1,0,0,0]
[1,0,0,0]
[1,0,0,0]
[1,0,0,0]
[1,0,0,0]
[1,0,0,0]
[1,0,0,0]
[1,0,0,0]
[1,0,0,0]
[1,0,0,0]
[1,0,0,0]
[1,0,0,0]
[1,0,0,0]
[1,0,0,0]
[1,0,0,0]
[1,0,0,0]
[1,0,0,0]
[1,0,0,0]
[1,0,0,0]
[1,0,0,0]
[1,0,0,0]
[1,0,0,0]
[1,0,0,0]
[1,0,0,0]
[1,0,0,0]
[1,0,0,0]
[1,0,0,0]
[1,0,0,0]
[1,0,0,0]
[1,0,0,0]
[1,0,0,0]
[1,0,0,0]
[1,0,0,0]
[1,0,0,0]
[1,0,0,0]
[1,0,0,0]
[1,0,0,0]
[1,0,0,0]
[1,0,0,0]
[1,0,0,0]
[1,0,0,0]
[1,0,0,0]
[1,0,0,0]
[1,0,0,0]
[1,0,0,0]
[1,0,0,0]
[1,0,0,0]
[1,0,0,0]
[1,0,0,0]
[1,0,0,0]
[1,0,0,0]
[1,0,0,0]
[1,0,0,0]
[1,0,0,0]
[1,0,0,0]
[1,0,0,0]
[1,0,0,0]
[1,0,0,0]
[1,0,0,0]
[1,0,0,0]
[1,0,0,0]
[1,0,0,0]
[1,0,0,0]
[1,0,0,0]
[1,0,0,0]
[1,0,0,0]
[1,0,0,0]
[1,0,0,0]
[1,0,0,0]
[1,0,0,0]
[1,0,0,0]
[1,0,0,0]
[1,0,0,0]
[1,0,0,0]
[1,0,0,0]
[1,0,0,0]
[1,0,0,0]
[1,0,0,0]
[1,0,0,0]
[1,0,0,0]
[1,0,0,0]
[1,0,0,0]
[1,0,0,0]
[1,0,0,0]
[1,0,0,0]
[1,0,0,0]
[1,0,0,0]
[1,0,0,0]
[1,0,0,0]
[1,0,0,0]
[1,0,0,0]
[1,0,0,0]
[1,0,0,0]
[1,0,0,0]
[1,0,0,0]
[1,0,0,0]
[1,0,0,0]
[1,0,0,0]
[1,0,0,0]
[1,0,0,0]
[1,0,0,0]
[1,0,0,0]
[1,0,0,0]
[1,0,0,0]
[1,0,0,0]
[1,0,0,0]
[1,0,0,0]
[1,0,0,0]
[1,0,0,0]
[1,0,0,0]
[1,0,0,0]
[1,0,0,0]
[1,0,0,0]
[1,0,0,0]
[1,0,0,0]
[1,0,0,0]
[1,0,0,0]
[1,0,0,0]
[1,0,0,0]
[1,0,0,0]
[1,0,0,0]
[1,0,0,0]
[1,0,0,0]
[1,0,0,0]
[1,0,0,0]
[1,0,0,0]
[1,0,0,0]
[1,0,0,0]
[1,0,0,0]
[1,0,0,0]
[1,0,0,0]
[1,0,0,0]
[1,0,0,0]
[1,0,0,0]
[1,0,0,0]
[1,0,0,0]
[1,0,0,0]
