1300
10
[0.00230769,0,0]
[0.00461538,0,0]
[0.00692308,0,0]
[0.00923077,0,0]
[0.0115385,0,0]
[0.0138462,0,0]
[0.0161538,0,0]
[0.0184615,0,0]
[0.0207692,0,0]
[0.0230769,0,0]
[0.0253846,0,0]
[0.0276923,0,0]
[0.03,0,0]
[0.0323077,0,0]
[0.0346154,0,0]
[0.0369231,0,0]
[0.0392308,0,0]
[0.0415385,0,0]
[0.0438462,0,0]
[0.0461538,0,0]
[0.0484615,0,0]
[0.0507692,0,0]
[0.0530769,0,0]
[0.0553846,0,0]
[0.0576923,0,0]
[0.06,0,0]
[0.0623077,0,0]
[0.0646154,0,0]
[0.0669231,0,0]
[0.0692308,0,0]
[0.0715385,0,0]
[0.0738462,0,0]
[0.0761538,0,0]
[0.0784615,0,0]
[0.0807692,0,0]
[0.0830769,0,0]
[0.0853846,0,0]
[0.0876923,0,0]
[0.09,0,0]
[0.0923077,0,0]
[0.0946154,0,0]
[0.0969231,0,0]
[0.0992308,0,0]
[0.101538,0,0]
[0.103846,0,0]
[0.106154,0,0]
[0.108462,0,0]
[0.110769,0,0]
[0.113077,0,0]
[0.115385,0,0]
[0.117692,0,0]
[0.12,0,0]
[0.122308,0,0]
[0.124615,0,0]
[0.126923,0,0]
[0.129231,0,0]
[0.131538,0,0]
[0.133846,0,0]
[0.136154,0,0]
[0.138462,0,0]
[0.140769,0,0]
[0.143077,0,0]
[0.145385,0,0]
[0.147692,0,0]
[0.15,0,0]
[0.152308,0,0]
[0.154615,0,0]
[0.156923,0,0]
[0.159231,0,0]
[0.161538,0,0]
[0.163846,0,0]
[0.166154,0,0]
[0.168462,0,0]
[0.170769,0,0]
[0.173077,0,0]
[0.175385,0,0]
[0.177692,0,0]
[0.18,0,0]
[0.182308,0,0]
[0.184615,0,0]
[0.186923,0,0]
[0.189231,0,0]
[0.191538,0,0]
[0.193846,0,0]
[0.196154,0,0]
[0.198462,0,0]
[0.200769,0,0]
[0.203077,0,0]
[0.205385,0,0]
[0.207692,0,0]
[0.21,0,0]
[0.212308,0,0]
[0.214615,0,0]
[0.216923,0,0]
[0.219231,0,0]
[0.221538,0,0]
[0.223846,0,0]
[0.226154,0,0]
[0.228462,0,0]
[0.230769,0,0]
[0.233077,0,0]
[0.235385,0,0]
[0.237692,0,0]
[0.24,0,0]
[0.242308,0,0]
[0.244615,0,0]
[0.246923,0,0]
[0.249231,0,0]
[0.251538,0,0]
[0.253846,0,0]
[0.256154,0,0]
[0.258462,0,0]
[0.260769,0,0]
[0.263077,0,0]
[0.265385,0,0]
[0.267692,0,0]
[0.27,0,0]
[0.272308,0,0]
[0.274615,0,0]
[0.276923,0,0]
[0.279231,0,0]
[0.281538,0,0]
[0.283846,0,0]
[0.286154,0,0]
[0.288462,0,0]
[0.290769,0,0]
[0.293077,0,0]
[0.295385,0,0]
[0.297692,0,0]
[0.3,0,0]
[0.302308,0,0]
[0.304615,0,0]
[0.306923,0,0]
[0.309231,0,0]
[0.311538,0,0]
[0.313846,0,0]
[0.316154,0,0]
[0.318462,0,0]
[0.320769,0,0]
[0.323077,0,0]
[0.325385,0,0]
[0.327692,0,0]
[0.33,0,0]
[0.332308,0,0]
[0.334615,0,0]
[0.336923,0,0]
[0.339231,0,0]
[0.341538,0,0]
[0.343846,0,0]
[0.346154,0,0]
[0.348462,0,0]
[0.350769,0,0]
[0.353077,0,0]
[0.355385,0,0]
[0.357692,0,0]
[0.36,0,0]
[0.362308,0,0]
[0.364615,0,0]
[0.366923,0,0]
[0.369231,0,0]
[0.371538,0,0]
[0.373846,0,0]
[0.376154,0,0]
[0.378462,0,0]
[0.380769,0,0]
[0.383077,0,0]
[0.385385,0,0]
[0.387692,0,0]
[0.39,0,0]
[0.392308,0,0]
[0.394615,0,0]
[0.396923,0,0]
[0.399231,0,0]
[0.401538,0,0]
[0.403846,0,0]
[0.406154,0,0]
[0.408462,0,0]
[0.410769,0,0]
[0.413077,0,0]
[0.415385,0,0]
[0.417692,0,0]
[0.42,0,0]
[0.422308,0,0]
[0.424615,0,0]
[0.426923,0,0]
[0.429231,0,0]
[0.431538,0,0]
[0.433846,0,0]
[0.436154,0,0]
[0.438462,0,0]
[0.440769,0,0]
[0.443077,0,0]
[0.445385,0,0]
[0.447692,0,0]
[0.45,0,0]
[0.452308,0,0]
[0.454615,0,0]
[0.456923,0,0]
[0.459231,0,0]
[0.461538,0,0]
[0.463846,0,0]
[0.466154,0,0]
[0.468462,0,0]
[0.470769,0,0]
[0.473077,0,0]
[0.475385,0,0]
[0.477692,0,0]
[0.48,0,0]
[0.482308,0,0]
[0.484615,0,0]
[0.486923,0,0]
[0.489231,0,0]
[0.491538,0,0]
[0.493846,0,0]
[0.496154,0,0]
[0.498462,0,0]
[0.500769,0,0]
[0.503077,0,0]
[0.505385,0,0]
[0.507692,0,0]
[0.51,0,0]
[0.512308,0,0]
[0.514615,0,0]
[0.516923,0,0]
[0.519231,0,0]
[0.521538,0,0]
[0.523846,0,0]
[0.526154,0,0]
[0.528462,0,0]
[0.530769,0,0]
[0.533077,0,0]
[0.535385,0,0]
[0.537692,0,0]
[0.54,0,0]
[0.542308,0,0]
[0.544615,0,0]
[0.546923,0,0]
[0.549231,0,0]
[0.551538,0,0]
[0.553846,0,0]
[0.556154,0,0]
[0.558462,0,0]
[0.560769,0,0]
[0.563077,0,0]
[0.565385,0,0]
[0.567692,0,0]
[0.57,0,0]
[0.572308,0,0]
[0.574615,0,0]
[0.576923,0,0]
[0.579231,0,0]
[0.581538,0,0]
[0.583846,0,0]
[0.586154,0,0]
[0.588462,0,0]
[0.590769,0,0]
[0.593077,0,0]
[0.595385,0,0]
[0.597692,0,0]
[0.6,0,0]
[0.602308,0,0]
[0.604615,0,0]
[0.606923,0,0]
[0.609231,0,0]
[0.611538,0,0]
[0.613846,0,0]
[0.616154,0,0]
[0.618462,0,0]
[0.620769,0,0]
[0.623077,0,0]
[0.625385,0,0]
[0.627692,0,0]
[0.63,0,0]
[0.632308,0,0]
[0.634615,0,0]
[0.636923,0,0]
[0.639231,0,0]
[0.641538,0,0]
[0.643846,0,0]
[0.646154,0,0]
[0.648462,0,0]
[0.650769,0,0]
[0.653077,0,0]
[0.655385,0,0]
[0.657692,0,0]
[0.66,0,0]
[0.662308,0,0]
[0.664615,0,0]
[0.666923,0,0]
[0.669231,0,0]
[0.671538,0,0]
[0.673846,0,0]
[0.676154,0,0]
[0.678462,0,0]
[0.680769,0,0]
[0.683077,0,0]
[0.685385,0,0]
[0.687692,0,0]
[0.69,0,0]
[0.692308,0,0]
[0.694615,0,0]
[0.696923,0,0]
[0.699231,0,0]
[0.701538,0,0]
[0.703846,0,0]
[0.706154,0,0]
[0.708462,0,0]
[0.710769,0,0]
[0.713077,0,0]
[0.715385,0,0]
[0.717692,0,0]
[0.72,0,0]
[0.722308,0,0]
[0.724615,0,0]
[0.726923,0,0]
[0.729231,0,0]
[0.731538,0,0]
[0.733846,0,0]
[0.736154,0,0]
[0.738462,0,0]
[0.740769,0,0]
[0.743077,0,0]
[0.745385,0,0]
[0.747692,0,0]
[0.75,0,0]
[0.752308,0,0]
[0.754615,0,0]
[0.756923,0,0]
[0.759231,0,0]
[0.761538,0,0]
[0.763846,0,0]
[0.766154,0,0]
[0.768462,0,0]
[0.770769,0,0]
[0.773077,0,0]
[0.775385,0,0]
[0.777692,0,0]
[0.78,0,0]
[0.782308,0,0]
[0.784615,0,0]
[0.786923,0,0]
[0.789231,0,0]
[0.791538,0,0]
[0.793846,0,0]
[0.796154,0,0]
[0.798462,0,0]
[0.800769,0,0]
[0.803077,0,0]
[0.805385,0,0]
[0.807692,0,0]
[0.81,0,0]
[0.812308,0,0]
[0.814615,0,0]
[0.816923,0,0]
[0.819231,0,0]
[0.821538,0,0]
[0.823846,0,0]
[0.826154,0,0]
[0.828462,0,0]
[0.830769,0,0]
[0.833077,0,0]
[0.835385,0,0]
[0.837692,0,0]
[0.84,0,0]
[0.842308,0,0]
[0.844615,0,0]
[0.846923,0,0]
[0.849231,0,0]
[0.851538,0,0]
[0.853846,0,0]
[0.856154,0,0]
[0.858462,0,0]
[0.860769,0,0]
[0.863077,0,0]
[0.865385,0,0]
[0.867692,0,0]
[0.87,0,0]
[0.872308,0,0]
[0.874615,0,0]
[0.876923,0,0]
[0.879231,0,0]
[0.881538,0,0]
[0.883846,0,0]
[0.886154,0,0]
[0.888462,0,0]
[0.890769,0,0]
[0.893077,0,0]
[0.895385,0,0]
[0.897692,0,0]
[0.9,0,0]
[0.902308,0,0]
[0.904615,0,0]
[0.906923,0,0]
[0.909231,0,0]
[0.911538,0,0]
[0.913846,0,0]
[0.916154,0,0]
[0.918462,0,0]
[0.920769,0,0]
[0.923077,0,0]
[0.925385,0,0]
[0.927692,0,0]
[0.93,0,0]
[0.932308,0,0]
[0.934615,0,0]
[0.936923,0,0]
[0.939231,0,0]
[0.941538,0,0]
[0.943846,0,0]
[0.946154,0,0]
[0.948462,0,0]
[0.950769,0,0]
[0.953077,0,0]
[0.955385,0,0]
[0.957692,0,0]
[0.96,0,0]
[0.962308,0,0]
[0.964615,0,0]
[0.966923,0,0]
[0.969231,0,0]
[0.971538,0,0]
[0.973846,0,0]
[0.976154,0,0]
[0.978462,0,0]
[0.980769,0,0]
[0.983077,0,0]
[0.985385,0,0]
[0.987692,0,0]
[0.99,0,0]
[0.992308,0,0]
[0.994615,0,0]
[0.996923,0,0]
[0.999231,0,0]
[1.00154,0,0]
[1.00385,0,0]
[1.00615,0,0]
[1.00846,0,0]
[1.01077,0,0]
[1.01308,0,0]
[1.01538,0,0]
[1.01769,0,0]
[1.02,0,0]
[1.02231,0,0]
[1.02462,0,0]
[1.02692,0,0]
[1.02923,0,0]
[1.03154,0,0]
[1.03385,0,0]
[1.03615,0,0]
[1.03846,0,0]
[1.04077,0,0]
[1.04308,0,0]
[1.04538,0,0]
[1.04769,0,0]
[1.05,0,0]
[1.05231,0,0]
[1.05462,0,0]
[1.05692,0,0]
[1.05923,0,0]
[1.06154,0,0]
[1.06385,0,0]
[1.06615,0,0]
[1.06846,0,0]
[1.07077,0,0]
[1.07308,0,0]
[1.07538,0,0]
[1.07769,0,0]
[1.08,0,0]
[1.08231,0,0]
[1.08462,0,0]
[1.08692,0,0]
[1.08923,0,0]
[1.09154,0,0]
[1.09385,0,0]
[1.09615,0,0]
[1.09846,0,0]
[1.10077,0,0]
[1.10308,0,0]
[1.10538,0,0]
[1.10769,0,0]
[1.11,0,0]
[1.11231,0,0]
[1.11462,0,0]
[1.11692,0,0]
[1.11923,0,0]
[1.12154,0,0]
[1.12385,0,0]
[1.12615,0,0]
[1.12846,0,0]
[1.13077,0,0]
[1.13308,0,0]
[1.13538,0,0]
[1.13769,0,0]
[1.14,0,0]
[1.14231,0,0]
[1.14462,0,0]
[1.14692,0,0]
[1.14923,0,0]
[1.15154,0,0]
[1.15385,0,0]
[1.15615,0,0]
[1.15846,0,0]
[1.16077,0,0]
[1.16308,0,0]
[1.16538,0,0]
[1.16769,0,0]
[1.17,0,0]
[1.17231,0,0]
[1.17462,0,0]
[1.17692,0,0]
[1.17923,0,0]
[1.18154,0,0]
[1.18385,0,0]
[1.18615,0,0]
[1.18846,0,0]
[1.19077,0,0]
[1.19308,0,0]
[1.19538,0,0]
[1.19769,0,0]
[1.2,0,0]
[1.20231,0,0]
[1.20462,0,0]
[1.20692,0,0]
[1.20923,0,0]
[1.21154,0,0]
[1.21385,0,0]
[1.21615,0,0]
[1.21846,0,0]
[1.22077,0,0]
[1.22308,0,0]
[1.22538,0,0]
[1.22769,0,0]
[1.23,0,0]
[1.23231,0,0]
[1.23462,0,0]
[1.23692,0,0]
[1.23923,0,0]
[1.24154,0,0]
[1.24385,0,0]
[1.24615,0,0]
[1.24846,0,0]
[1.25077,0,0]
[1.25308,0,0]
[1.25538,0,0]
[1.25769,0,0]
[1.26,0,0]
[1.26231,0,0]
[1.26462,0,0]
[1.26692,0,0]
[1.26923,0,0]
[1.27154,0,0]
[1.27385,0,0]
[1.27615,0,0]
[1.27846,0,0]
[1.28077,0,0]
[1.28308,0,0]
[1.28538,0,0]
[1.28769,0,0]
[1.29,0,0]
[1.29231,0,0]
[1.29462,0,0]
[1.29692,0,0]
[1.29923,0,0]
[1.30154,0,0]
[1.30385,0,0]
[1.30615,0,0]
[1.30846,0,0]
[1.31077,0,0]
[1.31308,0,0]
[1.31538,0,0]
[1.31769,0,0]
[1.32,0,0]
[1.32231,0,0]
[1.32462,0,0]
[1.32692,0,0]
[1.32923,0,0]
[1.33154,0,0]
[1.33385,0,0]
[1.33615,0,0]
[1.33846,0,0]
[1.34077,0,0]
[1.34308,0,0]
[1.34538,0,0]
[1.34769,0,0]
[1.35,0,0]
[1.35231,0,0]
[1.35462,0,0]
[1.35692,0,0]
[1.35923,0,0]
[1.36154,0,0]
[1.36385,0,0]
[1.36615,0,0]
[1.36846,0,0]
[1.37077,0,0]
[1.37308,0,0]
[1.37538,0,0]
[1.37769,0,0]
[1.38,0,0]
[1.38231,0,0]
[1.38462,0,0]
[1.38692,0,0]
[1.38923,0,0]
[1.39154,0,0]
[1.39385,0,0]
[1.39615,0,0]
[1.39846,0,0]
[1.40077,0,0]
[1.40308,0,0]
[1.40538,0,0]
[1.40769,0,0]
[1.41,0,0]
[1.41231,0,0]
[1.41462,0,0]
[1.41692,0,0]
[1.41923,0,0]
[1.42154,0,0]
[1.42385,0,0]
[1.42615,0,0]
[1.42846,0,0]
[1.43077,0,0]
[1.43308,0,0]
[1.43538,0,0]
[1.43769,0,0]
[1.44,0,0]
[1.44231,0,0]
[1.44462,0,0]
[1.44692,0,0]
[1.44923,0,0]
[1.45154,0,0]
[1.45385,0,0]
[1.45615,0,0]
[1.45846,0,0]
[1.46077,0,0]
[1.46308,0,0]
[1.46538,0,0]
[1.46769,0,0]
[1.47,0,0]
[1.47231,0,0]
[1.47462,0,0]
[1.47692,0,0]
[1.47923,0,0]
[1.48154,0,0]
[1.48385,0,0]
[1.48615,0,0]
[1.48846,0,0]
[1.49077,0,0]
[1.49308,0,0]
[1.49538,0,0]
[1.49769,0,0]
[1.5,0,0]
[1.50231,0,0]
[1.50462,0,0]
[1.50692,0,0]
[1.50923,0,0]
[1.51154,0,0]
[1.51385,0,0]
[1.51615,0,0]
[1.51846,0,0]
[1.52077,0,0]
[1.52308,0,0]
[1.52538,0,0]
[1.52769,0,0]
[1.53,0,0]
[1.53231,0,0]
[1.53462,0,0]
[1.53692,0,0]
[1.53923,0,0]
[1.54154,0,0]
[1.54385,0,0]
[1.54615,0,0]
[1.54846,0,0]
[1.55077,0,0]
[1.55308,0,0]
[1.55538,0,0]
[1.55769,0,0]
[1.56,0,0]
[1.56231,0,0]
[1.56462,0,0]
[1.56692,0,0]
[1.56923,0,0]
[1.57154,0,0]
[1.57385,0,0]
[1.57615,0,0]
[1.57846,0,0]
[1.58077,0,0]
[1.58308,0,0]
[1.58538,0,0]
[1.58769,0,0]
[1.59,0,0]
[1.59231,0,0]
[1.59462,0,0]
[1.59692,0,0]
[1.59923,0,0]
[1.60154,0,0]
[1.60385,0,0]
[1.60615,0,0]
[1.60846,0,0]
[1.61077,0,0]
[1.61308,0,0]
[1.61538,0,0]
[1.61769,0,0]
[1.62,0,0]
[1.62231,0,0]
[1.62462,0,0]
[1.62692,0,0]
[1.62923,0,0]
[1.63154,0,0]
[1.63385,0,0]
[1.63615,0,0]
[1.63846,0,0]
[1.64077,0,0]
[1.64308,0,0]
[1.64538,0,0]
[1.64769,0,0]
[1.65,0,0]
[1.65231,0,0]
[1.65462,0,0]
[1.65692,0,0]
[1.65923,0,0]
[1.66154,0,0]
[1.66385,0,0]
[1.66615,0,0]
[1.66846,0,0]
[1.67077,0,0]
[1.67308,0,0]
[1.67538,0,0]
[1.67769,0,0]
[1.68,0,0]
[1.68231,0,0]
[1.68462,0,0]
[1.68692,0,0]
[1.68923,0,0]
[1.69154,0,0]
[1.69385,0,0]
[1.69615,0,0]
[1.69846,0,0]
[1.70077,0,0]
[1.70308,0,0]
[1.70538,0,0]
[1.70769,0,0]
[1.71,0,0]
[1.71231,0,0]
[1.71462,0,0]
[1.71692,0,0]
[1.71923,0,0]
[1.72154,0,0]
[1.72385,0,0]
[1.72615,0,0]
[1.72846,0,0]
[1.73077,0,0]
[1.73308,0,0]
[1.73538,0,0]
[1.73769,0,0]
[1.74,0,0]
[1.74231,0,0]
[1.74462,0,0]
[1.74692,0,0]
[1.74923,0,0]
[1.75154,0,0]
[1.75385,0,0]
[1.75615,0,0]
[1.75846,0,0]
[1.76077,0,0]
[1.76308,0,0]
[1.76538,0,0]
[1.76769,0,0]
[1.77,0,0]
[1.77231,0,0]
[1.77462,0,0]
[1.77692,0,0]
[1.77923,0,0]
[1.78154,0,0]
[1.78385,0,0]
[1.78615,0,0]
[1.78846,0,0]
[1.79077,0,0]
[1.79308,0,0]
[1.79538,0,0]
[1.79769,0,0]
[1.8,0,0]
[1.80231,0,0]
[1.80462,0,0]
[1.80692,0,0]
[1.80923,0,0]
[1.81154,0,0]
[1.81385,0,0]
[1.81615,0,0]
[1.81846,0,0]
[1.82077,0,0]
[1.82308,0,0]
[1.82538,0,0]
[1.82769,0,0]
[1.83,0,0]
[1.83231,0,0]
[1.83462,0,0]
[1.83692,0,0]
[1.83923,0,0]
[1.84154,0,0]
[1.84385,0,0]
[1.84615,0,0]
[1.84846,0,0]
[1.85077,0,0]
[1.85308,0,0]
[1.85538,0,0]
[1.85769,0,0]
[1.86,0,0]
[1.86231,0,0]
[1.86462,0,0]
[1.86692,0,0]
[1.86923,0,0]
[1.87154,0,0]
[1.87385,0,0]
[1.87615,0,0]
[1.87846,0,0]
[1.88077,0,0]
[1.88308,0,0]
[1.88538,0,0]
[1.88769,0,0]
[1.89,0,0]
[1.89231,0,0]
[1.89462,0,0]
[1.89692,0,0]
[1.89923,0,0]
[1.90154,0,0]
[1.90385,0,0]
[1.90615,0,0]
[1.90846,0,0]
[1.91077,0,0]
[1.91308,0,0]
[1.91538,0,0]
[1.91769,0,0]
[1.92,0,0]
[1.92231,0,0]
[1.92462,0,0]
[1.92692,0,0]
[1.92923,0,0]
[1.93154,0,0]
[1.93385,0,0]
[1.93615,0,0]
[1.93846,0,0]
[1.94077,0,0]
[1.94308,0,0]
[1.94538,0,0]
[1.94769,0,0]
[1.95,0,0]
[1.95231,0,0]
[1.95462,0,0]
[1.95692,0,0]
[1.95923,0,0]
[1.96154,0,0]
[1.96385,0,0]
[1.96615,0,0]
[1.96846,0,0]
[1.97077,0,0]
[1.97308,0,0]
[1.97538,0,0]
[1.97769,0,0]
[1.98,0,0]
[1.98231,0,0]
[1.98462,0,0]
[1.98692,0,0]
[1.98923,0,0]
[1.99154,0,0]
[1.99385,0,0]
[1.99615,0,0]
[1.99846,0,0]
[2.00077,0,0]
[2.00308,0,0]
[2.00538,0,0]
[2.00769,0,0]
[2.01,0,0]
[2.01231,0,0]
[2.01462,0,0]
[2.01692,0,0]
[2.01923,0,0]
[2.02154,0,0]
[2.02385,0,0]
[2.02615,0,0]
[2.02846,0,0]
[2.03077,0,0]
[2.03308,0,0]
[2.03538,0,0]
[2.03769,0,0]
[2.04,0,0]
[2.04231,0,0]
[2.04462,0,0]
[2.04692,0,0]
[2.04923,0,0]
[2.05154,0,0]
[2.05385,0,0]
[2.05615,0,0]
[2.05846,0,0]
[2.06077,0,0]
[2.06308,0,0]
[2.06538,0,0]
[2.06769,0,0]
[2.07,0,0]
[2.07231,0,0]
[2.07462,0,0]
[2.07692,0,0]
[2.07923,0,0]
[2.08154,0,0]
[2.08385,0,0]
[2.08615,0,0]
[2.08846,0,0]
[2.09077,0,0]
[2.09308,0,0]
[2.09538,0,0]
[2.09769,0,0]
[2.1,0,0]
[2.10231,0,0]
[2.10462,0,0]
[2.10692,0,0]
[2.10923,0,0]
[2.11154,0,0]
[2.11385,0,0]
[2.11615,0,0]
[2.11846,0,0]
[2.12077,0,0]
[2.12308,0,0]
[2.12538,0,0]
[2.12769,0,0]
[2.13,0,0]
[2.13231,0,0]
[2.13462,0,0]
[2.13692,0,0]
[2.13923,0,0]
[2.14154,0,0]
[2.14385,0,0]
[2.14615,0,0]
[2.14846,0,0]
[2.15077,0,0]
[2.15308,0,0]
[2.15538,0,0]
[2.15769,0,0]
[2.16,0,0]
[2.16231,0,0]
[2.16462,0,0]
[2.16692,0,0]
[2.16923,0,0]
[2.17154,0,0]
[2.17385,0,0]
[2.17615,0,0]
[2.17846,0,0]
[2.18077,0,0]
[2.18308,0,0]
[2.18538,0,0]
[2.18769,0,0]
[2.19,0,0]
[2.19231,0,0]
[2.19462,0,0]
[2.19692,0,0]
[2.19923,0,0]
[2.20154,0,0]
[2.20385,0,0]
[2.20615,0,0]
[2.20846,0,0]
[2.21077,0,0]
[2.21308,0,0]
[2.21538,0,0]
[2.21769,0,0]
[2.22,0,0]
[2.22231,0,0]
[2.22462,0,0]
[2.22692,0,0]
[2.22923,0,0]
[2.23154,0,0]
[2.23385,0,0]
[2.23615,0,0]
[2.23846,0,0]
[2.24077,0,0]
[2.24308,0,0]
[2.24538,0,0]
[2.24769,0,0]
[2.25,0,0]
[2.25231,0,0]
[2.25462,0,0]
[2.25692,0,0]
[2.25923,0,0]
[2.26154,0,0]
[2.26385,0,0]
[2.26615,0,0]
[2.26846,0,0]
[2.27077,0,0]
[2.27308,0,0]
[2.27538,0,0]
[2.27769,0,0]
[2.28,0,0]
[2.28231,0,0]
[2.28462,0,0]
[2.28692,0,0]
[2.28923,0,0]
[2.29154,0,0]
[2.29385,0,0]
[2.29615,0,0]
[2.29846,0,0]
[2.30077,0,0]
[2.30308,0,0]
[2.30538,0,0]
[2.30769,0,0]
[2.31,0,0]
[2.31231,0,0]
[2.31462,0,0]
[2.31692,0,0]
[2.31923,0,0]
[2.32154,0,0]
[2.32385,0,0]
[2.32615,0,0]
[2.32846,0,0]
[2.33077,0,0]
[2.33308,0,0]
[2.33538,0,0]
[2.33769,0,0]
[2.34,0,0]
[2.34231,0,0]
[2.34462,0,0]
[2.34692,0,0]
[2.34923,0,0]
[2.35154,0,0]
[2.35385,0,0]
[2.35615,0,0]
[2.35846,0,0]
[2.36077,0,0]
[2.36308,0,0]
[2.36538,0,0]
[2.36769,0,0]
[2.37,0,0]
[2.37231,0,0]
[2.37462,0,0]
[2.37692,0,0]
[2.37923,0,0]
[2.38154,0,0]
[2.38385,0,0]
[2.38615,0,0]
[2.38846,0,0]
[2.39077,0,0]
[2.39308,0,0]
[2.39538,0,0]
[2.39769,0,0]
[2.4,0,0]
[2.40231,0,0]
[2.40462,0,0]
[2.40692,0,0]
[2.40923,0,0]
[2.41154,0,0]
[2.41385,0,0]
[2.41615,0,0]
[2.41846,0,0]
[2.42077,0,0]
[2.42308,0,0]
[2.42538,0,0]
[2.42769,0,0]
[2.43,0,0]
[2.43231,0,0]
[2.43462,0,0]
[2.43692,0,0]
[2.43923,0,0]
[2.44154,0,0]
[2.44385,0,0]
[2.44615,0,0]
[2.44846,0,0]
[2.45077,0,0]
[2.45308,0,0]
[2.45538,0,0]
[2.45769,0,0]
[2.46,0,0]
[2.46231,0,0]
[2.46462,0,0]
[2.46692,0,0]
[2.46923,0,0]
[2.47154,0,0]
[2.47385,0,0]
[2.47615,0,0]
[2.47846,0,0]
[2.48077,0,0]
[2.48308,0,0]
[2.48538,0,0]
[2.48769,0,0]
[2.49,0,0]
[2.49231,0,0]
[2.49462,0,0]
[2.49692,0,0]
[2.49923,0,0]
[2.50154,0,0]
[2.50385,0,0]
[2.50615,0,0]
[2.50846,0,0]
[2.51077,0,0]
[2.51308,0,0]
[2.51538,0,0]
[2.51769,0,0]
[2.52,0,0]
[2.52231,0,0]
[2.52462,0,0]
[2.52692,0,0]
[2.52923,0,0]
[2.53154,0,0]
[2.53385,0,0]
[2.53615,0,0]
[2.53846,0,0]
[2.54077,0,0]
[2.54308,0,0]
[2.54538,0,0]
[2.54769,0,0]
[2.55,0,0]
[2.55231,0,0]
[2.55462,0,0]
[2.55692,0,0]
[2.55923,0,0]
[2.56154,0,0]
[2.56385,0,0]
[2.56615,0,0]
[2.56846,0,0]
[2.57077,0,0]
[2.57308,0,0]
[2.57538,0,0]
[2.57769,0,0]
[2.58,0,0]
[2.58231,0,0]
[2.58462,0,0]
[2.58692,0,0]
[2.58923,0,0]
[2.59154,0,0]
[2.59385,0,0]
[2.59615,0,0]
[2.59846,0,0]
[2.60077,0,0]
[2.60308,0,0]
[2.60538,0,0]
[2.60769,0,0]
[2.61,0,0]
[2.61231,0,0]
[2.61462,0,0]
[2.61692,0,0]
[2.61923,0,0]
[2.62154,0,0]
[2.62385,0,0]
[2.62615,0,0]
[2.62846,0,0]
[2.63077,0,0]
[2.63308,0,0]
[2.63538,0,0]
[2.63769,0,0]
[2.64,0,0]
[2.64231,0,0]
[2.64462,0,0]
[2.64692,0,0]
[2.64923,0,0]
[2.65154,0,0]
[2.65385,0,0]
[2.65615,0,0]
[2.65846,0,0]
[2.66077,0,0]
[2.66308,0,0]
[2.66538,0,0]
[2.66769,0,0]
[2.67,0,0]
[2.67231,0,0]
[2.67462,0,0]
[2.67692,0,0]
[2.67923,0,0]
[2.68154,0,0]
[2.68385,0,0]
[2.68615,0,0]
[2.68846,0,0]
[2.69077,0,0]
[2.69308,0,0]
[2.69538,0,0]
[2.69769,0,0]
[2.7,0,0]
[2.70231,0,0]
[2.70462,0,0]
[2.70692,0,0]
[2.70923,0,0]
[2.71154,0,0]
[2.71385,0,0]
[2.71615,0,0]
[2.71846,0,0]
[2.72077,0,0]
[2.72308,0,0]
[2.72538,0,0]
[2.72769,0,0]
[2.73,0,0]
[2.73231,0,0]
[2.73462,0,0]
[2.73692,0,0]
[2.73923,0,0]
[2.74154,0,0]
[2.74385,0,0]
[2.74615,0,0]
[2.74846,0,0]
[2.75077,0,0]
[2.75308,0,0]
[2.75538,0,0]
[2.75769,0,0]
[2.76,0,0]
[2.76231,0,0]
[2.76462,0,0]
[2.76692,0,0]
[2.76923,0,0]
[2.77154,0,0]
[2.77385,0,0]
[2.77615,0,0]
[2.77846,0,0]
[2.78077,0,0]
[2.78308,0,0]
[2.78538,0,0]
[2.78769,0,0]
[2.79,0,0]
[2.79231,0,0]
[2.79462,0,0]
[2.79692,0,0]
[2.79923,0,0]
[2.80154,0,0]
[2.80385,0,0]
[2.80615,0,0]
[2.80846,0,0]
[2.81077,0,0]
[2.81308,0,0]
[2.81538,0,0]
[2.81769,0,0]
[2.82,0,0]
[2.82231,0,0]
[2.82462,0,0]
[2.82692,0,0]
[2.82923,0,0]
[2.83154,0,0]
[2.83385,0,0]
[2.83615,0,0]
[2.83846,0,0]
[2.84077,0,0]
[2.84308,0,0]
[2.84538,0,0]
[2.84769,0,0]
[2.85,0,0]
[2.85231,0,0]
[2.85462,0,0]
[2.85692,0,0]
[2.85923,0,0]
[2.86154,0,0]
[2.86385,0,0]
[2.86615,0,0]
[2.86846,0,0]
[2.87077,0,0]
[2.87308,0,0]
[2.87538,0,0]
[2.87769,0,0]
[2.88,0,0]
[2.88231,0,0]
[2.88462,0,0]
[2.88692,0,0]
[2.88923,0,0]
[2.89154,0,0]
[2.89385,0,0]
[2.89615,0,0]
[2.89846,0,0]
[2.90077,0,0]
[2.90308,0,0]
[2.90538,0,0]
[2.90769,0,0]
[2.91,0,0]
[2.91231,0,0]
[2.91462,0,0]
[2.91692,0,0]
[2.91923,0,0]
[2.92154,0,0]
[2.92385,0,0]
[2.92615,0,0]
[2.92846,0,0]
[2.93077,0,0]
[2.93308,0,0]
[2.93538,0,0]
[2.93769,0,0]
[2.94,0,0]
[2.94231,0,0]
[2.94462,0,0]
[2.94692,0,0]
[2.94923,0,0]
[2.95154,0,0]
[2.95385,0,0]
[2.95615,0,0]
[2.95846,0,0]
[2.96077,0,0]
[2.96308,0,0]
[2.96538,0,0]
[2.96769,0,0]
[2.97,0,0]
[2.97231,0,0]
[2.97462,0,0]
[2.97692,0,0]
[2.97923,0,0]
[2.98154,0,0]
[2.98385,0,0]
[2.98615,0,0]
[2.98846,0,0]
[2.99077,0,0]
[2.99308,0,0]
[2.99538,0,0]
[2.99769,0,0]
[3,0,0]
[1,0,0,0]
[1,0,0,0]
[1,0,0,0]
[1,0,0,0]
[1,0,0,0]
[1,0,0,0]
[1,0,0,0]
[1,0,0,0]
[1,0,0,0]
[1,0,0,0]
[1,0,0,0]
[1,0,0,0]
[1,0,0,0]
[1,0,0,0]
[1,0,0,0]
[1,0,0,0]
[1,0,0,0]
[1,0,0,0]
[1,0,0,0]
[1,0,0,0]
[1,0,0,0]
[1,0,0,0]
[1,0,0,0]
[1,0,0,0]
[1,0,0,0]
[1,0,0,0]
[1,0,0,0]
[1,0,0,0]
[1,0,0,0]
[1,0,0,0]
[1,0,0,0]
[1,0,0,0]
[1,0,0,0]
[1,0,0,0]
[1,0,0,0]
[1,0,0,0]
[1,0,0,0]
[1,0,0,0]
[1,0,0,0]
[1,0,0,0]
[1,0,0,0]
[1,0,0,0]
[1,0,0,0]
[1,0,0,0]
[1,0,0,0]
[1,0,0,0]
[1,0,0,0]
[1,0,0,0]
[1,0,0,0]
[1,0,0,0]
[1,0,0,0]
[1,0,0,0]
[1,0,0,0]
[1,0,0,0]
[1,0,0,0]
[1,0,0,0]
[1,0,0,0]
[1,0,0,0]
[1,0,0,0]
[1,0,0,0]
[1,0,0,0]
[1,0,0,0]
[1,0,0,0]
[1,0,0,0]
[1,0,0,0]
[1,0,0,0]
[1,0,0,0]
[1,0,0,0]
[1,0,0,0]
[1,0,0,0]
[1,0,0,0]
[1,0,0,0]
[1,0,0,0]
[1,0,0,0]
[1,0,0,0]
[1,0,0,0]
[1,0,0,0]
[1,0,0,0]
[1,0,0,0]
[1,0,0,0]
[1,0,0,0]
[1,0,0,0]
[1,0,0,0]
[1,0,0,0]
[1,0,0,0]
[1,0,0,0]
[1,0,0,0]
[1,0,0,0]
[1,0,0,0]
[1,0,0,0]
[1,0,0,0]
[1,0,0,0]
[1,0,0,0]
[1,0,0,0]
[1,0,0,0]
[1,0,0,0]
[1,0,0,0]
[1,0,0,0]
[1,0,0,0]
[1,0,0,0]
[1,0,0,0]
[1,0,0,0]
[1,0,0,0]
[1,0,0,0]
[1,0,0,0]
[1,0,0,0]
[1,0,0,0]
[1,0,0,0]
[1,0,0,0]
[1,0,0,0]
[1,0,0,0]
[1,0,0,0]
[1,0,0,0]
[1,0,0,0]
[1,0,0,0]
[1,0,0,0]
[1,0,0,0]
[1,0,0,0]
[1,0,0,0]
[1,0,0,0]
[1,0,0,0]
[1,0,0,0]
[1,0,0,0]
[1,0,0,0]
[1,0,0,0]
[1,0,0,0]
[1,0,0,0]
[1,0,0,0]
[1,0,0,0]
[1,0,0,0]
[1,0,0,0]
[1,0,0,0]
[1,0,0,0]
[1,0,0,0]
[1,0,0,0]
[1,0,0,0]
[1,0,0,0]
[1,0,0,0]
[1,0,0,0]
[1,0,0,0]
[1,0,0,0]
[1,0,0,0]
[1,0,0,0]
[1,0,0,0]
[1,0,0,0]
[1,0,0,0]
[1,0,0,0]
[1,0,0,0]
[1,0,0,0]
[1,0,0,0]
[1,0,0,0]
[1,0,0,0]
[1,0,0,0]
[1,0,0,0]
[1,0,0,0]
[1,0,0,0]
[1,0,0,0]
[1,0,0,0]
[1,0,0,0]
[1,0,0,0]
[1,0,0,0]
[1,0,0,0]
[1,0,0,0]
[1,0,0,0]
[1,0,0,0]
[1,0,0,0]
[1,0,0,0]
[1,0,0,0]
[1,0,0,0]
[1,0,0,0]
[1,0,0,0]
[1,0,0,0]
[1,0,0,0]
[1,0,0,0]
[1,0,0,0]
[1,0,0,0]
[1,0,0,0]
[1,0,0,0]
[1,0,0,0]
[1,0,0,0]
[1,0,0,0]
[1,0,0,0]
[1,0,0,0]
[1,0,0,0]
[1,0,0,0]
[1,0,0,0]
[1,0,0,0]
[1,0,0,0]
[1,0,0,0]
[1,0,0,0]
[1,0,0,0]
[1,0,0,0]
[1,0,0,0]
[1,0,0,0]
[1,0,0,0]
[1,0,0,0]
[1,0,0,0]
[1,0,0,0]
[1,0,0,0]
[1,0,0,0]
[1,0,0,0]
[1,0,0,0]
[1,0,0,0]
[1,0,0,0]
[1,0,0,0]
[1,0,0,0]
[1,0,0,0]
[1,0,0,0]
[1,0,0,0]
[1,0,0,0]
[1,0,0,0]
[1,0,0,0]
[1,0,0,0]
[1,0,0,0]
[1,0,0,0]
[1,0,0,0]
[1,0,0,0]
[1,0,0,0]
[1,0,0,0]
[1,0,0,0]
[1,0,0,0]
[1,0,0,0]
[1,0,0,0]
[1,0,0,0]
[1,0,0,0]
[1,0,0,0]
[1,0,0,0]
[1,0,0,0]
[1,0,0,0]
[1,0,0,0]
[1,0,0,0]
[1,0,0,0]
[1,0,0,0]
[1,0,0,0]
[1,0,0,0]
[1,0,0,0]
[1,0,0,0]
[1,0,0,0]
[1,0,0,0]
[1,0,0,0]
[1,0,0,0]
[1,0,0,0]
[1,0,0,0]
[1,0,0,0]
[1,0,0,0]
[1,0,0,0]
[1,0,0,0]
[1,0,0,0]
[1,0,0,0]
[1,0,0,0]
[1,0,0,0]
[1,0,0,0]
[1,0,0,0]
[1,0,0,0]
[1,0,0,0]
[1,0,0,0]
[1,0,0,0]
[1,0,0,0]
[1,0,0,0]
[1,0,0,0]
[1,0,0,0]
[1,0,0,0]
[1,0,0,0]
[1,0,0,0]
[1,0,0,0]
[1,0,0,0]
[1,0,0,0]
[1,0,0,0]
[1,0,0,0]
[1,0,0,0]
[1,0,0,0]
[1,0,0,0]
[1,0,0,0]
[1,0,0,0]
[1,0,0,0]
[1,0,0,0]
[1,0,0,0]
[1,0,0,0]
[1,0,0,0]
[1,0,0,0]
[1,0,0,0]
[1,0,0,0]
[1,0,0,0]
[1,0,0,0]
[1,0,0,0]
[1,0,0,0]
[1,0,0,0]
[1,0,0,0]
[1,0,0,0]
[1,0,0,0]
[1,0,0,0]
[1,0,0,0]
[1,0,0,0]
[1,0,0,0]
[1,0,0,0]
[1,0,0,0]
[1,0,0,0]
[1,0,0,0]
[1,0,0,0]
[1,0,0,0]
[1,0,0,0]
[1,0,0,0]
[1,0,0,0]
[1,0,0,0]
[1,0,0,0]
[1,0,0,0]
[1,0,0,0]
[1,0,0,0]
[1,0,0,0]
[1,0,0,0]
[1,0,0,0]
[1,0,0,0]
[1,0,0,0]
[1,0,0,0]
[1,0,0,0]
[1,0,0,0]
[1,0,0,0]
[1,0,0,0]
[1,0,0,0]
[1,0,0,0]
[1,0,0,0]
[1,0,0,0]
[1,0,0,0]
[1,0,0,0]
[1,0,0,0]
[1,0,0,0]
[1,0,0,0]
[1,0,0,0]
[1,0,0,0]
[1,0,0,0]
[1,0,0,0]
[1,0,0,0]
[1,0,0,0]
[1,0,0,0]
[1,0,0,0]
[1,0,0,0]
[1,0,0,0]
[1,0,0,0]
[1,0,0,0]
[1,0,0,0]
[1,0,0,0]
[1,0,0,0]
[1,0,0,0]
[1,0,0,0]
[1,0,0,0]
[1,0,0,0]
[1,0,0,0]
[1,0,0,0]
[1,0,0,0]
[1,0,0,0]
[1,0,0,0]
[1,0,0,0]
[1,0,0,0]
[1,0,0,0]
[1,0,0,0]
[1,0,0,0]
[1,0,0,0]
[1,0,0,0]
[1,0,0,0]
[1,0,0,0]
[1,0,0,0]
[1,0,0,0]
[1,0,0,0]
[1,0,0,0]
[1,0,0,0]
[1,0,0,0]
[1,0,0,0]
[1,0,0,0]
[1,0,0,0]
[1,0,0,0]
[1,0,0,0]
[1,0,0,0]
[1,0,0,0]
[1,0,0,0]
[1,0,0,0]
[1,0,0,0]
[1,0,0,0]
[1,0,0,0]
[1,0,0,0]
[1,0,0,0]
[1,0,0,0]
[1,0,0,0]
[1,0,0,0]
[1,0,0,0]
[1,0,0,0]
[1,0,0,0]
[1,0,0,0]
[1,0,0,0]
[1,0,0,0]
[1,0,0,0]
[1,0,0,0]
[1,0,0,0]
[1,0,0,0]
[1,0,0,0]
[1,0,0,0]
[1,0,0,0]
[1,0,0,0]
[1,0,0,0]
[1,0,0,0]
[1,0,0,0]
[1,0,0,0]
[1,0,0,0]
[1,0,0,0]
[1,0,0,0]
[1,0,0,0]
[1,0,0,0]
[1,0,0,0]
[1,0,0,0]
[1,0,0,0]
[1,0,0,0]
[1,0,0,0]
[1,0,0,0]
[1,0,0,0]
[1,0,0,0]
[1,0,0,0]
[1,0,0,0]
[1,0,0,0]
[1,0,0,0]
[1,0,0,0]
[1,0,0,0]
[1,0,0,0]
[1,0,0,0]
[1,0,0,0]
[1,0,0,0]
[1,0,0,0]
[1,0,0,0]
[1,0,0,0]
[1,0,0,0]
[1,0,0,0]
[1,0,0,0]
[1,0,0,0]
[1,0,0,0]
[1,0,0,0]
[1,0,0,0]
[1,0,0,0]
[1,0,0,0]
[1,0,0,0]
[1,0,0,0]
[1,0,0,0]
[1,0,0,0]
[1,0,0,0]
[1,0,0,0]
[1,0,0,0]
[1,0,0,0]
[1,0,0,0]
[1,0,0,0]
[1,0,0,0]
[1,0,0,0]
[1,0,0,0]
[1,0,0,0]
[1,0,0,0]
[1,0,0,0]
[1,0,0,0]
[1,0,0,0]
[1,0,0,0]
[1,0,0,0]
[1,0,0,0]
[1,0,0,0]
[1,0,0,0]
[1,0,0,0]
[1,0,0,0]
[1,0,0,0]
[1,0,0,0]
[1,0,0,0]
[1,0,0,0]
[1,0,0,0]
[1,0,0,0]
[1,0,0,0]
[1,0,0,0]
[1,0,0,0]
[1,0,0,0]
[1,0,0,0]
[1,0,0,0]
[1,0,0,0]
[1,0,0,0]
[1,0,0,0]
[1,0,0,0]
[1,0,0,0]
[1,0,0,0]
[1,0,0,0]
[1,0,0,0]
[1,0,0,0]
[1,0,0,0]
[1,0,0,0]
[1,0,0,0]
[1,0,0,0]
[1,0,0,0]
[1,0,0,0]
[1,0,0,0]
[1,0,0,0]
[1,0,0,0]
[1,0,0,0]
[1,0,0,0]
[1,0,0,0]
[1,0,0,0]
[1,0,0,0]
[1,0,0,0]
[1,0,0,0]
[1,0,0,0]
[1,0,0,0]
[1,0,0,0]
[1,0,0,0]
[1,0,0,0]
[1,0,0,0]
[1,0,0,0]
[1,0,0,0]
[1,0,0,0]
[1,0,0,0]
[1,0,0,0]
[1,0,0,0]
[1,0,0,0]
[1,0,0,0]
[1,0,0,0]
[1,0,0,0]
[1,0,0,0]
[1,0,0,0]
[1,0,0,0]
[1,0,0,0]
[1,0,0,0]
[1,0,0,0]
[1,0,0,0]
[1,0,0,0]
[1,0,0,0]
[1,0,0,0]
[1,0,0,0]
[1,0,0,0]
[1,0,0,0]
[1,0,0,0]
[1,0,0,0]
[1,0,0,0]
[1,0,0,0]
[1,0,0,0]
[1,0,0,0]
[1,0,0,0]
[1,0,0,0]
[1,0,0,0]
[1,0,0,0]
[1,0,0,0]
[1,0,0,0]
[1,0,0,0]
[1,0,0,0]
[1,0,0,0]
[1,0,0,0]
[1,0,0,0]
[1,0,0,0]
[1,0,0,0]
[1,0,0,0]
[1,0,0,0]
[1,0,0,0]
[1,0,0,0]
[1,0,0,0]
[1,0,0,0]
[1,0,0,0]
[1,0,0,0]
[1,0,0,0]
[1,0,0,0]
[1,0,0,0]
[1,0,0,0]
[1,0,0,0]
[1,0,0,0]
[1,0,0,0]
[1,0,0,0]
[1,0,0,0]
[1,0,0,0]
[1,0,0,0]
[1,0,0,0]
[1,0,0,0]
[1,0,0,0]
[1,0,0,0]
[1,0,0,0]
[1,0,0,0]
[1,0,0,0]
[1,0,0,0]
[1,0,0,0]
[1,0,0,0]
[1,0,0,0]
[1,0,0,0]
[1,0,0,0]
[1,0,0,0]
[1,0,0,0]
[1,0,0,0]
[1,0,0,0]
[1,0,0,0]
[1,0,0,0]
[1,0,0,0]
[1,0,0,0]
[1,0,0,0]
[1,0,0,0]
[1,0,0,0]
[1,0,0,0]
[1,0,0,0]
[1,0,0,0]
[1,0,0,0]
[1,0,0,0]
[1,0,0,0]
[1,0,0,0]
[1,0,0,0]
[1,0,0,0]
[1,0,0,0]
[1,0,0,0]
[1,0,0,0]
[1,0,0,0]
[1,0,0,0]
[1,0,0,0]
[1,0,0,0]
[1,0,0,0]
[1,0,0,0]
[1,0,0,0]
[1,0,0,0]
[1,0,0,0]
[1,0,0,0]
[1,0,0,0]
[1,0,0,0]
[1,0,0,0]
[1,0,0,0]
[1,0,0,0]
[1,0,0,0]
[1,0,0,0]
[1,0,0,0]
[1,0,0,0]
[1,0,0,0]
[1,0,0,0]
[1,0,0,0]
[1,0,0,0]
[1,0,0,0]
[1,0,0,0]
[1,0,0,0]
[1,0,0,0]
[1,0,0,0]
[1,0,0,0]
[1,0,0,0]
[1,0,0,0]
[1,0,0,0]
[1,0,0,0]
[1,0,0,0]
[1,0,0,0]
[1,0,0,0]
[1,0,0,0]
[1,0,0,0]
[1,0,0,0]
[1,0,0,0]
[1,0,0,0]
[1,0,0,0]
[1,0,0,0]
[1,0,0,0]
[1,0,0,0]
[1,0,0,0]
[1,0,0,0]
[1,0,0,0]
[1,0,0,0]
[1,0,0,0]
[1,0,0,0]
[1,0,0,0]
[1,0,0,0]
[1,0,0,0]
[1,0,0,0]
[1,0,0,0]
[1,0,0,0]
[1,0,0,0]
[1,0,0,0]
[1,0,0,0]
[1,0,0,0]
[1,0,0,0]
[1,0,0,0]
[1,0,0,0]
[1,0,0,0]
[1,0,0,0]
[1,0,0,0]
[1,0,0,0]
[1,0,0,0]
[1,0,0,0]
[1,0,0,0]
[1,0,0,0]
[1,0,0,0]
[1,0,0,0]
[1,0,0,0]
[1,0,0,0]
[1,0,0,0]
[1,0,0,0]
[1,0,0,0]
[1,0,0,0]
[1,0,0,0]
[1,0,0,0]
[1,0,0,0]
[1,0,0,0]
[1,0,0,0]
[1,0,0,0]
[1,0,0,0]
[1,0,0,0]
[1,0,0,0]
[1,0,0,0]
[1,0,0,0]
[1,0,0,0]
[1,0,0,0]
[1,0,0,0]
[1,0,0,0]
[1,0,0,0]
[1,0,0,0]
[1,0,0,0]
[1,0,0,0]
[1,0,0,0]
[1,0,0,0]
[1,0,0,0]
[1,0,0,0]
[1,0,0,0]
[1,0,0,0]
[1,0,0,0]
[1,0,0,0]
[1,0,0,0]
[1,0,0,0]
[1,0,0,0]
[1,0,0,0]
[1,0,0,0]
[1,0,0,0]
[1,0,0,0]
[1,0,0,0]
[1,0,0,0]
[1,0,0,0]
[1,0,0,0]
[1,0,0,0]
[1,0,0,0]
[1,0,0,0]
[1,0,0,0]
[1,0,0,0]
[1,0,0,0]
[1,0,0,0]
[1,0,0,0]
[1,0,0,0]
[1,0,0,0]
[1,0,0,0]
[1,0,0,0]
[1,0,0,0]
[1,0,0,0]
[1,0,0,0]
[1,0,0,0]
[1,0,0,0]
[1,0,0,0]
[1,0,0,0]
[1,0,0,0]
[1,0,0,0]
[1,0,0,0]
[1,0,0,0]
[1,0,0,0]
[1,0,0,0]
[1,0,0,0]
[1,0,0,0]
[1,0,0,0]
[1,0,0,0]
[1,0,0,0]
[1,0,0,0]
[1,0,0,0]
[1,0,0,0]
[1,0,0,0]
[1,0,0,0]
[1,0,0,0]
[1,0,0,0]
[1,0,0,0]
[1,0,0,0]
[1,0,0,0]
[1,0,0,0]
[1,0,0,0]
[1,0,0,0]
[1,0,0,0]
[1,0,0,0]
[1,0,0,0]
[1,0,0,0]
[1,0,0,0]
[1,0,0,0]
[1,0,0,0]
[1,0,0,0]
[1,0,0,0]
[1,0,0,0]
[1,0,0,0]
[1,0,0,0]
[1,0,0,0]
[1,0,0,0]
[1,0,0,0]
[1,0,0,0]
[1,0,0,0]
[1,0,0,0]
[1,0,0,0]
[1,0,0,0]
[1,0,0,0]
[1,0,0,0]
[1,0,0,0]
[1,0,0,0]
[1,0,0,0]
[1,0,0,0]
[1,0,0,0]
[1,0,0,0]
[1,0,0,0]
[1,0,0,0]
[1,0,0,0]
[1,0,0,0]
[1,0,0,0]
[1,0,0,0]
[1,0,0,0]
[1,0,0,0]
[1,0,0,0]
[1,0,0,0]
[1,0,0,0]
[1,0,0,0]
[1,0,0,0]
[1,0,0,0]
[1,0,0,0]
[1,0,0,0]
[1,0,0,0]
[1,0,0,0]
[1,0,0,0]
[1,0,0,0]
[1,0,0,0]
[1,0,0,0]
[1,0,0,0]
[1,0,0,0]
[1,0,0,0]
[1,0,0,0]
[1,0,0,0]
[1,0,0,0]
[1,0,0,0]
[1,0,0,0]
[1,0,0,0]
[1,0,0,0]
[1,0,0,0]
[1,0,0,0]
[1,0,0,0]
[1,0,0,0]
[1,0,0,0]
[1,0,0,0]
[1,0,0,0]
[1,0,0,0]
[1,0,0,0]
[1,0,0,0]
[1,0,0,0]
[1,0,0,0]
[1,0,0,0]
[1,0,0,0]
[1,0,0,0]
[1,0,0,0]
[1,0,0,0]
[1,0,0,0]
[1,0,0,0]
[1,0,0,0]
[1,0,0,0]
[1,0,0,0]
[1,0,0,0]
[1,0,0,0]
[1,0,0,0]
[1,0,0,0]
[1,0,0,0]
[1,0,0,0]
[1,0,0,0]
[1,0,0,0]
[1,0,0,0]
[1,0,0,0]
[1,0,0,0]
[1,0,0,0]
[1,0,0,0]
[1,0,0,0]
[1,0,0,0]
[1,0,0,0]
[1,0,0,0]
[1,0,0,0]
[1,0,0,0]
[1,0,0,0]
[1,0,0,0]
[1,0,0,0]
[1,0,0,0]
[1,0,0,0]
[1,0,0,0]
[1,0,0,0]
[1,0,0,0]
[1,0,0,0]
[1,0,0,0]
[1,0,0,0]
[1,0,0,0]
[1,0,0,0]
[1,0,0,0]
[1,0,0,0]
[1,0,0,0]
[1,0,0,0]
[1,0,0,0]
[1,0,0,0]
[1,0,0,0]
[1,0,0,0]
[1,0,0,0]
[1,0,0,0]
[1,0,0,0]
[1,0,0,0]
[1,0,0,0]
[1,0,0,0]
[1,0,0,0]
[1,0,0,0]
[1,0,0,0]
[1,0,0,0]
[1,0,0,0]
[1,0,0,0]
[1,0,0,0]
[1,0,0,0]
[1,0,0,0]
[1,0,0,0]
[1,0,0,0]
[1,0,0,0]
[1,0,0,0]
[1,0,0,0]
[1,0,0,0]
[1,0,0,0]
[1,0,0,0]
[1,0,0,0]
[1,0,0,0]
[1,0,0,0]
[1,0,0,0]
[1,0,0,0]
[1,0,0,0]
[1,0,0,0]
[1,0,0,0]
[1,0,0,0]
[1,0,0,0]
[1,0,0,0]
[1,0,0,0]
[1,0,0,0]
[1,0,0,0]
[1,0,0,0]
[1,0,0,0]
[1,0,0,0]
[1,0,0,0]
[1,0,0,0]
[1,0,0,0]
[1,0,0,0]
[1,0,0,0]
[1,0,0,0]
[1,0,0,0]
[1,0,0,0]
[1,0,0,0]
[1,0,0,0]
[1,0,0,0]
[1,0,0,0]
[1,0,0,0]
[1,0,0,0]
[1,0,0,0]
[1,0,0,0]
[1,0,0,0]
[1,0,0,0]
[1,0,0,0]
[1,0,0,0]
[1,0,0,0]
[1,0,0,0]
[1,0,0,0]
[1,0,0,0]
[1,0,0,0]
[1,0,0,0]
[1,0,0,0]
[1,0,0,0]
[1,0,0,0]
[1,0,0,0]
[1,0,0,0]
[1,0,0,0]
[1,0,0,0]
[1,0,0,0]
[1,0,0,0]
[1,0,0,0]
[1,0,0,0]
[1,0,0,0]
[1,0,0,0]
[1,0,0,0]
[1,0,0,0]
[1,0,0,0]
[1,0,0,0]
[1,0,0,0]
[1,0,0,0]
[1,0,0,0]
[1,0,0,0]
[1,0,0,0]
[1,0,0,0]
[1,0,0,0]
[1,0,0,0]
[1,0,0,0]
[1,0,0,0]
[1,0,0,0]
[1,0,0,0]
[1,0,0,0]
[1,0,0,0]
[1,0,0,0]
[1,0,0,0]
[1,0,0,0]
[1,0,0,0]
[1,0,0,0]
[1,0,0,0]
[1,0,0,0]
[1,0,0,0]
[1,0,0,0]
[1,0,0,0]
[1,0,0,0]
[1,0,0,0]
[1,0,0,0]
[1,0,0,0]
[1,0,0,0]
[1,0,0,0]
[1,0,0,0]
[1,0,0,0]
[1,0,0,0]
[1,0,0,0]
[1,0,0,0]
[1,0,0,0]
[1,0,0,0]
[1,0,0,0]
[1,0,0,0]
[1,0,0,0]
[1,0,0,0]
[1,0,0,0]
[1,0,0,0]
[1,0,0,0]
[1,0,0,0]
[1,0,0,0]
[1,0,0,0]
[1,0,0,0]
[1,0,0,0]
[1,0,0,0]
[1,0,0,0]
[1,0,0,0]
[1,0,0,0]
[1,0,0,0]
[1,0,0,0]
[1,0,0,0]
[1,0,0,0]
[1,0,0,0]
[1,0,0,0]
[1,0,0,0]
[1,0,0,0]
[1,0,0,0]
[1,0,0,0]
[1,0,0,0]
[1,0,0,0]
[1,0,0,0]
[1,0,0,0]
[1,0,0,0]
[1,0,0,0]
[1,0,0,0]
[1,0,0,0]
[1,0,0,0]
[1,0,0,0]
[1,0,0,0]
[1,0,0,0]
[1,0,0,0]
[1,0,0,0]
[1,0,0,0]
[1,0,0,0]
[1,0,0,0]
[1,0,0,0]
[1,0,0,0]
[1,0,0,0]
[1,0,0,0]
[1,0,0,0]
[1,0,0,0]
[1,0,0,0]
[1,0,0,0]
[1,0,0,0]
[1,0,0,0]
[1,0,0,0]
[1,0,0,0]
[1,0,0,0]
[1,0,0,0]
[1,0,0,0]
[1,0,0,0]
[1,0,0,0]
[1,0,0,0]
[1,0,0,0]
[1,0,0,0]
[1,0,0,0]
[1,0,0,0]
[1,0,0,0]
[1,0,0,0]
[1,0,0,0]
[1,0,0,0]
[1,0,0,0]
[1,0,0,0]
[1,0,0,0]
[1,0,0,0]
[1,0,0,0]
[1,0,0,0]
[1,0,0,0]
[1,0,0,0]
[1,0,0,0]
[1,0,0,0]
[1,0,0,0]
[1,0,0,0]
[1,0,0,0]
[1,0,0,0]
[1,0,0,0]
[1,0,0,0]
[1,0,0,0]
[1,0,0,0]
[1,0,0,0]
[1,0,0,0]
[1,0,0,0]
[1,0,0,0]
[1,0,0,0]
[1,0,0,0]
[1,0,0,0]
[1,0,0,0]
[1,0,0,0]
[1,0,0,0]
[1,0,0,0]
[1,0,0,0]
[1,0,0,0]
[1,0,0,0]
[1,0,0,0]
[1,0,0,0]
[1,0,0,0]
[1,0,0,0]
[1,0,0,0]
[1,0,0,0]
[1,0,0,0]
[1,0,0,0]
[1,0,0,0]
[1,0,0,0]
[1,0,0,0]
[1,0,0,0]
[1,0,0,0]
[1,0,0,0]
[1,0,0,0]
[1,0,0,0]
[1,0,0,0]
[1,0,0,0]
[1,0,0,0]
[1,0,0,0]
[1,0,0,0]
[1,0,0,0]
[1,0,0,0]
[1,0,0,0]
[1,0,0,0]
[1,0,0,0]
[1,0,0,0]
[1,0,0,0]
[1,0,0,0]
[1,0,0,0]
[1,0,0,0]
[1,0,0,0]
[1,0,0,0]
[1,0,0,0]
[1,0,0,0]
[1,0,0,0]
[1,0,0,0]
[1,0,0,0]
[1,0,0,0]
[1,0,0,0]
[1,0,0,0]
[1,0,0,0]
[1,0,0,0]
[1,0,0,0]
[1,0,0,0]
[1,0,0,0]
[1,0,0,0]
[1,0,0,0]
[1,0,0,0]
[1,0,0,0]
[1,0,0,0]
[1,0,0,0]
[1,0,0,0]
[1,0,0,0]
[1,0,0,0]
[1,0,0,0]
[1,0,0,0]
[1,0,0,0]
[1,0,0,0]
[1,0,0,0]
[1,0,0,0]
[1,0,0,0]
[1,0,0,0]
[1,0,0,0]
[1,0,0,0]
[1,0,0,0]
[1,0,0,0]
[1,0,0,0]
[1,0,0,0]
[1,0,0,0]
[1,0,0,0]
[1,0,0,0]
[1,0,0,0]
[1,0,0,0]
[1,0,0,0]
[1,0,0,0]
[1,0,0,0]
[1,0,0,0]
[1,0,0,0]
[1,0,0,0]
[1,0,0,0]
[1,0,0,0]
[1,0,0,0]
[1,0,0,0]
[1,0,0,0]
[1,0,0,0]
[1,0,0,0]
[1,0,0,0]
[1,0,0,0]
[1,0,0,0]
[1,0,0,0]
[1,0,0,0]
[1,0,0,0]
[1,0,0,0]
[1,0,0,0]
[1,0,0,0]
[1,0,0,0]
[1,0,0,0]
[1,0,0,0]
[1,0,0,0]
[1,0,0,0]
[1,0,0,0]
[1,0,0,0]
[1,0,0,0]
[1,0,0,0]
[1,0,0,0]
[1,0,0,0]
[1,0,0,0]
[1,0,0,0]
[1,0,0,0]
[1,0,0,0]
[1,0,0,0]
[1,0,0,0]
[1,0,0,0]
[1,0,0,0]
[1,0,0,0]
[1,0,0,0]
[1,0,0,0]
[1,0,0,0]
[1,0,0,0]
[1,0,0,0]
[1,0,0,0]
[1,0,0,0]
[1,0,0,0]
[1,0,0,0]
[1,0,0,0]
[1,0,0,0]
[1,0,0,0]
[1,0,0,0]
[1,0,0,0]
[1,0,0,0]
[1,0,0,0]
[1,0,0,0]
[1,0,0,0]
[1,0,0,0]
[1,0,0,0]
[1,0,0,0]
[1,0,0,0]
[1,0,0,0]
[1,0,0,0]
[1,0,0,0]
[1,0,0,0]
[1,0,0,0]
[1,0,0,0]
[1,0,0,0]
[1,0,0,0]
[1,0,0,0]
[1,0,0,0]
[1,0,0,0]
[1,0,0,0]
[1,0,0,0]
[1,0,0,0]
[1,0,0,0]
[1,0,0,0]
[1,0,0,0]
[1,0,0,0]
[1,0,0,0]
[1,0,0,0]
[1,0,0,0]
[1,0,0,0]
[1,0,0,0]
[1,0,0,0]
[1,0,0,0]
[1,0,0,0]
[1,0,0,0]
[1,0,0,0]
[1,0,0,0]
[1,0,0,0]
[1,0,0,0]
[1,0,0,0]
[1,0,0,0]
[1,0,0,0]
[1,0,0,0]
[1,0,0,0]
[1,0,0,0]
[1,0,0,0]
[1,0,0,0]
[1,0,0,0]
[1,0,0,0]
[1,0,0,0]
[1,0,0,0]
[1,0,0,0]
[1,0,0,0]
[1,0,0,0]
[1,0,0,0]
[1,0,0,0]
[1,0,0,0]
[1,0,0,0]
[1,0,0,0]
[1,0,0,0]
[1,0,0,0]
[1,0,0,0]
[1,0,0,0]
[1,0,0,0]
[1,0,0,0]
