720
10
[0.00416667,0,0]
[0.00833333,0,0]
[0.0125,0,0]
[0.0166667,0,0]
[0.0208333,0,0]
[0.025,0,0]
[0.0291667,0,0]
[0.0333333,0,0]
[0.0375,0,0]
[0.0416667,0,0]
[0.0458333,0,0]
[0.05,0,0]
[0.0541667,0,0]
[0.0583333,0,0]
[0.0625,0,0]
[0.0666667,0,0]
[0.0708333,0,0]
[0.075,0,0]
[0.0791667,0,0]
[0.0833333,0,0]
[0.0875,0,0]
[0.0916667,0,0]
[0.0958333,0,0]
[0.1,0,0]
[0.104167,0,0]
[0.108333,0,0]
[0.1125,0,0]
[0.116667,0,0]
[0.120833,0,0]
[0.125,0,0]
[0.129167,0,0]
[0.133333,0,0]
[0.1375,0,0]
[0.141667,0,0]
[0.145833,0,0]
[0.15,0,0]
[0.154167,0,0]
[0.158333,0,0]
[0.1625,0,0]
[0.166667,0,0]
[0.170833,0,0]
[0.175,0,0]
[0.179167,0,0]
[0.183333,0,0]
[0.1875,0,0]
[0.191667,0,0]
[0.195833,0,0]
[0.2,0,0]
[0.204167,0,0]
[0.208333,0,0]
[0.2125,0,0]
[0.216667,0,0]
[0.220833,0,0]
[0.225,0,0]
[0.229167,0,0]
[0.233333,0,0]
[0.2375,0,0]
[0.241667,0,0]
[0.245833,0,0]
[0.25,0,0]
[0.254167,0,0]
[0.258333,0,0]
[0.2625,0,0]
[0.266667,0,0]
[0.270833,0,0]
[0.275,0,0]
[0.279167,0,0]
[0.283333,0,0]
[0.2875,0,0]
[0.291667,0,0]
[0.295833,0,0]
[0.3,0,0]
[0.304167,0,0]
[0.308333,0,0]
[0.3125,0,0]
[0.316667,0,0]
[0.320833,0,0]
[0.325,0,0]
[0.329167,0,0]
[0.333333,0,0]
[0.3375,0,0]
[0.341667,0,0]
[0.345833,0,0]
[0.35,0,0]
[0.354167,0,0]
[0.358333,0,0]
[0.3625,0,0]
[0.366667,0,0]
[0.370833,0,0]
[0.375,0,0]
[0.379167,0,0]
[0.383333,0,0]
[0.3875,0,0]
[0.391667,0,0]
[0.395833,0,0]
[0.4,0,0]
[0.404167,0,0]
[0.408333,0,0]
[0.4125,0,0]
[0.416667,0,0]
[0.420833,0,0]
[0.425,0,0]
[0.429167,0,0]
[0.433333,0,0]
[0.4375,0,0]
[0.441667,0,0]
[0.445833,0,0]
[0.45,0,0]
[0.454167,0,0]
[0.458333,0,0]
[0.4625,0,0]
[0.466667,0,0]
[0.470833,0,0]
[0.475,0,0]
[0.479167,0,0]
[0.483333,0,0]
[0.4875,0,0]
[0.491667,0,0]
[0.495833,0,0]
[0.5,0,0]
[0.504167,0,0]
[0.508333,0,0]
[0.5125,0,0]
[0.516667,0,0]
[0.520833,0,0]
[0.525,0,0]
[0.529167,0,0]
[0.533333,0,0]
[0.5375,0,0]
[0.541667,0,0]
[0.545833,0,0]
[0.55,0,0]
[0.554167,0,0]
[0.558333,0,0]
[0.5625,0,0]
[0.566667,0,0]
[0.570833,0,0]
[0.575,0,0]
[0.579167,0,0]
[0.583333,0,0]
[0.5875,0,0]
[0.591667,0,0]
[0.595833,0,0]
[0.6,0,0]
[0.604167,0,0]
[0.608333,0,0]
[0.6125,0,0]
[0.616667,0,0]
[0.620833,0,0]
[0.625,0,0]
[0.629167,0,0]
[0.633333,0,0]
[0.6375,0,0]
[0.641667,0,0]
[0.645833,0,0]
[0.65,0,0]
[0.654167,0,0]
[0.658333,0,0]
[0.6625,0,0]
[0.666667,0,0]
[0.670833,0,0]
[0.675,0,0]
[0.679167,0,0]
[0.683333,0,0]
[0.6875,0,0]
[0.691667,0,0]
[0.695833,0,0]
[0.7,0,0]
[0.704167,0,0]
[0.708333,0,0]
[0.7125,0,0]
[0.716667,0,0]
[0.720833,0,0]
[0.725,0,0]
[0.729167,0,0]
[0.733333,0,0]
[0.7375,0,0]
[0.741667,0,0]
[0.745833,0,0]
[0.75,0,0]
[0.754167,0,0]
[0.758333,0,0]
[0.7625,0,0]
[0.766667,0,0]
[0.770833,0,0]
[0.775,0,0]
[0.779167,0,0]
[0.783333,0,0]
[0.7875,0,0]
[0.791667,0,0]
[0.795833,0,0]
[0.8,0,0]
[0.804167,0,0]
[0.808333,0,0]
[0.8125,0,0]
[0.816667,0,0]
[0.820833,0,0]
[0.825,0,0]
[0.829167,0,0]
[0.833333,0,0]
[0.8375,0,0]
[0.841667,0,0]
[0.845833,0,0]
[0.85,0,0]
[0.854167,0,0]
[0.858333,0,0]
[0.8625,0,0]
[0.866667,0,0]
[0.870833,0,0]
[0.875,0,0]
[0.879167,0,0]
[0.883333,0,0]
[0.8875,0,0]
[0.891667,0,0]
[0.895833,0,0]
[0.9,0,0]
[0.904167,0,0]
[0.908333,0,0]
[0.9125,0,0]
[0.916667,0,0]
[0.920833,0,0]
[0.925,0,0]
[0.929167,0,0]
[0.933333,0,0]
[0.9375,0,0]
[0.941667,0,0]
[0.945833,0,0]
[0.95,0,0]
[0.954167,0,0]
[0.958333,0,0]
[0.9625,0,0]
[0.966667,0,0]
[0.970833,0,0]
[0.975,0,0]
[0.979167,0,0]
[0.983333,0,0]
[0.9875,0,0]
[0.991667,0,0]
[0.995833,0,0]
[1,0,0]
[1.00417,0,0]
[1.00833,0,0]
[1.0125,0,0]
[1.01667,0,0]
[1.02083,0,0]
[1.025,0,0]
[1.02917,0,0]
[1.03333,0,0]
[1.0375,0,0]
[1.04167,0,0]
[1.04583,0,0]
[1.05,0,0]
[1.05417,0,0]
[1.05833,0,0]
[1.0625,0,0]
[1.06667,0,0]
[1.07083,0,0]
[1.075,0,0]
[1.07917,0,0]
[1.08333,0,0]
[1.0875,0,0]
[1.09167,0,0]
[1.09583,0,0]
[1.1,0,0]
[1.10417,0,0]
[1.10833,0,0]
[1.1125,0,0]
[1.11667,0,0]
[1.12083,0,0]
[1.125,0,0]
[1.12917,0,0]
[1.13333,0,0]
[1.1375,0,0]
[1.14167,0,0]
[1.14583,0,0]
[1.15,0,0]
[1.15417,0,0]
[1.15833,0,0]
[1.1625,0,0]
[1.16667,0,0]
[1.17083,0,0]
[1.175,0,0]
[1.17917,0,0]
[1.18333,0,0]
[1.1875,0,0]
[1.19167,0,0]
[1.19583,0,0]
[1.2,0,0]
[1.20417,0,0]
[1.20833,0,0]
[1.2125,0,0]
[1.21667,0,0]
[1.22083,0,0]
[1.225,0,0]
[1.22917,0,0]
[1.23333,0,0]
[1.2375,0,0]
[1.24167,0,0]
[1.24583,0,0]
[1.25,0,0]
[1.25417,0,0]
[1.25833,0,0]
[1.2625,0,0]
[1.26667,0,0]
[1.27083,0,0]
[1.275,0,0]
[1.27917,0,0]
[1.28333,0,0]
[1.2875,0,0]
[1.29167,0,0]
[1.29583,0,0]
[1.3,0,0]
[1.30417,0,0]
[1.30833,0,0]
[1.3125,0,0]
[1.31667,0,0]
[1.32083,0,0]
[1.325,0,0]
[1.32917,0,0]
[1.33333,0,0]
[1.3375,0,0]
[1.34167,0,0]
[1.34583,0,0]
[1.35,0,0]
[1.35417,0,0]
[1.35833,0,0]
[1.3625,0,0]
[1.36667,0,0]
[1.37083,0,0]
[1.375,0,0]
[1.37917,0,0]
[1.38333,0,0]
[1.3875,0,0]
[1.39167,0,0]
[1.39583,0,0]
[1.4,0,0]
[1.40417,0,0]
[1.40833,0,0]
[1.4125,0,0]
[1.41667,0,0]
[1.42083,0,0]
[1.425,0,0]
[1.42917,0,0]
[1.43333,0,0]
[1.4375,0,0]
[1.44167,0,0]
[1.44583,0,0]
[1.45,0,0]
[1.45417,0,0]
[1.45833,0,0]
[1.4625,0,0]
[1.46667,0,0]
[1.47083,0,0]
[1.475,0,0]
[1.47917,0,0]
[1.48333,0,0]
[1.4875,0,0]
[1.49167,0,0]
[1.49583,0,0]
[1.5,0,0]
[1.50417,0,0]
[1.50833,0,0]
[1.5125,0,0]
[1.51667,0,0]
[1.52083,0,0]
[1.525,0,0]
[1.52917,0,0]
[1.53333,0,0]
[1.5375,0,0]
[1.54167,0,0]
[1.54583,0,0]
[1.55,0,0]
[1.55417,0,0]
[1.55833,0,0]
[1.5625,0,0]
[1.56667,0,0]
[1.57083,0,0]
[1.575,0,0]
[1.57917,0,0]
[1.58333,0,0]
[1.5875,0,0]
[1.59167,0,0]
[1.59583,0,0]
[1.6,0,0]
[1.60417,0,0]
[1.60833,0,0]
[1.6125,0,0]
[1.61667,0,0]
[1.62083,0,0]
[1.625,0,0]
[1.62917,0,0]
[1.63333,0,0]
[1.6375,0,0]
[1.64167,0,0]
[1.64583,0,0]
[1.65,0,0]
[1.65417,0,0]
[1.65833,0,0]
[1.6625,0,0]
[1.66667,0,0]
[1.67083,0,0]
[1.675,0,0]
[1.67917,0,0]
[1.68333,0,0]
[1.6875,0,0]
[1.69167,0,0]
[1.69583,0,0]
[1.7,0,0]
[1.70417,0,0]
[1.70833,0,0]
[1.7125,0,0]
[1.71667,0,0]
[1.72083,0,0]
[1.725,0,0]
[1.72917,0,0]
[1.73333,0,0]
[1.7375,0,0]
[1.74167,0,0]
[1.74583,0,0]
[1.75,0,0]
[1.75417,0,0]
[1.75833,0,0]
[1.7625,0,0]
[1.76667,0,0]
[1.77083,0,0]
[1.775,0,0]
[1.77917,0,0]
[1.78333,0,0]
[1.7875,0,0]
[1.79167,0,0]
[1.79583,0,0]
[1.8,0,0]
[1.80417,0,0]
[1.80833,0,0]
[1.8125,0,0]
[1.81667,0,0]
[1.82083,0,0]
[1.825,0,0]
[1.82917,0,0]
[1.83333,0,0]
[1.8375,0,0]
[1.84167,0,0]
[1.84583,0,0]
[1.85,0,0]
[1.85417,0,0]
[1.85833,0,0]
[1.8625,0,0]
[1.86667,0,0]
[1.87083,0,0]
[1.875,0,0]
[1.87917,0,0]
[1.88333,0,0]
[1.8875,0,0]
[1.89167,0,0]
[1.89583,0,0]
[1.9,0,0]
[1.90417,0,0]
[1.90833,0,0]
[1.9125,0,0]
[1.91667,0,0]
[1.92083,0,0]
[1.925,0,0]
[1.92917,0,0]
[1.93333,0,0]
[1.9375,0,0]
[1.94167,0,0]
[1.94583,0,0]
[1.95,0,0]
[1.95417,0,0]
[1.95833,0,0]
[1.9625,0,0]
[1.96667,0,0]
[1.97083,0,0]
[1.975,0,0]
[1.97917,0,0]
[1.98333,0,0]
[1.9875,0,0]
[1.99167,0,0]
[1.99583,0,0]
[2,0,0]
[2.00417,0,0]
[2.00833,0,0]
[2.0125,0,0]
[2.01667,0,0]
[2.02083,0,0]
[2.025,0,0]
[2.02917,0,0]
[2.03333,0,0]
[2.0375,0,0]
[2.04167,0,0]
[2.04583,0,0]
[2.05,0,0]
[2.05417,0,0]
[2.05833,0,0]
[2.0625,0,0]
[2.06667,0,0]
[2.07083,0,0]
[2.075,0,0]
[2.07917,0,0]
[2.08333,0,0]
[2.0875,0,0]
[2.09167,0,0]
[2.09583,0,0]
[2.1,0,0]
[2.10417,0,0]
[2.10833,0,0]
[2.1125,0,0]
[2.11667,0,0]
[2.12083,0,0]
[2.125,0,0]
[2.12917,0,0]
[2.13333,0,0]
[2.1375,0,0]
[2.14167,0,0]
[2.14583,0,0]
[2.15,0,0]
[2.15417,0,0]
[2.15833,0,0]
[2.1625,0,0]
[2.16667,0,0]
[2.17083,0,0]
[2.175,0,0]
[2.17917,0,0]
[2.18333,0,0]
[2.1875,0,0]
[2.19167,0,0]
[2.19583,0,0]
[2.2,0,0]
[2.20417,0,0]
[2.20833,0,0]
[2.2125,0,0]
[2.21667,0,0]
[2.22083,0,0]
[2.225,0,0]
[2.22917,0,0]
[2.23333,0,0]
[2.2375,0,0]
[2.24167,0,0]
[2.24583,0,0]
[2.25,0,0]
[2.25417,0,0]
[2.25833,0,0]
[2.2625,0,0]
[2.26667,0,0]
[2.27083,0,0]
[2.275,0,0]
[2.27917,0,0]
[2.28333,0,0]
[2.2875,0,0]
[2.29167,0,0]
[2.29583,0,0]
[2.3,0,0]
[2.30417,0,0]
[2.30833,0,0]
[2.3125,0,0]
[2.31667,0,0]
[2.32083,0,0]
[2.325,0,0]
[2.32917,0,0]
[2.33333,0,0]
[2.3375,0,0]
[2.34167,0,0]
[2.34583,0,0]
[2.35,0,0]
[2.35417,0,0]
[2.35833,0,0]
[2.3625,0,0]
[2.36667,0,0]
[2.37083,0,0]
[2.375,0,0]
[2.37917,0,0]
[2.38333,0,0]
[2.3875,0,0]
[2.39167,0,0]
[2.39583,0,0]
[2.4,0,0]
[2.40417,0,0]
[2.40833,0,0]
[2.4125,0,0]
[2.41667,0,0]
[2.42083,0,0]
[2.425,0,0]
[2.42917,0,0]
[2.43333,0,0]
[2.4375,0,0]
[2.44167,0,0]
[2.44583,0,0]
[2.45,0,0]
[2.45417,0,0]
[2.45833,0,0]
[2.4625,0,0]
[2.46667,0,0]
[2.47083,0,0]
[2.475,0,0]
[2.47917,0,0]
[2.48333,0,0]
[2.4875,0,0]
[2.49167,0,0]
[2.49583,0,0]
[2.5,0,0]
[2.50417,0,0]
[2.50833,0,0]
[2.5125,0,0]
[2.51667,0,0]
[2.52083,0,0]
[2.525,0,0]
[2.52917,0,0]
[2.53333,0,0]
[2.5375,0,0]
[2.54167,0,0]
[2.54583,0,0]
[2.55,0,0]
[2.55417,0,0]
[2.55833,0,0]
[2.5625,0,0]
[2.56667,0,0]
[2.57083,0,0]
[2.575,0,0]
[2.57917,0,0]
[2.58333,0,0]
[2.5875,0,0]
[2.59167,0,0]
[2.59583,0,0]
[2.6,0,0]
[2.60417,0,0]
[2.60833,0,0]
[2.6125,0,0]
[2.61667,0,0]
[2.62083,0,0]
[2.625,0,0]
[2.62917,0,0]
[2.63333,0,0]
[2.6375,0,0]
[2.64167,0,0]
[2.64583,0,0]
[2.65,0,0]
[2.65417,0,0]
[2.65833,0,0]
[2.6625,0,0]
[2.66667,0,0]
[2.67083,0,0]
[2.675,0,0]
[2.67917,0,0]
[2.68333,0,0]
[2.6875,0,0]
[2.69167,0,0]
[2.69583,0,0]
[2.7,0,0]
[2.70417,0,0]
[2.70833,0,0]
[2.7125,0,0]
[2.71667,0,0]
[2.72083,0,0]
[2.725,0,0]
[2.72917,0,0]
[2.73333,0,0]
[2.7375,0,0]
[2.74167,0,0]
[2.74583,0,0]
[2.75,0,0]
[2.75417,0,0]
[2.75833,0,0]
[2.7625,0,0]
[2.76667,0,0]
[2.77083,0,0]
[2.775,0,0]
[2.77917,0,0]
[2.78333,0,0]
[2.7875,0,0]
[2.79167,0,0]
[2.79583,0,0]
[2.8,0,0]
[2.80417,0,0]
[2.80833,0,0]
[2.8125,0,0]
[2.81667,0,0]
[2.82083,0,0]
[2.825,0,0]
[2.82917,0,0]
[2.83333,0,0]
[2.8375,0,0]
[2.84167,0,0]
[2.84583,0,0]
[2.85,0,0]
[2.85417,0,0]
[2.85833,0,0]
[2.8625,0,0]
[2.86667,0,0]
[2.87083,0,0]
[2.875,0,0]
[2.87917,0,0]
[2.88333,0,0]
[2.8875,0,0]
[2.89167,0,0]
[2.89583,0,0]
[2.9,0,0]
[2.90417,0,0]
[2.90833,0,0]
[2.9125,0,0]
[2.91667,0,0]
[2.92083,0,0]
[2.925,0,0]
[2.92917,0,0]
[2.93333,0,0]
[2.9375,0,0]
[2.94167,0,0]
[2.94583,0,0]
[2.95,0,0]
[2.95417,0,0]
[2.95833,0,0]
[2.9625,0,0]
[2.96667,0,0]
[2.97083,0,0]
[2.975,0,0]
[2.97917,0,0]
[2.98333,0,0]
[2.9875,0,0]
[2.99167,0,0]
[2.99583,0,0]
[3,0,0]
[1,0,0,0]
[1,0,0,0]
[1,0,0,0]
[1,0,0,0]
[1,0,0,0]
[1,0,0,0]
[1,0,0,0]
[1,0,0,0]
[1,0,0,0]
[1,0,0,0]
[1,0,0,0]
[1,0,0,0]
[1,0,0,0]
[1,0,0,0]
[1,0,0,0]
[1,0,0,0]
[1,0,0,0]
[1,0,0,0]
[1,0,0,0]
[1,0,0,0]
[1,0,0,0]
[1,0,0,0]
[1,0,0,0]
[1,0,0,0]
[1,0,0,0]
[1,0,0,0]
[1,0,0,0]
[1,0,0,0]
[1,0,0,0]
[1,0,0,0]
[1,0,0,0]
[1,0,0,0]
[1,0,0,0]
[1,0,0,0]
[1,0,0,0]
[1,0,0,0]
[1,0,0,0]
[1,0,0,0]
[1,0,0,0]
[1,0,0,0]
[1,0,0,0]
[1,0,0,0]
[1,0,0,0]
[1,0,0,0]
[1,0,0,0]
[1,0,0,0]
[1,0,0,0]
[1,0,0,0]
[1,0,0,0]
[1,0,0,0]
[1,0,0,0]
[1,0,0,0]
[1,0,0,0]
[1,0,0,0]
[1,0,0,0]
[1,0,0,0]
[1,0,0,0]
[1,0,0,0]
[1,0,0,0]
[1,0,0,0]
[1,0,0,0]
[1,0,0,0]
[1,0,0,0]
[1,0,0,0]
[1,0,0,0]
[1,0,0,0]
[1,0,0,0]
[1,0,0,0]
[1,0,0,0]
[1,0,0,0]
[1,0,0,0]
[1,0,0,0]
[1,0,0,0]
[1,0,0,0]
[1,0,0,0]
[1,0,0,0]
[1,0,0,0]
[1,0,0,0]
[1,0,0,0]
[1,0,0,0]
[1,0,0,0]
[1,0,0,0]
[1,0,0,0]
[1,0,0,0]
[1,0,0,0]
[1,0,0,0]
[1,0,0,0]
[1,0,0,0]
[1,0,0,0]
[1,0,0,0]
[1,0,0,0]
[1,0,0,0]
[1,0,0,0]
[1,0,0,0]
[1,0,0,0]
[1,0,0,0]
[1,0,0,0]
[1,0,0,0]
[1,0,0,0]
[1,0,0,0]
[1,0,0,0]
[1,0,0,0]
[1,0,0,0]
[1,0,0,0]
[1,0,0,0]
[1,0,0,0]
[1,0,0,0]
[1,0,0,0]
[1,0,0,0]
[1,0,0,0]
[1,0,0,0]
[1,0,0,0]
[1,0,0,0]
[1,0,0,0]
[1,0,0,0]
[1,0,0,0]
[1,0,0,0]
[1,0,0,0]
[1,0,0,0]
[1,0,0,0]
[1,0,0,0]
[1,0,0,0]
[1,0,0,0]
[1,0,0,0]
[1,0,0,0]
[1,0,0,0]
[1,0,0,0]
[1,0,0,0]
[1,0,0,0]
[1,0,0,0]
[1,0,0,0]
[1,0,0,0]
[1,0,0,0]
[1,0,0,0]
[1,0,0,0]
[1,0,0,0]
[1,0,0,0]
[1,0,0,0]
[1,0,0,0]
[1,0,0,0]
[1,0,0,0]
[1,0,0,0]
[1,0,0,0]
[1,0,0,0]
[1,0,0,0]
[1,0,0,0]
[1,0,0,0]
[1,0,0,0]
[1,0,0,0]
[1,0,0,0]
[1,0,0,0]
[1,0,0,0]
[1,0,0,0]
[1,0,0,0]
[1,0,0,0]
[1,0,0,0]
[1,0,0,0]
[1,0,0,0]
[1,0,0,0]
[1,0,0,0]
[1,0,0,0]
[1,0,0,0]
[1,0,0,0]
[1,0,0,0]
[1,0,0,0]
[1,0,0,0]
[1,0,0,0]
[1,0,0,0]
[1,0,0,0]
[1,0,0,0]
[1,0,0,0]
[1,0,0,0]
[1,0,0,0]
[1,0,0,0]
[1,0,0,0]
[1,0,0,0]
[1,0,0,0]
[1,0,0,0]
[1,0,0,0]
[1,0,0,0]
[1,0,0,0]
[1,0,0,0]
[1,0,0,0]
[1,0,0,0]
[1,0,0,0]
[1,0,0,0]
[1,0,0,0]
[1,0,0,0]
[1,0,0,0]
[1,0,0,0]
[1,0,0,0]
[1,0,0,0]
[1,0,0,0]
[1,0,0,0]
[1,0,0,0]
[1,0,0,0]
[1,0,0,0]
[1,0,0,0]
[1,0,0,0]
[1,0,0,0]
[1,0,0,0]
[1,0,0,0]
[1,0,0,0]
[1,0,0,0]
[1,0,0,0]
[1,0,0,0]
[1,0,0,0]
[1,0,0,0]
[1,0,0,0]
[1,0,0,0]
[1,0,0,0]
[1,0,0,0]
[1,0,0,0]
[1,0,0,0]
[1,0,0,0]
[1,0,0,0]
[1,0,0,0]
[1,0,0,0]
[1,0,0,0]
[1,0,0,0]
[1,0,0,0]
[1,0,0,0]
[1,0,0,0]
[1,0,0,0]
[1,0,0,0]
[1,0,0,0]
[1,0,0,0]
[1,0,0,0]
[1,0,0,0]
[1,0,0,0]
[1,0,0,0]
[1,0,0,0]
[1,0,0,0]
[1,0,0,0]
[1,0,0,0]
[1,0,0,0]
[1,0,0,0]
[1,0,0,0]
[1,0,0,0]
[1,0,0,0]
[1,0,0,0]
[1,0,0,0]
[1,0,0,0]
[1,0,0,0]
[1,0,0,0]
[1,0,0,0]
[1,0,0,0]
[1,0,0,0]
[1,0,0,0]
[1,0,0,0]
[1,0,0,0]
[1,0,0,0]
[1,0,0,0]
[1,0,0,0]
[1,0,0,0]
[1,0,0,0]
[1,0,0,0]
[1,0,0,0]
[1,0,0,0]
[1,0,0,0]
[1,0,0,0]
[1,0,0,0]
[1,0,0,0]
[1,0,0,0]
[1,0,0,0]
[1,0,0,0]
[1,0,0,0]
[1,0,0,0]
[1,0,0,0]
[1,0,0,0]
[1,0,0,0]
[1,0,0,0]
[1,0,0,0]
[1,0,0,0]
[1,0,0,0]
[1,0,0,0]
[1,0,0,0]
[1,0,0,0]
[1,0,0,0]
[1,0,0,0]
[1,0,0,0]
[1,0,0,0]
[1,0,0,0]
[1,0,0,0]
[1,0,0,0]
[1,0,0,0]
[1,0,0,0]
[1,0,0,0]
[1,0,0,0]
[1,0,0,0]
[1,0,0,0]
[1,0,0,0]
[1,0,0,0]
[1,0,0,0]
[1,0,0,0]
[1,0,0,0]
[1,0,0,0]
[1,0,0,0]
[1,0,0,0]
[1,0,0,0]
[1,0,0,0]
[1,0,0,0]
[1,0,0,0]
[1,0,0,0]
[1,0,0,0]
[1,0,0,0]
[1,0,0,0]
[1,0,0,0]
[1,0,0,0]
[1,0,0,0]
[1,0,0,0]
[1,0,0,0]
[1,0,0,0]
[1,0,0,0]
[1,0,0,0]
[1,0,0,0]
[1,0,0,0]
[1,0,0,0]
[1,0,0,0]
[1,0,0,0]
[1,0,0,0]
[1,0,0,0]
[1,0,0,0]
[1,0,0,0]
[1,0,0,0]
[1,0,0,0]
[1,0,0,0]
[1,0,0,0]
[1,0,0,0]
[1,0,0,0]
[1,0,0,0]
[1,0,0,0]
[1,0,0,0]
[1,0,0,0]
[1,0,0,0]
[1,0,0,0]
[1,0,0,0]
[1,0,0,0]
[1,0,0,0]
[1,0,0,0]
[1,0,0,0]
[1,0,0,0]
[1,0,0,0]
[1,0,0,0]
[1,0,0,0]
[1,0,0,0]
[1,0,0,0]
[1,0,0,0]
[1,0,0,0]
[1,0,0,0]
[1,0,0,0]
[1,0,0,0]
[1,0,0,0]
[1,0,0,0]
[1,0,0,0]
[1,0,0,0]
[1,0,0,0]
[1,0,0,0]
[1,0,0,0]
[1,0,0,0]
[1,0,0,0]
[1,0,0,0]
[1,0,0,0]
[1,0,0,0]
[1,0,0,0]
[1,0,0,0]
[1,0,0,0]
[1,0,0,0]
[1,0,0,0]
[1,0,0,0]
[1,0,0,0]
[1,0,0,0]
[1,0,0,0]
[1,0,0,0]
[1,0,0,0]
[1,0,0,0]
[1,0,0,0]
[1,0,0,0]
[1,0,0,0]
[1,0,0,0]
[1,0,0,0]
[1,0,0,0]
[1,0,0,0]
[1,0,0,0]
[1,0,0,0]
[1,0,0,0]
[1,0,0,0]
[1,0,0,0]
[1,0,0,0]
[1,0,0,0]
[1,0,0,0]
[1,0,0,0]
[1,0,0,0]
[1,0,0,0]
[1,0,0,0]
[1,0,0,0]
[1,0,0,0]
[1,0,0,0]
[1,0,0,0]
[1,0,0,0]
[1,0,0,0]
[1,0,0,0]
[1,0,0,0]
[1,0,0,0]
[1,0,0,0]
[1,0,0,0]
[1,0,0,0]
[1,0,0,0]
[1,0,0,0]
[1,0,0,0]
[1,0,0,0]
[1,0,0,0]
[1,0,0,0]
[1,0,0,0]
[1,0,0,0]
[1,0,0,0]
[1,0,0,0]
[1,0,0,0]
[1,0,0,0]
[1,0,0,0]
[1,0,0,0]
[1,0,0,0]
[1,0,0,0]
[1,0,0,0]
[1,0,0,0]
[1,0,0,0]
[1,0,0,0]
[1,0,0,0]
[1,0,0,0]
[1,0,0,0]
[1,0,0,0]
[1,0,0,0]
[1,0,0,0]
[1,0,0,0]
[1,0,0,0]
[1,0,0,0]
[1,0,0,0]
[1,0,0,0]
[1,0,0,0]
[1,0,0,0]
[1,0,0,0]
[1,0,0,0]
[1,0,0,0]
[1,0,0,0]
[1,0,0,0]
[1,0,0,0]
[1,0,0,0]
[1,0,0,0]
[1,0,0,0]
[1,0,0,0]
[1,0,0,0]
[1,0,0,0]
[1,0,0,0]
[1,0,0,0]
[1,0,0,0]
[1,0,0,0]
[1,0,0,0]
[1,0,0,0]
[1,0,0,0]
[1,0,0,0]
[1,0,0,0]
[1,0,0,0]
[1,0,0,0]
[1,0,0,0]
[1,0,0,0]
[1,0,0,0]
[1,0,0,0]
[1,0,0,0]
[1,0,0,0]
[1,0,0,0]
[1,0,0,0]
[1,0,0,0]
[1,0,0,0]
[1,0,0,0]
[1,0,0,0]
[1,0,0,0]
[1,0,0,0]
[1,0,0,0]
[1,0,0,0]
[1,0,0,0]
[1,0,0,0]
[1,0,0,0]
[1,0,0,0]
[1,0,0,0]
[1,0,0,0]
[1,0,0,0]
[1,0,0,0]
[1,0,0,0]
[1,0,0,0]
[1,0,0,0]
[1,0,0,0]
[1,0,0,0]
[1,0,0,0]
[1,0,0,0]
[1,0,0,0]
[1,0,0,0]
[1,0,0,0]
[1,0,0,0]
[1,0,0,0]
[1,0,0,0]
[1,0,0,0]
[1,0,0,0]
[1,0,0,0]
[1,0,0,0]
[1,0,0,0]
[1,0,0,0]
[1,0,0,0]
[1,0,0,0]
[1,0,0,0]
[1,0,0,0]
[1,0,0,0]
[1,0,0,0]
[1,0,0,0]
[1,0,0,0]
[1,0,0,0]
[1,0,0,0]
[1,0,0,0]
[1,0,0,0]
[1,0,0,0]
[1,0,0,0]
[1,0,0,0]
[1,0,0,0]
[1,0,0,0]
[1,0,0,0]
[1,0,0,0]
[1,0,0,0]
[1,0,0,0]
[1,0,0,0]
[1,0,0,0]
[1,0,0,0]
[1,0,0,0]
[1,0,0,0]
[1,0,0,0]
[1,0,0,0]
[1,0,0,0]
[1,0,0,0]
[1,0,0,0]
[1,0,0,0]
[1,0,0,0]
[1,0,0,0]
[1,0,0,0]
[1,0,0,0]
[1,0,0,0]
[1,0,0,0]
[1,0,0,0]
[1,0,0,0]
[1,0,0,0]
[1,0,0,0]
[1,0,0,0]
[1,0,0,0]
[1,0,0,0]
[1,0,0,0]
[1,0,0,0]
[1,0,0,0]
[1,0,0,0]
[1,0,0,0]
[1,0,0,0]
[1,0,0,0]
[1,0,0,0]
[1,0,0,0]
[1,0,0,0]
[1,0,0,0]
[1,0,0,0]
[1,0,0,0]
[1,0,0,0]
[1,0,0,0]
[1,0,0,0]
[1,0,0,0]
[1,0,0,0]
[1,0,0,0]
[1,0,0,0]
[1,0,0,0]
[1,0,0,0]
[1,0,0,0]
[1,0,0,0]
[1,0,0,0]
[1,0,0,0]
[1,0,0,0]
[1,0,0,0]
[1,0,0,0]
[1,0,0,0]
[1,0,0,0]
[1,0,0,0]
[1,0,0,0]
[1,0,0,0]
[1,0,0,0]
[1,0,0,0]
[1,0,0,0]
[1,0,0,0]
[1,0,0,0]
[1,0,0,0]
[1,0,0,0]
[1,0,0,0]
[1,0,0,0]
[1,0,0,0]
[1,0,0,0]
[1,0,0,0]
[1,0,0,0]
[1,0,0,0]
[1,0,0,0]
[1,0,0,0]
[1,0,0,0]
[1,0,0,0]
[1,0,0,0]
[1,0,0,0]
[1,0,0,0]
[1,0,0,0]
[1,0,0,0]
[1,0,0,0]
[1,0,0,0]
[1,0,0,0]
[1,0,0,0]
[1,0,0,0]
[1,0,0,0]
[1,0,0,0]
[1,0,0,0]
[1,0,0,0]
[1,0,0,0]
[1,0,0,0]
[1,0,0,0]
[1,0,0,0]
[1,0,0,0]
[1,0,0,0]
[1,0,0,0]
[1,0,0,0]
[1,0,0,0]
[1,0,0,0]
[1,0,0,0]
[1,0,0,0]
[1,0,0,0]
[1,0,0,0]
[1,0,0,0]
[1,0,0,0]
[1,0,0,0]
[1,0,0,0]
[1,0,0,0]
[1,0,0,0]
[1,0,0,0]
[1,0,0,0]
[1,0,0,0]
[1,0,0,0]
[1,0,0,0]
[1,0,0,0]
[1,0,0,0]
[1,0,0,0]
[1,0,0,0]
[1,0,0,0]
[1,0,0,0]
[1,0,0,0]
[1,0,0,0]
[1,0,0,0]
[1,0,0,0]
[1,0,0,0]
[1,0,0,0]
[1,0,0,0]
[1,0,0,0]
[1,0,0,0]
[1,0,0,0]
[1,0,0,0]
[1,0,0,0]
[1,0,0,0]
[1,0,0,0]
[1,0,0,0]
[1,0,0,0]
[1,0,0,0]
[1,0,0,0]
[1,0,0,0]
[1,0,0,0]
[1,0,0,0]
[1,0,0,0]
[1,0,0,0]
[1,0,0,0]
[1,0,0,0]
[1,0,0,0]
[1,0,0,0]
[1,0,0,0]
[1,0,0,0]
[1,0,0,0]
[1,0,0,0]
[1,0,0,0]
[1,0,0,0]
[1,0,0,0]
[1,0,0,0]
[1,0,0,0]
[1,0,0,0]
[1,0,0,0]
[1,0,0,0]
[1,0,0,0]
[1,0,0,0]
[1,0,0,0]
[1,0,0,0]
[1,0,0,0]
[1,0,0,0]
[1,0,0,0]
[1,0,0,0]
[1,0,0,0]
[1,0,0,0]
[1,0,0,0]
[1,0,0,0]
[1,0,0,0]
[1,0,0,0]
[1,0,0,0]
[1,0,0,0]
[1,0,0,0]
[1,0,0,0]
[1,0,0,0]
[1,0,0,0]
[1,0,0,0]
[1,0,0,0]
[1,0,0,0]
[1,0,0,0]
[1,0,0,0]
[1,0,0,0]
[1,0,0,0]
[1,0,0,0]
[1,0,0,0]
[1,0,0,0]
[1,0,0,0]
[1,0,0,0]
[1,0,0,0]
