960
10
[0.003125,0,0]
[0.00625,0,0]
[0.009375,0,0]
[0.0125,0,0]
[0.015625,0,0]
[0.01875,0,0]
[0.021875,0,0]
[0.025,0,0]
[0.028125,0,0]
[0.03125,0,0]
[0.034375,0,0]
[0.0375,0,0]
[0.040625,0,0]
[0.04375,0,0]
[0.046875,0,0]
[0.05,0,0]
[0.053125,0,0]
[0.05625,0,0]
[0.059375,0,0]
[0.0625,0,0]
[0.065625,0,0]
[0.06875,0,0]
[0.071875,0,0]
[0.075,0,0]
[0.078125,0,0]
[0.08125,0,0]
[0.084375,0,0]
[0.0875,0,0]
[0.090625,0,0]
[0.09375,0,0]
[0.096875,0,0]
[0.1,0,0]
[0.103125,0,0]
[0.10625,0,0]
[0.109375,0,0]
[0.1125,0,0]
[0.115625,0,0]
[0.11875,0,0]
[0.121875,0,0]
[0.125,0,0]
[0.128125,0,0]
[0.13125,0,0]
[0.134375,0,0]
[0.1375,0,0]
[0.140625,0,0]
[0.14375,0,0]
[0.146875,0,0]
[0.15,0,0]
[0.153125,0,0]
[0.15625,0,0]
[0.159375,0,0]
[0.1625,0,0]
[0.165625,0,0]
[0.16875,0,0]
[0.171875,0,0]
[0.175,0,0]
[0.178125,0,0]
[0.18125,0,0]
[0.184375,0,0]
[0.1875,0,0]
[0.190625,0,0]
[0.19375,0,0]
[0.196875,0,0]
[0.2,0,0]
[0.203125,0,0]
[0.20625,0,0]
[0.209375,0,0]
[0.2125,0,0]
[0.215625,0,0]
[0.21875,0,0]
[0.221875,0,0]
[0.225,0,0]
[0.228125,0,0]
[0.23125,0,0]
[0.234375,0,0]
[0.2375,0,0]
[0.240625,0,0]
[0.24375,0,0]
[0.246875,0,0]
[0.25,0,0]
[0.253125,0,0]
[0.25625,0,0]
[0.259375,0,0]
[0.2625,0,0]
[0.265625,0,0]
[0.26875,0,0]
[0.271875,0,0]
[0.275,0,0]
[0.278125,0,0]
[0.28125,0,0]
[0.284375,0,0]
[0.2875,0,0]
[0.290625,0,0]
[0.29375,0,0]
[0.296875,0,0]
[0.3,0,0]
[0.303125,0,0]
[0.30625,0,0]
[0.309375,0,0]
[0.3125,0,0]
[0.315625,0,0]
[0.31875,0,0]
[0.321875,0,0]
[0.325,0,0]
[0.328125,0,0]
[0.33125,0,0]
[0.334375,0,0]
[0.3375,0,0]
[0.340625,0,0]
[0.34375,0,0]
[0.346875,0,0]
[0.35,0,0]
[0.353125,0,0]
[0.35625,0,0]
[0.359375,0,0]
[0.3625,0,0]
[0.365625,0,0]
[0.36875,0,0]
[0.371875,0,0]
[0.375,0,0]
[0.378125,0,0]
[0.38125,0,0]
[0.384375,0,0]
[0.3875,0,0]
[0.390625,0,0]
[0.39375,0,0]
[0.396875,0,0]
[0.4,0,0]
[0.403125,0,0]
[0.40625,0,0]
[0.409375,0,0]
[0.4125,0,0]
[0.415625,0,0]
[0.41875,0,0]
[0.421875,0,0]
[0.425,0,0]
[0.428125,0,0]
[0.43125,0,0]
[0.434375,0,0]
[0.4375,0,0]
[0.440625,0,0]
[0.44375,0,0]
[0.446875,0,0]
[0.45,0,0]
[0.453125,0,0]
[0.45625,0,0]
[0.459375,0,0]
[0.4625,0,0]
[0.465625,0,0]
[0.46875,0,0]
[0.471875,0,0]
[0.475,0,0]
[0.478125,0,0]
[0.48125,0,0]
[0.484375,0,0]
[0.4875,0,0]
[0.490625,0,0]
[0.49375,0,0]
[0.496875,0,0]
[0.5,0,0]
[0.503125,0,0]
[0.50625,0,0]
[0.509375,0,0]
[0.5125,0,0]
[0.515625,0,0]
[0.51875,0,0]
[0.521875,0,0]
[0.525,0,0]
[0.528125,0,0]
[0.53125,0,0]
[0.534375,0,0]
[0.5375,0,0]
[0.540625,0,0]
[0.54375,0,0]
[0.546875,0,0]
[0.55,0,0]
[0.553125,0,0]
[0.55625,0,0]
[0.559375,0,0]
[0.5625,0,0]
[0.565625,0,0]
[0.56875,0,0]
[0.571875,0,0]
[0.575,0,0]
[0.578125,0,0]
[0.58125,0,0]
[0.584375,0,0]
[0.5875,0,0]
[0.590625,0,0]
[0.59375,0,0]
[0.596875,0,0]
[0.6,0,0]
[0.603125,0,0]
[0.60625,0,0]
[0.609375,0,0]
[0.6125,0,0]
[0.615625,0,0]
[0.61875,0,0]
[0.621875,0,0]
[0.625,0,0]
[0.628125,0,0]
[0.63125,0,0]
[0.634375,0,0]
[0.6375,0,0]
[0.640625,0,0]
[0.64375,0,0]
[0.646875,0,0]
[0.65,0,0]
[0.653125,0,0]
[0.65625,0,0]
[0.659375,0,0]
[0.6625,0,0]
[0.665625,0,0]
[0.66875,0,0]
[0.671875,0,0]
[0.675,0,0]
[0.678125,0,0]
[0.68125,0,0]
[0.684375,0,0]
[0.6875,0,0]
[0.690625,0,0]
[0.69375,0,0]
[0.696875,0,0]
[0.7,0,0]
[0.703125,0,0]
[0.70625,0,0]
[0.709375,0,0]
[0.7125,0,0]
[0.715625,0,0]
[0.71875,0,0]
[0.721875,0,0]
[0.725,0,0]
[0.728125,0,0]
[0.73125,0,0]
[0.734375,0,0]
[0.7375,0,0]
[0.740625,0,0]
[0.74375,0,0]
[0.746875,0,0]
[0.75,0,0]
[0.753125,0,0]
[0.75625,0,0]
[0.759375,0,0]
[0.7625,0,0]
[0.765625,0,0]
[0.76875,0,0]
[0.771875,0,0]
[0.775,0,0]
[0.778125,0,0]
[0.78125,0,0]
[0.784375,0,0]
[0.7875,0,0]
[0.790625,0,0]
[0.79375,0,0]
[0.796875,0,0]
[0.8,0,0]
[0.803125,0,0]
[0.80625,0,0]
[0.809375,0,0]
[0.8125,0,0]
[0.815625,0,0]
[0.81875,0,0]
[0.821875,0,0]
[0.825,0,0]
[0.828125,0,0]
[0.83125,0,0]
[0.834375,0,0]
[0.8375,0,0]
[0.840625,0,0]
[0.84375,0,0]
[0.846875,0,0]
[0.85,0,0]
[0.853125,0,0]
[0.85625,0,0]
[0.859375,0,0]
[0.8625,0,0]
[0.865625,0,0]
[0.86875,0,0]
[0.871875,0,0]
[0.875,0,0]
[0.878125,0,0]
[0.88125,0,0]
[0.884375,0,0]
[0.8875,0,0]
[0.890625,0,0]
[0.89375,0,0]
[0.896875,0,0]
[0.9,0,0]
[0.903125,0,0]
[0.90625,0,0]
[0.909375,0,0]
[0.9125,0,0]
[0.915625,0,0]
[0.91875,0,0]
[0.921875,0,0]
[0.925,0,0]
[0.928125,0,0]
[0.93125,0,0]
[0.934375,0,0]
[0.9375,0,0]
[0.940625,0,0]
[0.94375,0,0]
[0.946875,0,0]
[0.95,0,0]
[0.953125,0,0]
[0.95625,0,0]
[0.959375,0,0]
[0.9625,0,0]
[0.965625,0,0]
[0.96875,0,0]
[0.971875,0,0]
[0.975,0,0]
[0.978125,0,0]
[0.98125,0,0]
[0.984375,0,0]
[0.9875,0,0]
[0.990625,0,0]
[0.99375,0,0]
[0.996875,0,0]
[1,0,0]
[1.00313,0,0]
[1.00625,0,0]
[1.00937,0,0]
[1.0125,0,0]
[1.01563,0,0]
[1.01875,0,0]
[1.02188,0,0]
[1.025,0,0]
[1.02812,0,0]
[1.03125,0,0]
[1.03438,0,0]
[1.0375,0,0]
[1.04062,0,0]
[1.04375,0,0]
[1.04688,0,0]
[1.05,0,0]
[1.05313,0,0]
[1.05625,0,0]
[1.05937,0,0]
[1.0625,0,0]
[1.06563,0,0]
[1.06875,0,0]
[1.07187,0,0]
[1.075,0,0]
[1.07813,0,0]
[1.08125,0,0]
[1.08438,0,0]
[1.0875,0,0]
[1.09062,0,0]
[1.09375,0,0]
[1.09688,0,0]
[1.1,0,0]
[1.10312,0,0]
[1.10625,0,0]
[1.10938,0,0]
[1.1125,0,0]
[1.11563,0,0]
[1.11875,0,0]
[1.12187,0,0]
[1.125,0,0]
[1.12813,0,0]
[1.13125,0,0]
[1.13437,0,0]
[1.1375,0,0]
[1.14063,0,0]
[1.14375,0,0]
[1.14688,0,0]
[1.15,0,0]
[1.15312,0,0]
[1.15625,0,0]
[1.15938,0,0]
[1.1625,0,0]
[1.16562,0,0]
[1.16875,0,0]
[1.17188,0,0]
[1.175,0,0]
[1.17813,0,0]
[1.18125,0,0]
[1.18437,0,0]
[1.1875,0,0]
[1.19063,0,0]
[1.19375,0,0]
[1.19687,0,0]
[1.2,0,0]
[1.20313,0,0]
[1.20625,0,0]
[1.20938,0,0]
[1.2125,0,0]
[1.21562,0,0]
[1.21875,0,0]
[1.22188,0,0]
[1.225,0,0]
[1.22812,0,0]
[1.23125,0,0]
[1.23438,0,0]
[1.2375,0,0]
[1.24063,0,0]
[1.24375,0,0]
[1.24687,0,0]
[1.25,0,0]
[1.25313,0,0]
[1.25625,0,0]
[1.25937,0,0]
[1.2625,0,0]
[1.26563,0,0]
[1.26875,0,0]
[1.27188,0,0]
[1.275,0,0]
[1.27812,0,0]
[1.28125,0,0]
[1.28438,0,0]
[1.2875,0,0]
[1.29062,0,0]
[1.29375,0,0]
[1.29688,0,0]
[1.3,0,0]
[1.30313,0,0]
[1.30625,0,0]
[1.30937,0,0]
[1.3125,0,0]
[1.31563,0,0]
[1.31875,0,0]
[1.32187,0,0]
[1.325,0,0]
[1.32813,0,0]
[1.33125,0,0]
[1.33438,0,0]
[1.3375,0,0]
[1.34062,0,0]
[1.34375,0,0]
[1.34688,0,0]
[1.35,0,0]
[1.35312,0,0]
[1.35625,0,0]
[1.35938,0,0]
[1.3625,0,0]
[1.36563,0,0]
[1.36875,0,0]
[1.37187,0,0]
[1.375,0,0]
[1.37813,0,0]
[1.38125,0,0]
[1.38437,0,0]
[1.3875,0,0]
[1.39063,0,0]
[1.39375,0,0]
[1.39688,0,0]
[1.4,0,0]
[1.40312,0,0]
[1.40625,0,0]
[1.40938,0,0]
[1.4125,0,0]
[1.41562,0,0]
[1.41875,0,0]
[1.42188,0,0]
[1.425,0,0]
[1.42813,0,0]
[1.43125,0,0]
[1.43437,0,0]
[1.4375,0,0]
[1.44063,0,0]
[1.44375,0,0]
[1.44687,0,0]
[1.45,0,0]
[1.45313,0,0]
[1.45625,0,0]
[1.45938,0,0]
[1.4625,0,0]
[1.46562,0,0]
[1.46875,0,0]
[1.47188,0,0]
[1.475,0,0]
[1.47812,0,0]
[1.48125,0,0]
[1.48438,0,0]
[1.4875,0,0]
[1.49063,0,0]
[1.49375,0,0]
[1.49687,0,0]
[1.5,0,0]
[1.50313,0,0]
[1.50625,0,0]
[1.50937,0,0]
[1.5125,0,0]
[1.51563,0,0]
[1.51875,0,0]
[1.52188,0,0]
[1.525,0,0]
[1.52812,0,0]
[1.53125,0,0]
[1.53438,0,0]
[1.5375,0,0]
[1.54062,0,0]
[1.54375,0,0]
[1.54688,0,0]
[1.55,0,0]
[1.55313,0,0]
[1.55625,0,0]
[1.55937,0,0]
[1.5625,0,0]
[1.56563,0,0]
[1.56875,0,0]
[1.57187,0,0]
[1.575,0,0]
[1.57813,0,0]
[1.58125,0,0]
[1.58438,0,0]
[1.5875,0,0]
[1.59062,0,0]
[1.59375,0,0]
[1.59688,0,0]
[1.6,0,0]
[1.60312,0,0]
[1.60625,0,0]
[1.60938,0,0]
[1.6125,0,0]
[1.61563,0,0]
[1.61875,0,0]
[1.62187,0,0]
[1.625,0,0]
[1.62813,0,0]
[1.63125,0,0]
[1.63437,0,0]
[1.6375,0,0]
[1.64063,0,0]
[1.64375,0,0]
[1.64688,0,0]
[1.65,0,0]
[1.65312,0,0]
[1.65625,0,0]
[1.65938,0,0]
[1.6625,0,0]
[1.66562,0,0]
[1.66875,0,0]
[1.67188,0,0]
[1.675,0,0]
[1.67813,0,0]
[1.68125,0,0]
[1.68437,0,0]
[1.6875,0,0]
[1.69063,0,0]
[1.69375,0,0]
[1.69687,0,0]
[1.7,0,0]
[1.70313,0,0]
[1.70625,0,0]
[1.70938,0,0]
[1.7125,0,0]
[1.71562,0,0]
[1.71875,0,0]
[1.72188,0,0]
[1.725,0,0]
[1.72812,0,0]
[1.73125,0,0]
[1.73438,0,0]
[1.7375,0,0]
[1.74063,0,0]
[1.74375,0,0]
[1.74687,0,0]
[1.75,0,0]
[1.75313,0,0]
[1.75625,0,0]
[1.75937,0,0]
[1.7625,0,0]
[1.76563,0,0]
[1.76875,0,0]
[1.77188,0,0]
[1.775,0,0]
[1.77812,0,0]
[1.78125,0,0]
[1.78438,0,0]
[1.7875,0,0]
[1.79062,0,0]
[1.79375,0,0]
[1.79688,0,0]
[1.8,0,0]
[1.80313,0,0]
[1.80625,0,0]
[1.80937,0,0]
[1.8125,0,0]
[1.81563,0,0]
[1.81875,0,0]
[1.82187,0,0]
[1.825,0,0]
[1.82813,0,0]
[1.83125,0,0]
[1.83438,0,0]
[1.8375,0,0]
[1.84062,0,0]
[1.84375,0,0]
[1.84688,0,0]
[1.85,0,0]
[1.85312,0,0]
[1.85625,0,0]
[1.85938,0,0]
[1.8625,0,0]
[1.86563,0,0]
[1.86875,0,0]
[1.87187,0,0]
[1.875,0,0]
[1.87813,0,0]
[1.88125,0,0]
[1.88437,0,0]
[1.8875,0,0]
[1.89063,0,0]
[1.89375,0,0]
[1.89688,0,0]
[1.9,0,0]
[1.90312,0,0]
[1.90625,0,0]
[1.90938,0,0]
[1.9125,0,0]
[1.91562,0,0]
[1.91875,0,0]
[1.92188,0,0]
[1.925,0,0]
[1.92813,0,0]
[1.93125,0,0]
[1.93437,0,0]
[1.9375,0,0]
[1.94063,0,0]
[1.94375,0,0]
[1.94687,0,0]
[1.95,0,0]
[1.95313,0,0]
[1.95625,0,0]
[1.95938,0,0]
[1.9625,0,0]
[1.96562,0,0]
[1.96875,0,0]
[1.97188,0,0]
[1.975,0,0]
[1.97812,0,0]
[1.98125,0,0]
[1.98438,0,0]
[1.9875,0,0]
[1.99063,0,0]
[1.99375,0,0]
[1.99687,0,0]
[2,0,0]
[2.00312,0,0]
[2.00625,0,0]
[2.00937,0,0]
[2.0125,0,0]
[2.01563,0,0]
[2.01875,0,0]
[2.02188,0,0]
[2.025,0,0]
[2.02813,0,0]
[2.03125,0,0]
[2.03437,0,0]
[2.0375,0,0]
[2.04062,0,0]
[2.04375,0,0]
[2.04688,0,0]
[2.05,0,0]
[2.05313,0,0]
[2.05625,0,0]
[2.05938,0,0]
[2.0625,0,0]
[2.06562,0,0]
[2.06875,0,0]
[2.07187,0,0]
[2.075,0,0]
[2.07813,0,0]
[2.08125,0,0]
[2.08438,0,0]
[2.0875,0,0]
[2.09063,0,0]
[2.09375,0,0]
[2.09687,0,0]
[2.1,0,0]
[2.10312,0,0]
[2.10625,0,0]
[2.10938,0,0]
[2.1125,0,0]
[2.11563,0,0]
[2.11875,0,0]
[2.12188,0,0]
[2.125,0,0]
[2.12812,0,0]
[2.13125,0,0]
[2.13437,0,0]
[2.1375,0,0]
[2.14063,0,0]
[2.14375,0,0]
[2.14688,0,0]
[2.15,0,0]
[2.15313,0,0]
[2.15625,0,0]
[2.15937,0,0]
[2.1625,0,0]
[2.16562,0,0]
[2.16875,0,0]
[2.17188,0,0]
[2.175,0,0]
[2.17813,0,0]
[2.18125,0,0]
[2.18438,0,0]
[2.1875,0,0]
[2.19062,0,0]
[2.19375,0,0]
[2.19687,0,0]
[2.2,0,0]
[2.20313,0,0]
[2.20625,0,0]
[2.20938,0,0]
[2.2125,0,0]
[2.21563,0,0]
[2.21875,0,0]
[2.22187,0,0]
[2.225,0,0]
[2.22812,0,0]
[2.23125,0,0]
[2.23438,0,0]
[2.2375,0,0]
[2.24063,0,0]
[2.24375,0,0]
[2.24688,0,0]
[2.25,0,0]
[2.25312,0,0]
[2.25625,0,0]
[2.25937,0,0]
[2.2625,0,0]
[2.26563,0,0]
[2.26875,0,0]
[2.27188,0,0]
[2.275,0,0]
[2.27813,0,0]
[2.28125,0,0]
[2.28437,0,0]
[2.2875,0,0]
[2.29062,0,0]
[2.29375,0,0]
[2.29688,0,0]
[2.3,0,0]
[2.30313,0,0]
[2.30625,0,0]
[2.30938,0,0]
[2.3125,0,0]
[2.31562,0,0]
[2.31875,0,0]
[2.32187,0,0]
[2.325,0,0]
[2.32813,0,0]
[2.33125,0,0]
[2.33438,0,0]
[2.3375,0,0]
[2.34063,0,0]
[2.34375,0,0]
[2.34687,0,0]
[2.35,0,0]
[2.35312,0,0]
[2.35625,0,0]
[2.35938,0,0]
[2.3625,0,0]
[2.36563,0,0]
[2.36875,0,0]
[2.37188,0,0]
[2.375,0,0]
[2.37812,0,0]
[2.38125,0,0]
[2.38437,0,0]
[2.3875,0,0]
[2.39063,0,0]
[2.39375,0,0]
[2.39688,0,0]
[2.4,0,0]
[2.40313,0,0]
[2.40625,0,0]
[2.40937,0,0]
[2.4125,0,0]
[2.41562,0,0]
[2.41875,0,0]
[2.42188,0,0]
[2.425,0,0]
[2.42813,0,0]
[2.43125,0,0]
[2.43438,0,0]
[2.4375,0,0]
[2.44062,0,0]
[2.44375,0,0]
[2.44687,0,0]
[2.45,0,0]
[2.45313,0,0]
[2.45625,0,0]
[2.45938,0,0]
[2.4625,0,0]
[2.46563,0,0]
[2.46875,0,0]
[2.47187,0,0]
[2.475,0,0]
[2.47812,0,0]
[2.48125,0,0]
[2.48438,0,0]
[2.4875,0,0]
[2.49063,0,0]
[2.49375,0,0]
[2.49688,0,0]
[2.5,0,0]
[2.50312,0,0]
[2.50625,0,0]
[2.50937,0,0]
[2.5125,0,0]
[2.51563,0,0]
[2.51875,0,0]
[2.52188,0,0]
[2.525,0,0]
[2.52813,0,0]
[2.53125,0,0]
[2.53437,0,0]
[2.5375,0,0]
[2.54062,0,0]
[2.54375,0,0]
[2.54688,0,0]
[2.55,0,0]
[2.55313,0,0]
[2.55625,0,0]
[2.55938,0,0]
[2.5625,0,0]
[2.56562,0,0]
[2.56875,0,0]
[2.57187,0,0]
[2.575,0,0]
[2.57813,0,0]
[2.58125,0,0]
[2.58438,0,0]
[2.5875,0,0]
[2.59063,0,0]
[2.59375,0,0]
[2.59687,0,0]
[2.6,0,0]
[2.60312,0,0]
[2.60625,0,0]
[2.60938,0,0]
[2.6125,0,0]
[2.61563,0,0]
[2.61875,0,0]
[2.62188,0,0]
[2.625,0,0]
[2.62812,0,0]
[2.63125,0,0]
[2.63437,0,0]
[2.6375,0,0]
[2.64063,0,0]
[2.64375,0,0]
[2.64688,0,0]
[2.65,0,0]
[2.65313,0,0]
[2.65625,0,0]
[2.65937,0,0]
[2.6625,0,0]
[2.66562,0,0]
[2.66875,0,0]
[2.67188,0,0]
[2.675,0,0]
[2.67813,0,0]
[2.68125,0,0]
[2.68438,0,0]
[2.6875,0,0]
[2.69062,0,0]
[2.69375,0,0]
[2.69687,0,0]
[2.7,0,0]
[2.70313,0,0]
[2.70625,0,0]
[2.70938,0,0]
[2.7125,0,0]
[2.71563,0,0]
[2.71875,0,0]
[2.72187,0,0]
[2.725,0,0]
[2.72812,0,0]
[2.73125,0,0]
[2.73438,0,0]
[2.7375,0,0]
[2.74063,0,0]
[2.74375,0,0]
[2.74688,0,0]
[2.75,0,0]
[2.75312,0,0]
[2.75625,0,0]
[2.75937,0,0]
[2.7625,0,0]
[2.76563,0,0]
[2.76875,0,0]
[2.77188,0,0]
[2.775,0,0]
[2.77813,0,0]
[2.78125,0,0]
[2.78437,0,0]
[2.7875,0,0]
[2.79062,0,0]
[2.79375,0,0]
[2.79688,0,0]
[2.8,0,0]
[2.80313,0,0]
[2.80625,0,0]
[2.80938,0,0]
[2.8125,0,0]
[2.81562,0,0]
[2.81875,0,0]
[2.82187,0,0]
[2.825,0,0]
[2.82813,0,0]
[2.83125,0,0]
[2.83438,0,0]
[2.8375,0,0]
[2.84063,0,0]
[2.84375,0,0]
[2.84687,0,0]
[2.85,0,0]
[2.85312,0,0]
[2.85625,0,0]
[2.85938,0,0]
[2.8625,0,0]
[2.86563,0,0]
[2.86875,0,0]
[2.87188,0,0]
[2.875,0,0]
[2.87812,0,0]
[2.88125,0,0]
[2.88437,0,0]
[2.8875,0,0]
[2.89063,0,0]
[2.89375,0,0]
[2.89688,0,0]
[2.9,0,0]
[2.90313,0,0]
[2.90625,0,0]
[2.90937,0,0]
[2.9125,0,0]
[2.91562,0,0]
[2.91875,0,0]
[2.92188,0,0]
[2.925,0,0]
[2.92813,0,0]
[2.93125,0,0]
[2.93438,0,0]
[2.9375,0,0]
[2.94062,0,0]
[2.94375,0,0]
[2.94687,0,0]
[2.95,0,0]
[2.95313,0,0]
[2.95625,0,0]
[2.95938,0,0]
[2.9625,0,0]
[2.96563,0,0]
[2.96875,0,0]
[2.97187,0,0]
[2.975,0,0]
[2.97812,0,0]
[2.98125,0,0]
[2.98438,0,0]
[2.9875,0,0]
[2.99063,0,0]
[2.99375,0,0]
[2.99688,0,0]
[3,0,0]
[1,0,0,0]
[1,0,0,0]
[1,0,0,0]
[1,0,0,0]
[1,0,0,0]
[1,0,0,0]
[1,0,0,0]
[1,0,0,0]
[1,0,0,0]
[1,0,0,0]
[1,0,0,0]
[1,0,0,0]
[1,0,0,0]
[1,0,0,0]
[1,0,0,0]
[1,0,0,0]
[1,0,0,0]
[1,0,0,0]
[1,0,0,0]
[1,0,0,0]
[1,0,0,0]
[1,0,0,0]
[1,0,0,0]
[1,0,0,0]
[1,0,0,0]
[1,0,0,0]
[1,0,0,0]
[1,0,0,0]
[1,0,0,0]
[1,0,0,0]
[1,0,0,0]
[1,0,0,0]
[1,0,0,0]
[1,0,0,0]
[1,0,0,0]
[1,0,0,0]
[1,0,0,0]
[1,0,0,0]
[1,0,0,0]
[1,0,0,0]
[1,0,0,0]
[1,0,0,0]
[1,0,0,0]
[1,0,0,0]
[1,0,0,0]
[1,0,0,0]
[1,0,0,0]
[1,0,0,0]
[1,0,0,0]
[1,0,0,0]
[1,0,0,0]
[1,0,0,0]
[1,0,0,0]
[1,0,0,0]
[1,0,0,0]
[1,0,0,0]
[1,0,0,0]
[1,0,0,0]
[1,0,0,0]
[1,0,0,0]
[1,0,0,0]
[1,0,0,0]
[1,0,0,0]
[1,0,0,0]
[1,0,0,0]
[1,0,0,0]
[1,0,0,0]
[1,0,0,0]
[1,0,0,0]
[1,0,0,0]
[1,0,0,0]
[1,0,0,0]
[1,0,0,0]
[1,0,0,0]
[1,0,0,0]
[1,0,0,0]
[1,0,0,0]
[1,0,0,0]
[1,0,0,0]
[1,0,0,0]
[1,0,0,0]
[1,0,0,0]
[1,0,0,0]
[1,0,0,0]
[1,0,0,0]
[1,0,0,0]
[1,0,0,0]
[1,0,0,0]
[1,0,0,0]
[1,0,0,0]
[1,0,0,0]
[1,0,0,0]
[1,0,0,0]
[1,0,0,0]
[1,0,0,0]
[1,0,0,0]
[1,0,0,0]
[1,0,0,0]
[1,0,0,0]
[1,0,0,0]
[1,0,0,0]
[1,0,0,0]
[1,0,0,0]
[1,0,0,0]
[1,0,0,0]
[1,0,0,0]
[1,0,0,0]
[1,0,0,0]
[1,0,0,0]
[1,0,0,0]
[1,0,0,0]
[1,0,0,0]
[1,0,0,0]
[1,0,0,0]
[1,0,0,0]
[1,0,0,0]
[1,0,0,0]
[1,0,0,0]
[1,0,0,0]
[1,0,0,0]
[1,0,0,0]
[1,0,0,0]
[1,0,0,0]
[1,0,0,0]
[1,0,0,0]
[1,0,0,0]
[1,0,0,0]
[1,0,0,0]
[1,0,0,0]
[1,0,0,0]
[1,0,0,0]
[1,0,0,0]
[1,0,0,0]
[1,0,0,0]
[1,0,0,0]
[1,0,0,0]
[1,0,0,0]
[1,0,0,0]
[1,0,0,0]
[1,0,0,0]
[1,0,0,0]
[1,0,0,0]
[1,0,0,0]
[1,0,0,0]
[1,0,0,0]
[1,0,0,0]
[1,0,0,0]
[1,0,0,0]
[1,0,0,0]
[1,0,0,0]
[1,0,0,0]
[1,0,0,0]
[1,0,0,0]
[1,0,0,0]
[1,0,0,0]
[1,0,0,0]
[1,0,0,0]
[1,0,0,0]
[1,0,0,0]
[1,0,0,0]
[1,0,0,0]
[1,0,0,0]
[1,0,0,0]
[1,0,0,0]
[1,0,0,0]
[1,0,0,0]
[1,0,0,0]
[1,0,0,0]
[1,0,0,0]
[1,0,0,0]
[1,0,0,0]
[1,0,0,0]
[1,0,0,0]
[1,0,0,0]
[1,0,0,0]
[1,0,0,0]
[1,0,0,0]
[1,0,0,0]
[1,0,0,0]
[1,0,0,0]
[1,0,0,0]
[1,0,0,0]
[1,0,0,0]
[1,0,0,0]
[1,0,0,0]
[1,0,0,0]
[1,0,0,0]
[1,0,0,0]
[1,0,0,0]
[1,0,0,0]
[1,0,0,0]
[1,0,0,0]
[1,0,0,0]
[1,0,0,0]
[1,0,0,0]
[1,0,0,0]
[1,0,0,0]
[1,0,0,0]
[1,0,0,0]
[1,0,0,0]
[1,0,0,0]
[1,0,0,0]
[1,0,0,0]
[1,0,0,0]
[1,0,0,0]
[1,0,0,0]
[1,0,0,0]
[1,0,0,0]
[1,0,0,0]
[1,0,0,0]
[1,0,0,0]
[1,0,0,0]
[1,0,0,0]
[1,0,0,0]
[1,0,0,0]
[1,0,0,0]
[1,0,0,0]
[1,0,0,0]
[1,0,0,0]
[1,0,0,0]
[1,0,0,0]
[1,0,0,0]
[1,0,0,0]
[1,0,0,0]
[1,0,0,0]
[1,0,0,0]
[1,0,0,0]
[1,0,0,0]
[1,0,0,0]
[1,0,0,0]
[1,0,0,0]
[1,0,0,0]
[1,0,0,0]
[1,0,0,0]
[1,0,0,0]
[1,0,0,0]
[1,0,0,0]
[1,0,0,0]
[1,0,0,0]
[1,0,0,0]
[1,0,0,0]
[1,0,0,0]
[1,0,0,0]
[1,0,0,0]
[1,0,0,0]
[1,0,0,0]
[1,0,0,0]
[1,0,0,0]
[1,0,0,0]
[1,0,0,0]
[1,0,0,0]
[1,0,0,0]
[1,0,0,0]
[1,0,0,0]
[1,0,0,0]
[1,0,0,0]
[1,0,0,0]
[1,0,0,0]
[1,0,0,0]
[1,0,0,0]
[1,0,0,0]
[1,0,0,0]
[1,0,0,0]
[1,0,0,0]
[1,0,0,0]
[1,0,0,0]
[1,0,0,0]
[1,0,0,0]
[1,0,0,0]
[1,0,0,0]
[1,0,0,0]
[1,0,0,0]
[1,0,0,0]
[1,0,0,0]
[1,0,0,0]
[1,0,0,0]
[1,0,0,0]
[1,0,0,0]
[1,0,0,0]
[1,0,0,0]
[1,0,0,0]
[1,0,0,0]
[1,0,0,0]
[1,0,0,0]
[1,0,0,0]
[1,0,0,0]
[1,0,0,0]
[1,0,0,0]
[1,0,0,0]
[1,0,0,0]
[1,0,0,0]
[1,0,0,0]
[1,0,0,0]
[1,0,0,0]
[1,0,0,0]
[1,0,0,0]
[1,0,0,0]
[1,0,0,0]
[1,0,0,0]
[1,0,0,0]
[1,0,0,0]
[1,0,0,0]
[1,0,0,0]
[1,0,0,0]
[1,0,0,0]
[1,0,0,0]
[1,0,0,0]
[1,0,0,0]
[1,0,0,0]
[1,0,0,0]
[1,0,0,0]
[1,0,0,0]
[1,0,0,0]
[1,0,0,0]
[1,0,0,0]
[1,0,0,0]
[1,0,0,0]
[1,0,0,0]
[1,0,0,0]
[1,0,0,0]
[1,0,0,0]
[1,0,0,0]
[1,0,0,0]
[1,0,0,0]
[1,0,0,0]
[1,0,0,0]
[1,0,0,0]
[1,0,0,0]
[1,0,0,0]
[1,0,0,0]
[1,0,0,0]
[1,0,0,0]
[1,0,0,0]
[1,0,0,0]
[1,0,0,0]
[1,0,0,0]
[1,0,0,0]
[1,0,0,0]
[1,0,0,0]
[1,0,0,0]
[1,0,0,0]
[1,0,0,0]
[1,0,0,0]
[1,0,0,0]
[1,0,0,0]
[1,0,0,0]
[1,0,0,0]
[1,0,0,0]
[1,0,0,0]
[1,0,0,0]
[1,0,0,0]
[1,0,0,0]
[1,0,0,0]
[1,0,0,0]
[1,0,0,0]
[1,0,0,0]
[1,0,0,0]
[1,0,0,0]
[1,0,0,0]
[1,0,0,0]
[1,0,0,0]
[1,0,0,0]
[1,0,0,0]
[1,0,0,0]
[1,0,0,0]
[1,0,0,0]
[1,0,0,0]
[1,0,0,0]
[1,0,0,0]
[1,0,0,0]
[1,0,0,0]
[1,0,0,0]
[1,0,0,0]
[1,0,0,0]
[1,0,0,0]
[1,0,0,0]
[1,0,0,0]
[1,0,0,0]
[1,0,0,0]
[1,0,0,0]
[1,0,0,0]
[1,0,0,0]
[1,0,0,0]
[1,0,0,0]
[1,0,0,0]
[1,0,0,0]
[1,0,0,0]
[1,0,0,0]
[1,0,0,0]
[1,0,0,0]
[1,0,0,0]
[1,0,0,0]
[1,0,0,0]
[1,0,0,0]
[1,0,0,0]
[1,0,0,0]
[1,0,0,0]
[1,0,0,0]
[1,0,0,0]
[1,0,0,0]
[1,0,0,0]
[1,0,0,0]
[1,0,0,0]
[1,0,0,0]
[1,0,0,0]
[1,0,0,0]
[1,0,0,0]
[1,0,0,0]
[1,0,0,0]
[1,0,0,0]
[1,0,0,0]
[1,0,0,0]
[1,0,0,0]
[1,0,0,0]
[1,0,0,0]
[1,0,0,0]
[1,0,0,0]
[1,0,0,0]
[1,0,0,0]
[1,0,0,0]
[1,0,0,0]
[1,0,0,0]
[1,0,0,0]
[1,0,0,0]
[1,0,0,0]
[1,0,0,0]
[1,0,0,0]
[1,0,0,0]
[1,0,0,0]
[1,0,0,0]
[1,0,0,0]
[1,0,0,0]
[1,0,0,0]
[1,0,0,0]
[1,0,0,0]
[1,0,0,0]
[1,0,0,0]
[1,0,0,0]
[1,0,0,0]
[1,0,0,0]
[1,0,0,0]
[1,0,0,0]
[1,0,0,0]
[1,0,0,0]
[1,0,0,0]
[1,0,0,0]
[1,0,0,0]
[1,0,0,0]
[1,0,0,0]
[1,0,0,0]
[1,0,0,0]
[1,0,0,0]
[1,0,0,0]
[1,0,0,0]
[1,0,0,0]
[1,0,0,0]
[1,0,0,0]
[1,0,0,0]
[1,0,0,0]
[1,0,0,0]
[1,0,0,0]
[1,0,0,0]
[1,0,0,0]
[1,0,0,0]
[1,0,0,0]
[1,0,0,0]
[1,0,0,0]
[1,0,0,0]
[1,0,0,0]
[1,0,0,0]
[1,0,0,0]
[1,0,0,0]
[1,0,0,0]
[1,0,0,0]
[1,0,0,0]
[1,0,0,0]
[1,0,0,0]
[1,0,0,0]
[1,0,0,0]
[1,0,0,0]
[1,0,0,0]
[1,0,0,0]
[1,0,0,0]
[1,0,0,0]
[1,0,0,0]
[1,0,0,0]
[1,0,0,0]
[1,0,0,0]
[1,0,0,0]
[1,0,0,0]
[1,0,0,0]
[1,0,0,0]
[1,0,0,0]
[1,0,0,0]
[1,0,0,0]
[1,0,0,0]
[1,0,0,0]
[1,0,0,0]
[1,0,0,0]
[1,0,0,0]
[1,0,0,0]
[1,0,0,0]
[1,0,0,0]
[1,0,0,0]
[1,0,0,0]
[1,0,0,0]
[1,0,0,0]
[1,0,0,0]
[1,0,0,0]
[1,0,0,0]
[1,0,0,0]
[1,0,0,0]
[1,0,0,0]
[1,0,0,0]
[1,0,0,0]
[1,0,0,0]
[1,0,0,0]
[1,0,0,0]
[1,0,0,0]
[1,0,0,0]
[1,0,0,0]
[1,0,0,0]
[1,0,0,0]
[1,0,0,0]
[1,0,0,0]
[1,0,0,0]
[1,0,0,0]
[1,0,0,0]
[1,0,0,0]
[1,0,0,0]
[1,0,0,0]
[1,0,0,0]
[1,0,0,0]
[1,0,0,0]
[1,0,0,0]
[1,0,0,0]
[1,0,0,0]
[1,0,0,0]
[1,0,0,0]
[1,0,0,0]
[1,0,0,0]
[1,0,0,0]
[1,0,0,0]
[1,0,0,0]
[1,0,0,0]
[1,0,0,0]
[1,0,0,0]
[1,0,0,0]
[1,0,0,0]
[1,0,0,0]
[1,0,0,0]
[1,0,0,0]
[1,0,0,0]
[1,0,0,0]
[1,0,0,0]
[1,0,0,0]
[1,0,0,0]
[1,0,0,0]
[1,0,0,0]
[1,0,0,0]
[1,0,0,0]
[1,0,0,0]
[1,0,0,0]
[1,0,0,0]
[1,0,0,0]
[1,0,0,0]
[1,0,0,0]
[1,0,0,0]
[1,0,0,0]
[1,0,0,0]
[1,0,0,0]
[1,0,0,0]
[1,0,0,0]
[1,0,0,0]
[1,0,0,0]
[1,0,0,0]
[1,0,0,0]
[1,0,0,0]
[1,0,0,0]
[1,0,0,0]
[1,0,0,0]
[1,0,0,0]
[1,0,0,0]
[1,0,0,0]
[1,0,0,0]
[1,0,0,0]
[1,0,0,0]
[1,0,0,0]
[1,0,0,0]
[1,0,0,0]
[1,0,0,0]
[1,0,0,0]
[1,0,0,0]
[1,0,0,0]
[1,0,0,0]
[1,0,0,0]
[1,0,0,0]
[1,0,0,0]
[1,0,0,0]
[1,0,0,0]
[1,0,0,0]
[1,0,0,0]
[1,0,0,0]
[1,0,0,0]
[1,0,0,0]
[1,0,0,0]
[1,0,0,0]
[1,0,0,0]
[1,0,0,0]
[1,0,0,0]
[1,0,0,0]
[1,0,0,0]
[1,0,0,0]
[1,0,0,0]
[1,0,0,0]
[1,0,0,0]
[1,0,0,0]
[1,0,0,0]
[1,0,0,0]
[1,0,0,0]
[1,0,0,0]
[1,0,0,0]
[1,0,0,0]
[1,0,0,0]
[1,0,0,0]
[1,0,0,0]
[1,0,0,0]
[1,0,0,0]
[1,0,0,0]
[1,0,0,0]
[1,0,0,0]
[1,0,0,0]
[1,0,0,0]
[1,0,0,0]
[1,0,0,0]
[1,0,0,0]
[1,0,0,0]
[1,0,0,0]
[1,0,0,0]
[1,0,0,0]
[1,0,0,0]
[1,0,0,0]
[1,0,0,0]
[1,0,0,0]
[1,0,0,0]
[1,0,0,0]
[1,0,0,0]
[1,0,0,0]
[1,0,0,0]
[1,0,0,0]
[1,0,0,0]
[1,0,0,0]
[1,0,0,0]
[1,0,0,0]
[1,0,0,0]
[1,0,0,0]
[1,0,0,0]
[1,0,0,0]
[1,0,0,0]
[1,0,0,0]
[1,0,0,0]
[1,0,0,0]
[1,0,0,0]
[1,0,0,0]
[1,0,0,0]
[1,0,0,0]
[1,0,0,0]
[1,0,0,0]
[1,0,0,0]
[1,0,0,0]
[1,0,0,0]
[1,0,0,0]
[1,0,0,0]
[1,0,0,0]
[1,0,0,0]
[1,0,0,0]
[1,0,0,0]
[1,0,0,0]
[1,0,0,0]
[1,0,0,0]
[1,0,0,0]
[1,0,0,0]
[1,0,0,0]
[1,0,0,0]
[1,0,0,0]
[1,0,0,0]
[1,0,0,0]
[1,0,0,0]
[1,0,0,0]
[1,0,0,0]
[1,0,0,0]
[1,0,0,0]
[1,0,0,0]
[1,0,0,0]
[1,0,0,0]
[1,0,0,0]
[1,0,0,0]
[1,0,0,0]
[1,0,0,0]
[1,0,0,0]
[1,0,0,0]
[1,0,0,0]
[1,0,0,0]
[1,0,0,0]
[1,0,0,0]
[1,0,0,0]
[1,0,0,0]
[1,0,0,0]
[1,0,0,0]
[1,0,0,0]
[1,0,0,0]
[1,0,0,0]
[1,0,0,0]
[1,0,0,0]
[1,0,0,0]
[1,0,0,0]
[1,0,0,0]
[1,0,0,0]
[1,0,0,0]
[1,0,0,0]
[1,0,0,0]
[1,0,0,0]
[1,0,0,0]
[1,0,0,0]
[1,0,0,0]
[1,0,0,0]
[1,0,0,0]
[1,0,0,0]
[1,0,0,0]
[1,0,0,0]
[1,0,0,0]
[1,0,0,0]
[1,0,0,0]
[1,0,0,0]
[1,0,0,0]
[1,0,0,0]
[1,0,0,0]
[1,0,0,0]
[1,0,0,0]
[1,0,0,0]
[1,0,0,0]
[1,0,0,0]
[1,0,0,0]
[1,0,0,0]
[1,0,0,0]
[1,0,0,0]
[1,0,0,0]
[1,0,0,0]
[1,0,0,0]
[1,0,0,0]
[1,0,0,0]
[1,0,0,0]
[1,0,0,0]
[1,0,0,0]
[1,0,0,0]
[1,0,0,0]
[1,0,0,0]
[1,0,0,0]
[1,0,0,0]
[1,0,0,0]
[1,0,0,0]
[1,0,0,0]
[1,0,0,0]
[1,0,0,0]
[1,0,0,0]
[1,0,0,0]
[1,0,0,0]
[1,0,0,0]
[1,0,0,0]
[1,0,0,0]
[1,0,0,0]
[1,0,0,0]
[1,0,0,0]
[1,0,0,0]
[1,0,0,0]
[1,0,0,0]
[1,0,0,0]
[1,0,0,0]
[1,0,0,0]
[1,0,0,0]
[1,0,0,0]
[1,0,0,0]
[1,0,0,0]
[1,0,0,0]
[1,0,0,0]
[1,0,0,0]
[1,0,0,0]
[1,0,0,0]
[1,0,0,0]
[1,0,0,0]
[1,0,0,0]
[1,0,0,0]
[1,0,0,0]
[1,0,0,0]
[1,0,0,0]
[1,0,0,0]
[1,0,0,0]
[1,0,0,0]
[1,0,0,0]
[1,0,0,0]
[1,0,0,0]
[1,0,0,0]
[1,0,0,0]
[1,0,0,0]
[1,0,0,0]
[1,0,0,0]
[1,0,0,0]
[1,0,0,0]
[1,0,0,0]
[1,0,0,0]
[1,0,0,0]
[1,0,0,0]
[1,0,0,0]
[1,0,0,0]
[1,0,0,0]
[1,0,0,0]
[1,0,0,0]
[1,0,0,0]
[1,0,0,0]
[1,0,0,0]
[1,0,0,0]
[1,0,0,0]
[1,0,0,0]
[1,0,0,0]
[1,0,0,0]
[1,0,0,0]
[1,0,0,0]
[1,0,0,0]
[1,0,0,0]
[1,0,0,0]
[1,0,0,0]
[1,0,0,0]
[1,0,0,0]
[1,0,0,0]
[1,0,0,0]
[1,0,0,0]
[1,0,0,0]
[1,0,0,0]
[1,0,0,0]
[1,0,0,0]
[1,0,0,0]
[1,0,0,0]
[1,0,0,0]
[1,0,0,0]
[1,0,0,0]
[1,0,0,0]
[1,0,0,0]
[1,0,0,0]
[1,0,0,0]
[1,0,0,0]
[1,0,0,0]
[1,0,0,0]
[1,0,0,0]
[1,0,0,0]
[1,0,0,0]
[1,0,0,0]
[1,0,0,0]
[1,0,0,0]
[1,0,0,0]
[1,0,0,0]
[1,0,0,0]
[1,0,0,0]
[1,0,0,0]
[1,0,0,0]
[1,0,0,0]
[1,0,0,0]
[1,0,0,0]
[1,0,0,0]
[1,0,0,0]
[1,0,0,0]
[1,0,0,0]
[1,0,0,0]
[1,0,0,0]
[1,0,0,0]
[1,0,0,0]
[1,0,0,0]
[1,0,0,0]
[1,0,0,0]
[1,0,0,0]
[1,0,0,0]
[1,0,0,0]
[1,0,0,0]
[1,0,0,0]
[1,0,0,0]
[1,0,0,0]
[1,0,0,0]
[1,0,0,0]
[1,0,0,0]
[1,0,0,0]
[1,0,0,0]
[1,0,0,0]
[1,0,0,0]
[1,0,0,0]
[1,0,0,0]
[1,0,0,0]
[1,0,0,0]
[1,0,0,0]
[1,0,0,0]
[1,0,0,0]
[1,0,0,0]
[1,0,0,0]
[1,0,0,0]
[1,0,0,0]
[1,0,0,0]
[1,0,0,0]
[1,0,0,0]
[1,0,0,0]
[1,0,0,0]
[1,0,0,0]
[1,0,0,0]
[1,0,0,0]
[1,0,0,0]
[1,0,0,0]
[1,0,0,0]
[1,0,0,0]
[1,0,0,0]
[1,0,0,0]
[1,0,0,0]
[1,0,0,0]
[1,0,0,0]
[1,0,0,0]
[1,0,0,0]
[1,0,0,0]
[1,0,0,0]
[1,0,0,0]
[1,0,0,0]
[1,0,0,0]
[1,0,0,0]
[1,0,0,0]
[1,0,0,0]
[1,0,0,0]
[1,0,0,0]
[1,0,0,0]
[1,0,0,0]
[1,0,0,0]
[1,0,0,0]
[1,0,0,0]
[1,0,0,0]
[1,0,0,0]
[1,0,0,0]
[1,0,0,0]
[1,0,0,0]
[1,0,0,0]
[1,0,0,0]
[1,0,0,0]
[1,0,0,0]
[1,0,0,0]
[1,0,0,0]
[1,0,0,0]
[1,0,0,0]
[1,0,0,0]
[1,0,0,0]
[1,0,0,0]
[1,0,0,0]
[1,0,0,0]
[1,0,0,0]
[1,0,0,0]
[1,0,0,0]
[1,0,0,0]
[1,0,0,0]
