390
10
[0.00769231,0,0]
[0.0153846,0,0]
[0.0230769,0,0]
[0.0307692,0,0]
[0.0384615,0,0]
[0.0461538,0,0]
[0.0538462,0,0]
[0.0615385,0,0]
[0.0692308,0,0]
[0.0769231,0,0]
[0.0846154,0,0]
[0.0923077,0,0]
[0.1,0,0]
[0.107692,0,0]
[0.115385,0,0]
[0.123077,0,0]
[0.130769,0,0]
[0.138462,0,0]
[0.146154,0,0]
[0.153846,0,0]
[0.161538,0,0]
[0.169231,0,0]
[0.176923,0,0]
[0.184615,0,0]
[0.192308,0,0]
[0.2,0,0]
[0.207692,0,0]
[0.215385,0,0]
[0.223077,0,0]
[0.230769,0,0]
[0.238462,0,0]
[0.246154,0,0]
[0.253846,0,0]
[0.261538,0,0]
[0.269231,0,0]
[0.276923,0,0]
[0.284615,0,0]
[0.292308,0,0]
[0.3,0,0]
[0.307692,0,0]
[0.315385,0,0]
[0.323077,0,0]
[0.330769,0,0]
[0.338462,0,0]
[0.346154,0,0]
[0.353846,0,0]
[0.361538,0,0]
[0.369231,0,0]
[0.376923,0,0]
[0.384615,0,0]
[0.392308,0,0]
[0.4,0,0]
[0.407692,0,0]
[0.415385,0,0]
[0.423077,0,0]
[0.430769,0,0]
[0.438462,0,0]
[0.446154,0,0]
[0.453846,0,0]
[0.461538,0,0]
[0.469231,0,0]
[0.476923,0,0]
[0.484615,0,0]
[0.492308,0,0]
[0.5,0,0]
[0.507692,0,0]
[0.515385,0,0]
[0.523077,0,0]
[0.530769,0,0]
[0.538462,0,0]
[0.546154,0,0]
[0.553846,0,0]
[0.561538,0,0]
[0.569231,0,0]
[0.576923,0,0]
[0.584615,0,0]
[0.592308,0,0]
[0.6,0,0]
[0.607692,0,0]
[0.615385,0,0]
[0.623077,0,0]
[0.630769,0,0]
[0.638462,0,0]
[0.646154,0,0]
[0.653846,0,0]
[0.661538,0,0]
[0.669231,0,0]
[0.676923,0,0]
[0.684615,0,0]
[0.692308,0,0]
[0.7,0,0]
[0.707692,0,0]
[0.715385,0,0]
[0.723077,0,0]
[0.730769,0,0]
[0.738462,0,0]
[0.746154,0,0]
[0.753846,0,0]
[0.761538,0,0]
[0.769231,0,0]
[0.776923,0,0]
[0.784615,0,0]
[0.792308,0,0]
[0.8,0,0]
[0.807692,0,0]
[0.815385,0,0]
[0.823077,0,0]
[0.830769,0,0]
[0.838462,0,0]
[0.846154,0,0]
[0.853846,0,0]
[0.861538,0,0]
[0.869231,0,0]
[0.876923,0,0]
[0.884615,0,0]
[0.892308,0,0]
[0.9,0,0]
[0.907692,0,0]
[0.915385,0,0]
[0.923077,0,0]
[0.930769,0,0]
[0.938462,0,0]
[0.946154,0,0]
[0.953846,0,0]
[0.961538,0,0]
[0.969231,0,0]
[0.976923,0,0]
[0.984615,0,0]
[0.992308,0,0]
[1,0,0]
[1.00769,0,0]
[1.01538,0,0]
[1.02308,0,0]
[1.03077,0,0]
[1.03846,0,0]
[1.04615,0,0]
[1.05385,0,0]
[1.06154,0,0]
[1.06923,0,0]
[1.07692,0,0]
[1.08462,0,0]
[1.09231,0,0]
[1.1,0,0]
[1.10769,0,0]
[1.11538,0,0]
[1.12308,0,0]
[1.13077,0,0]
[1.13846,0,0]
[1.14615,0,0]
[1.15385,0,0]
[1.16154,0,0]
[1.16923,0,0]
[1.17692,0,0]
[1.18462,0,0]
[1.19231,0,0]
[1.2,0,0]
[1.20769,0,0]
[1.21538,0,0]
[1.22308,0,0]
[1.23077,0,0]
[1.23846,0,0]
[1.24615,0,0]
[1.25385,0,0]
[1.26154,0,0]
[1.26923,0,0]
[1.27692,0,0]
[1.28462,0,0]
[1.29231,0,0]
[1.3,0,0]
[1.30769,0,0]
[1.31538,0,0]
[1.32308,0,0]
[1.33077,0,0]
[1.33846,0,0]
[1.34615,0,0]
[1.35385,0,0]
[1.36154,0,0]
[1.36923,0,0]
[1.37692,0,0]
[1.38462,0,0]
[1.39231,0,0]
[1.4,0,0]
[1.40769,0,0]
[1.41538,0,0]
[1.42308,0,0]
[1.43077,0,0]
[1.43846,0,0]
[1.44615,0,0]
[1.45385,0,0]
[1.46154,0,0]
[1.46923,0,0]
[1.47692,0,0]
[1.48462,0,0]
[1.49231,0,0]
[1.5,0,0]
[1.50769,0,0]
[1.51538,0,0]
[1.52308,0,0]
[1.53077,0,0]
[1.53846,0,0]
[1.54615,0,0]
[1.55385,0,0]
[1.56154,0,0]
[1.56923,0,0]
[1.57692,0,0]
[1.58462,0,0]
[1.59231,0,0]
[1.6,0,0]
[1.60769,0,0]
[1.61538,0,0]
[1.62308,0,0]
[1.63077,0,0]
[1.63846,0,0]
[1.64615,0,0]
[1.65385,0,0]
[1.66154,0,0]
[1.66923,0,0]
[1.67692,0,0]
[1.68462,0,0]
[1.69231,0,0]
[1.7,0,0]
[1.70769,0,0]
[1.71538,0,0]
[1.72308,0,0]
[1.73077,0,0]
[1.73846,0,0]
[1.74615,0,0]
[1.75385,0,0]
[1.76154,0,0]
[1.76923,0,0]
[1.77692,0,0]
[1.78462,0,0]
[1.79231,0,0]
[1.8,0,0]
[1.80769,0,0]
[1.81538,0,0]
[1.82308,0,0]
[1.83077,0,0]
[1.83846,0,0]
[1.84615,0,0]
[1.85385,0,0]
[1.86154,0,0]
[1.86923,0,0]
[1.87692,0,0]
[1.88462,0,0]
[1.89231,0,0]
[1.9,0,0]
[1.90769,0,0]
[1.91538,0,0]
[1.92308,0,0]
[1.93077,0,0]
[1.93846,0,0]
[1.94615,0,0]
[1.95385,0,0]
[1.96154,0,0]
[1.96923,0,0]
[1.97692,0,0]
[1.98462,0,0]
[1.99231,0,0]
[2,0,0]
[2.00769,0,0]
[2.01538,0,0]
[2.02308,0,0]
[2.03077,0,0]
[2.03846,0,0]
[2.04615,0,0]
[2.05385,0,0]
[2.06154,0,0]
[2.06923,0,0]
[2.07692,0,0]
[2.08462,0,0]
[2.09231,0,0]
[2.1,0,0]
[2.10769,0,0]
[2.11538,0,0]
[2.12308,0,0]
[2.13077,0,0]
[2.13846,0,0]
[2.14615,0,0]
[2.15385,0,0]
[2.16154,0,0]
[2.16923,0,0]
[2.17692,0,0]
[2.18462,0,0]
[2.19231,0,0]
[2.2,0,0]
[2.20769,0,0]
[2.21538,0,0]
[2.22308,0,0]
[2.23077,0,0]
[2.23846,0,0]
[2.24615,0,0]
[2.25385,0,0]
[2.26154,0,0]
[2.26923,0,0]
[2.27692,0,0]
[2.28462,0,0]
[2.29231,0,0]
[2.3,0,0]
[2.30769,0,0]
[2.31538,0,0]
[2.32308,0,0]
[2.33077,0,0]
[2.33846,0,0]
[2.34615,0,0]
[2.35385,0,0]
[2.36154,0,0]
[2.36923,0,0]
[2.37692,0,0]
[2.38462,0,0]
[2.39231,0,0]
[2.4,0,0]
[2.40769,0,0]
[2.41538,0,0]
[2.42308,0,0]
[2.43077,0,0]
[2.43846,0,0]
[2.44615,0,0]
[2.45385,0,0]
[2.46154,0,0]
[2.46923,0,0]
[2.47692,0,0]
[2.48462,0,0]
[2.49231,0,0]
[2.5,0,0]
[2.50769,0,0]
[2.51538,0,0]
[2.52308,0,0]
[2.53077,0,0]
[2.53846,0,0]
[2.54615,0,0]
[2.55385,0,0]
[2.56154,0,0]
[2.56923,0,0]
[2.57692,0,0]
[2.58462,0,0]
[2.59231,0,0]
[2.6,0,0]
[2.60769,0,0]
[2.61538,0,0]
[2.62308,0,0]
[2.63077,0,0]
[2.63846,0,0]
[2.64615,0,0]
[2.65385,0,0]
[2.66154,0,0]
[2.66923,0,0]
[2.67692,0,0]
[2.68462,0,0]
[2.69231,0,0]
[2.7,0,0]
[2.70769,0,0]
[2.71538,0,0]
[2.72308,0,0]
[2.73077,0,0]
[2.73846,0,0]
[2.74615,0,0]
[2.75385,0,0]
[2.76154,0,0]
[2.76923,0,0]
[2.77692,0,0]
[2.78462,0,0]
[2.79231,0,0]
[2.8,0,0]
[2.80769,0,0]
[2.81538,0,0]
[2.82308,0,0]
[2.83077,0,0]
[2.83846,0,0]
[2.84615,0,0]
[2.85385,0,0]
[2.86154,0,0]
[2.86923,0,0]
[2.87692,0,0]
[2.88462,0,0]
[2.89231,0,0]
[2.9,0,0]
[2.90769,0,0]
[2.91538,0,0]
[2.92308,0,0]
[2.93077,0,0]
[2.93846,0,0]
[2.94615,0,0]
[2.95385,0,0]
[2.96154,0,0]
[2.96923,0,0]
[2.97692,0,0]
[2.98462,0,0]
[2.99231,0,0]
[3,0,0]
[1,0,0,0]
[1,0,0,0]
[1,0,0,0]
[1,0,0,0]
[1,0,0,0]
[1,0,0,0]
[1,0,0,0]
[1,0,0,0]
[1,0,0,0]
[1,0,0,0]
[1,0,0,0]
[1,0,0,0]
[1,0,0,0]
[1,0,0,0]
[1,0,0,0]
[1,0,0,0]
[1,0,0,0]
[1,0,0,0]
[1,0,0,0]
[1,0,0,0]
[1,0,0,0]
[1,0,0,0]
[1,0,0,0]
[1,0,0,0]
[1,0,0,0]
[1,0,0,0]
[1,0,0,0]
[1,0,0,0]
[1,0,0,0]
[1,0,0,0]
[1,0,0,0]
[1,0,0,0]
[1,0,0,0]
[1,0,0,0]
[1,0,0,0]
[1,0,0,0]
[1,0,0,0]
[1,0,0,0]
[1,0,0,0]
[1,0,0,0]
[1,0,0,0]
[1,0,0,0]
[1,0,0,0]
[1,0,0,0]
[1,0,0,0]
[1,0,0,0]
[1,0,0,0]
[1,0,0,0]
[1,0,0,0]
[1,0,0,0]
[1,0,0,0]
[1,0,0,0]
[1,0,0,0]
[1,0,0,0]
[1,0,0,0]
[1,0,0,0]
[1,0,0,0]
[1,0,0,0]
[1,0,0,0]
[1,0,0,0]
[1,0,0,0]
[1,0,0,0]
[1,0,0,0]
[1,0,0,0]
[1,0,0,0]
[1,0,0,0]
[1,0,0,0]
[1,0,0,0]
[1,0,0,0]
[1,0,0,0]
[1,0,0,0]
[1,0,0,0]
[1,0,0,0]
[1,0,0,0]
[1,0,0,0]
[1,0,0,0]
[1,0,0,0]
[1,0,0,0]
[1,0,0,0]
[1,0,0,0]
[1,0,0,0]
[1,0,0,0]
[1,0,0,0]
[1,0,0,0]
[1,0,0,0]
[1,0,0,0]
[1,0,0,0]
[1,0,0,0]
[1,0,0,0]
[1,0,0,0]
[1,0,0,0]
[1,0,0,0]
[1,0,0,0]
[1,0,0,0]
[1,0,0,0]
[1,0,0,0]
[1,0,0,0]
[1,0,0,0]
[1,0,0,0]
[1,0,0,0]
[1,0,0,0]
[1,0,0,0]
[1,0,0,0]
[1,0,0,0]
[1,0,0,0]
[1,0,0,0]
[1,0,0,0]
[1,0,0,0]
[1,0,0,0]
[1,0,0,0]
[1,0,0,0]
[1,0,0,0]
[1,0,0,0]
[1,0,0,0]
[1,0,0,0]
[1,0,0,0]
[1,0,0,0]
[1,0,0,0]
[1,0,0,0]
[1,0,0,0]
[1,0,0,0]
[1,0,0,0]
[1,0,0,0]
[1,0,0,0]
[1,0,0,0]
[1,0,0,0]
[1,0,0,0]
[1,0,0,0]
[1,0,0,0]
[1,0,0,0]
[1,0,0,0]
[1,0,0,0]
[1,0,0,0]
[1,0,0,0]
[1,0,0,0]
[1,0,0,0]
[1,0,0,0]
[1,0,0,0]
[1,0,0,0]
[1,0,0,0]
[1,0,0,0]
[1,0,0,0]
[1,0,0,0]
[1,0,0,0]
[1,0,0,0]
[1,0,0,0]
[1,0,0,0]
[1,0,0,0]
[1,0,0,0]
[1,0,0,0]
[1,0,0,0]
[1,0,0,0]
[1,0,0,0]
[1,0,0,0]
[1,0,0,0]
[1,0,0,0]
[1,0,0,0]
[1,0,0,0]
[1,0,0,0]
[1,0,0,0]
[1,0,0,0]
[1,0,0,0]
[1,0,0,0]
[1,0,0,0]
[1,0,0,0]
[1,0,0,0]
[1,0,0,0]
[1,0,0,0]
[1,0,0,0]
[1,0,0,0]
[1,0,0,0]
[1,0,0,0]
[1,0,0,0]
[1,0,0,0]
[1,0,0,0]
[1,0,0,0]
[1,0,0,0]
[1,0,0,0]
[1,0,0,0]
[1,0,0,0]
[1,0,0,0]
[1,0,0,0]
[1,0,0,0]
[1,0,0,0]
[1,0,0,0]
[1,0,0,0]
[1,0,0,0]
[1,0,0,0]
[1,0,0,0]
[1,0,0,0]
[1,0,0,0]
[1,0,0,0]
[1,0,0,0]
[1,0,0,0]
[1,0,0,0]
[1,0,0,0]
[1,0,0,0]
[1,0,0,0]
[1,0,0,0]
[1,0,0,0]
[1,0,0,0]
[1,0,0,0]
[1,0,0,0]
[1,0,0,0]
[1,0,0,0]
[1,0,0,0]
[1,0,0,0]
[1,0,0,0]
[1,0,0,0]
[1,0,0,0]
[1,0,0,0]
[1,0,0,0]
[1,0,0,0]
[1,0,0,0]
[1,0,0,0]
[1,0,0,0]
[1,0,0,0]
[1,0,0,0]
[1,0,0,0]
[1,0,0,0]
[1,0,0,0]
[1,0,0,0]
[1,0,0,0]
[1,0,0,0]
[1,0,0,0]
[1,0,0,0]
[1,0,0,0]
[1,0,0,0]
[1,0,0,0]
[1,0,0,0]
[1,0,0,0]
[1,0,0,0]
[1,0,0,0]
[1,0,0,0]
[1,0,0,0]
[1,0,0,0]
[1,0,0,0]
[1,0,0,0]
[1,0,0,0]
[1,0,0,0]
[1,0,0,0]
[1,0,0,0]
[1,0,0,0]
[1,0,0,0]
[1,0,0,0]
[1,0,0,0]
[1,0,0,0]
[1,0,0,0]
[1,0,0,0]
[1,0,0,0]
[1,0,0,0]
[1,0,0,0]
[1,0,0,0]
[1,0,0,0]
[1,0,0,0]
[1,0,0,0]
[1,0,0,0]
[1,0,0,0]
[1,0,0,0]
[1,0,0,0]
[1,0,0,0]
[1,0,0,0]
[1,0,0,0]
[1,0,0,0]
[1,0,0,0]
[1,0,0,0]
[1,0,0,0]
[1,0,0,0]
[1,0,0,0]
[1,0,0,0]
[1,0,0,0]
[1,0,0,0]
[1,0,0,0]
[1,0,0,0]
[1,0,0,0]
[1,0,0,0]
[1,0,0,0]
[1,0,0,0]
[1,0,0,0]
[1,0,0,0]
[1,0,0,0]
[1,0,0,0]
[1,0,0,0]
[1,0,0,0]
[1,0,0,0]
[1,0,0,0]
[1,0,0,0]
[1,0,0,0]
[1,0,0,0]
[1,0,0,0]
[1,0,0,0]
[1,0,0,0]
[1,0,0,0]
[1,0,0,0]
[1,0,0,0]
[1,0,0,0]
[1,0,0,0]
[1,0,0,0]
[1,0,0,0]
[1,0,0,0]
[1,0,0,0]
[1,0,0,0]
[1,0,0,0]
[1,0,0,0]
[1,0,0,0]
[1,0,0,0]
[1,0,0,0]
[1,0,0,0]
[1,0,0,0]
[1,0,0,0]
[1,0,0,0]
[1,0,0,0]
[1,0,0,0]
[1,0,0,0]
[1,0,0,0]
[1,0,0,0]
[1,0,0,0]
[1,0,0,0]
[1,0,0,0]
[1,0,0,0]
[1,0,0,0]
[1,0,0,0]
[1,0,0,0]
[1,0,0,0]
[1,0,0,0]
[1,0,0,0]
[1,0,0,0]
[1,0,0,0]
[1,0,0,0]
[1,0,0,0]
[1,0,0,0]
[1,0,0,0]
[1,0,0,0]
[1,0,0,0]
[1,0,0,0]
[1,0,0,0]
[1,0,0,0]
[1,0,0,0]
[1,0,0,0]
[1,0,0,0]
[1,0,0,0]
[1,0,0,0]
[1,0,0,0]
[1,0,0,0]
[1,0,0,0]
[1,0,0,0]
[1,0,0,0]
[1,0,0,0]
[1,0,0,0]
[1,0,0,0]
[1,0,0,0]
[1,0,0,0]
[1,0,0,0]
[1,0,0,0]
[1,0,0,0]
[1,0,0,0]
[1,0,0,0]
[1,0,0,0]
[1,0,0,0]
[1,0,0,0]
[1,0,0,0]
[1,0,0,0]
[1,0,0,0]
[1,0,0,0]
[1,0,0,0]
[1,0,0,0]
[1,0,0,0]
[1,0,0,0]
[1,0,0,0]
[1,0,0,0]
[1,0,0,0]
[1,0,0,0]
[1,0,0,0]
[1,0,0,0]
[1,0,0,0]
[1,0,0,0]
[1,0,0,0]
[1,0,0,0]
[1,0,0,0]
[1,0,0,0]
[1,0,0,0]
[1,0,0,0]
[1,0,0,0]
[1,0,0,0]
[1,0,0,0]
[1,0,0,0]
[1,0,0,0]
[1,0,0,0]
[1,0,0,0]
[1,0,0,0]
