1390
10
[0.00215827,0,0]
[0.00431655,0,0]
[0.00647482,0,0]
[0.00863309,0,0]
[0.0107914,0,0]
[0.0129496,0,0]
[0.0151079,0,0]
[0.0172662,0,0]
[0.0194245,0,0]
[0.0215827,0,0]
[0.023741,0,0]
[0.0258993,0,0]
[0.0280576,0,0]
[0.0302158,0,0]
[0.0323741,0,0]
[0.0345324,0,0]
[0.0366906,0,0]
[0.0388489,0,0]
[0.0410072,0,0]
[0.0431655,0,0]
[0.0453237,0,0]
[0.047482,0,0]
[0.0496403,0,0]
[0.0517986,0,0]
[0.0539568,0,0]
[0.0561151,0,0]
[0.0582734,0,0]
[0.0604317,0,0]
[0.0625899,0,0]
[0.0647482,0,0]
[0.0669065,0,0]
[0.0690647,0,0]
[0.071223,0,0]
[0.0733813,0,0]
[0.0755396,0,0]
[0.0776978,0,0]
[0.0798561,0,0]
[0.0820144,0,0]
[0.0841727,0,0]
[0.0863309,0,0]
[0.0884892,0,0]
[0.0906475,0,0]
[0.0928058,0,0]
[0.094964,0,0]
[0.0971223,0,0]
[0.0992806,0,0]
[0.101439,0,0]
[0.103597,0,0]
[0.105755,0,0]
[0.107914,0,0]
[0.110072,0,0]
[0.11223,0,0]
[0.114388,0,0]
[0.116547,0,0]
[0.118705,0,0]
[0.120863,0,0]
[0.123022,0,0]
[0.12518,0,0]
[0.127338,0,0]
[0.129496,0,0]
[0.131655,0,0]
[0.133813,0,0]
[0.135971,0,0]
[0.138129,0,0]
[0.140288,0,0]
[0.142446,0,0]
[0.144604,0,0]
[0.146763,0,0]
[0.148921,0,0]
[0.151079,0,0]
[0.153237,0,0]
[0.155396,0,0]
[0.157554,0,0]
[0.159712,0,0]
[0.161871,0,0]
[0.164029,0,0]
[0.166187,0,0]
[0.168345,0,0]
[0.170504,0,0]
[0.172662,0,0]
[0.17482,0,0]
[0.176978,0,0]
[0.179137,0,0]
[0.181295,0,0]
[0.183453,0,0]
[0.185612,0,0]
[0.18777,0,0]
[0.189928,0,0]
[0.192086,0,0]
[0.194245,0,0]
[0.196403,0,0]
[0.198561,0,0]
[0.200719,0,0]
[0.202878,0,0]
[0.205036,0,0]
[0.207194,0,0]
[0.209353,0,0]
[0.211511,0,0]
[0.213669,0,0]
[0.215827,0,0]
[0.217986,0,0]
[0.220144,0,0]
[0.222302,0,0]
[0.22446,0,0]
[0.226619,0,0]
[0.228777,0,0]
[0.230935,0,0]
[0.233094,0,0]
[0.235252,0,0]
[0.23741,0,0]
[0.239568,0,0]
[0.241727,0,0]
[0.243885,0,0]
[0.246043,0,0]
[0.248201,0,0]
[0.25036,0,0]
[0.252518,0,0]
[0.254676,0,0]
[0.256835,0,0]
[0.258993,0,0]
[0.261151,0,0]
[0.263309,0,0]
[0.265468,0,0]
[0.267626,0,0]
[0.269784,0,0]
[0.271942,0,0]
[0.274101,0,0]
[0.276259,0,0]
[0.278417,0,0]
[0.280576,0,0]
[0.282734,0,0]
[0.284892,0,0]
[0.28705,0,0]
[0.289209,0,0]
[0.291367,0,0]
[0.293525,0,0]
[0.295683,0,0]
[0.297842,0,0]
[0.3,0,0]
[0.302158,0,0]
[0.304317,0,0]
[0.306475,0,0]
[0.308633,0,0]
[0.310791,0,0]
[0.31295,0,0]
[0.315108,0,0]
[0.317266,0,0]
[0.319424,0,0]
[0.321583,0,0]
[0.323741,0,0]
[0.325899,0,0]
[0.328058,0,0]
[0.330216,0,0]
[0.332374,0,0]
[0.334532,0,0]
[0.336691,0,0]
[0.338849,0,0]
[0.341007,0,0]
[0.343165,0,0]
[0.345324,0,0]
[0.347482,0,0]
[0.34964,0,0]
[0.351799,0,0]
[0.353957,0,0]
[0.356115,0,0]
[0.358273,0,0]
[0.360432,0,0]
[0.36259,0,0]
[0.364748,0,0]
[0.366906,0,0]
[0.369065,0,0]
[0.371223,0,0]
[0.373381,0,0]
[0.37554,0,0]
[0.377698,0,0]
[0.379856,0,0]
[0.382014,0,0]
[0.384173,0,0]
[0.386331,0,0]
[0.388489,0,0]
[0.390647,0,0]
[0.392806,0,0]
[0.394964,0,0]
[0.397122,0,0]
[0.399281,0,0]
[0.401439,0,0]
[0.403597,0,0]
[0.405755,0,0]
[0.407914,0,0]
[0.410072,0,0]
[0.41223,0,0]
[0.414388,0,0]
[0.416547,0,0]
[0.418705,0,0]
[0.420863,0,0]
[0.423022,0,0]
[0.42518,0,0]
[0.427338,0,0]
[0.429496,0,0]
[0.431655,0,0]
[0.433813,0,0]
[0.435971,0,0]
[0.438129,0,0]
[0.440288,0,0]
[0.442446,0,0]
[0.444604,0,0]
[0.446763,0,0]
[0.448921,0,0]
[0.451079,0,0]
[0.453237,0,0]
[0.455396,0,0]
[0.457554,0,0]
[0.459712,0,0]
[0.461871,0,0]
[0.464029,0,0]
[0.466187,0,0]
[0.468345,0,0]
[0.470504,0,0]
[0.472662,0,0]
[0.47482,0,0]
[0.476978,0,0]
[0.479137,0,0]
[0.481295,0,0]
[0.483453,0,0]
[0.485612,0,0]
[0.48777,0,0]
[0.489928,0,0]
[0.492086,0,0]
[0.494245,0,0]
[0.496403,0,0]
[0.498561,0,0]
[0.500719,0,0]
[0.502878,0,0]
[0.505036,0,0]
[0.507194,0,0]
[0.509353,0,0]
[0.511511,0,0]
[0.513669,0,0]
[0.515827,0,0]
[0.517986,0,0]
[0.520144,0,0]
[0.522302,0,0]
[0.52446,0,0]
[0.526619,0,0]
[0.528777,0,0]
[0.530935,0,0]
[0.533094,0,0]
[0.535252,0,0]
[0.53741,0,0]
[0.539568,0,0]
[0.541727,0,0]
[0.543885,0,0]
[0.546043,0,0]
[0.548201,0,0]
[0.55036,0,0]
[0.552518,0,0]
[0.554676,0,0]
[0.556835,0,0]
[0.558993,0,0]
[0.561151,0,0]
[0.563309,0,0]
[0.565468,0,0]
[0.567626,0,0]
[0.569784,0,0]
[0.571942,0,0]
[0.574101,0,0]
[0.576259,0,0]
[0.578417,0,0]
[0.580576,0,0]
[0.582734,0,0]
[0.584892,0,0]
[0.58705,0,0]
[0.589209,0,0]
[0.591367,0,0]
[0.593525,0,0]
[0.595683,0,0]
[0.597842,0,0]
[0.6,0,0]
[0.602158,0,0]
[0.604317,0,0]
[0.606475,0,0]
[0.608633,0,0]
[0.610791,0,0]
[0.61295,0,0]
[0.615108,0,0]
[0.617266,0,0]
[0.619424,0,0]
[0.621583,0,0]
[0.623741,0,0]
[0.625899,0,0]
[0.628058,0,0]
[0.630216,0,0]
[0.632374,0,0]
[0.634532,0,0]
[0.636691,0,0]
[0.638849,0,0]
[0.641007,0,0]
[0.643165,0,0]
[0.645324,0,0]
[0.647482,0,0]
[0.64964,0,0]
[0.651799,0,0]
[0.653957,0,0]
[0.656115,0,0]
[0.658273,0,0]
[0.660432,0,0]
[0.66259,0,0]
[0.664748,0,0]
[0.666906,0,0]
[0.669065,0,0]
[0.671223,0,0]
[0.673381,0,0]
[0.67554,0,0]
[0.677698,0,0]
[0.679856,0,0]
[0.682014,0,0]
[0.684173,0,0]
[0.686331,0,0]
[0.688489,0,0]
[0.690647,0,0]
[0.692806,0,0]
[0.694964,0,0]
[0.697122,0,0]
[0.699281,0,0]
[0.701439,0,0]
[0.703597,0,0]
[0.705755,0,0]
[0.707914,0,0]
[0.710072,0,0]
[0.71223,0,0]
[0.714388,0,0]
[0.716547,0,0]
[0.718705,0,0]
[0.720863,0,0]
[0.723022,0,0]
[0.72518,0,0]
[0.727338,0,0]
[0.729496,0,0]
[0.731655,0,0]
[0.733813,0,0]
[0.735971,0,0]
[0.738129,0,0]
[0.740288,0,0]
[0.742446,0,0]
[0.744604,0,0]
[0.746763,0,0]
[0.748921,0,0]
[0.751079,0,0]
[0.753237,0,0]
[0.755396,0,0]
[0.757554,0,0]
[0.759712,0,0]
[0.761871,0,0]
[0.764029,0,0]
[0.766187,0,0]
[0.768345,0,0]
[0.770504,0,0]
[0.772662,0,0]
[0.77482,0,0]
[0.776978,0,0]
[0.779137,0,0]
[0.781295,0,0]
[0.783453,0,0]
[0.785612,0,0]
[0.78777,0,0]
[0.789928,0,0]
[0.792086,0,0]
[0.794245,0,0]
[0.796403,0,0]
[0.798561,0,0]
[0.800719,0,0]
[0.802878,0,0]
[0.805036,0,0]
[0.807194,0,0]
[0.809353,0,0]
[0.811511,0,0]
[0.813669,0,0]
[0.815827,0,0]
[0.817986,0,0]
[0.820144,0,0]
[0.822302,0,0]
[0.82446,0,0]
[0.826619,0,0]
[0.828777,0,0]
[0.830935,0,0]
[0.833094,0,0]
[0.835252,0,0]
[0.83741,0,0]
[0.839568,0,0]
[0.841727,0,0]
[0.843885,0,0]
[0.846043,0,0]
[0.848201,0,0]
[0.85036,0,0]
[0.852518,0,0]
[0.854676,0,0]
[0.856835,0,0]
[0.858993,0,0]
[0.861151,0,0]
[0.863309,0,0]
[0.865468,0,0]
[0.867626,0,0]
[0.869784,0,0]
[0.871942,0,0]
[0.874101,0,0]
[0.876259,0,0]
[0.878417,0,0]
[0.880576,0,0]
[0.882734,0,0]
[0.884892,0,0]
[0.88705,0,0]
[0.889209,0,0]
[0.891367,0,0]
[0.893525,0,0]
[0.895683,0,0]
[0.897842,0,0]
[0.9,0,0]
[0.902158,0,0]
[0.904317,0,0]
[0.906475,0,0]
[0.908633,0,0]
[0.910791,0,0]
[0.91295,0,0]
[0.915108,0,0]
[0.917266,0,0]
[0.919424,0,0]
[0.921583,0,0]
[0.923741,0,0]
[0.925899,0,0]
[0.928058,0,0]
[0.930216,0,0]
[0.932374,0,0]
[0.934532,0,0]
[0.936691,0,0]
[0.938849,0,0]
[0.941007,0,0]
[0.943165,0,0]
[0.945324,0,0]
[0.947482,0,0]
[0.94964,0,0]
[0.951799,0,0]
[0.953957,0,0]
[0.956115,0,0]
[0.958273,0,0]
[0.960432,0,0]
[0.96259,0,0]
[0.964748,0,0]
[0.966906,0,0]
[0.969065,0,0]
[0.971223,0,0]
[0.973381,0,0]
[0.97554,0,0]
[0.977698,0,0]
[0.979856,0,0]
[0.982014,0,0]
[0.984173,0,0]
[0.986331,0,0]
[0.988489,0,0]
[0.990647,0,0]
[0.992806,0,0]
[0.994964,0,0]
[0.997122,0,0]
[0.999281,0,0]
[1.00144,0,0]
[1.0036,0,0]
[1.00576,0,0]
[1.00791,0,0]
[1.01007,0,0]
[1.01223,0,0]
[1.01439,0,0]
[1.01655,0,0]
[1.01871,0,0]
[1.02086,0,0]
[1.02302,0,0]
[1.02518,0,0]
[1.02734,0,0]
[1.0295,0,0]
[1.03165,0,0]
[1.03381,0,0]
[1.03597,0,0]
[1.03813,0,0]
[1.04029,0,0]
[1.04245,0,0]
[1.0446,0,0]
[1.04676,0,0]
[1.04892,0,0]
[1.05108,0,0]
[1.05324,0,0]
[1.0554,0,0]
[1.05755,0,0]
[1.05971,0,0]
[1.06187,0,0]
[1.06403,0,0]
[1.06619,0,0]
[1.06835,0,0]
[1.0705,0,0]
[1.07266,0,0]
[1.07482,0,0]
[1.07698,0,0]
[1.07914,0,0]
[1.08129,0,0]
[1.08345,0,0]
[1.08561,0,0]
[1.08777,0,0]
[1.08993,0,0]
[1.09209,0,0]
[1.09424,0,0]
[1.0964,0,0]
[1.09856,0,0]
[1.10072,0,0]
[1.10288,0,0]
[1.10504,0,0]
[1.10719,0,0]
[1.10935,0,0]
[1.11151,0,0]
[1.11367,0,0]
[1.11583,0,0]
[1.11799,0,0]
[1.12014,0,0]
[1.1223,0,0]
[1.12446,0,0]
[1.12662,0,0]
[1.12878,0,0]
[1.13094,0,0]
[1.13309,0,0]
[1.13525,0,0]
[1.13741,0,0]
[1.13957,0,0]
[1.14173,0,0]
[1.14388,0,0]
[1.14604,0,0]
[1.1482,0,0]
[1.15036,0,0]
[1.15252,0,0]
[1.15468,0,0]
[1.15683,0,0]
[1.15899,0,0]
[1.16115,0,0]
[1.16331,0,0]
[1.16547,0,0]
[1.16763,0,0]
[1.16978,0,0]
[1.17194,0,0]
[1.1741,0,0]
[1.17626,0,0]
[1.17842,0,0]
[1.18058,0,0]
[1.18273,0,0]
[1.18489,0,0]
[1.18705,0,0]
[1.18921,0,0]
[1.19137,0,0]
[1.19353,0,0]
[1.19568,0,0]
[1.19784,0,0]
[1.2,0,0]
[1.20216,0,0]
[1.20432,0,0]
[1.20647,0,0]
[1.20863,0,0]
[1.21079,0,0]
[1.21295,0,0]
[1.21511,0,0]
[1.21727,0,0]
[1.21942,0,0]
[1.22158,0,0]
[1.22374,0,0]
[1.2259,0,0]
[1.22806,0,0]
[1.23022,0,0]
[1.23237,0,0]
[1.23453,0,0]
[1.23669,0,0]
[1.23885,0,0]
[1.24101,0,0]
[1.24317,0,0]
[1.24532,0,0]
[1.24748,0,0]
[1.24964,0,0]
[1.2518,0,0]
[1.25396,0,0]
[1.25612,0,0]
[1.25827,0,0]
[1.26043,0,0]
[1.26259,0,0]
[1.26475,0,0]
[1.26691,0,0]
[1.26906,0,0]
[1.27122,0,0]
[1.27338,0,0]
[1.27554,0,0]
[1.2777,0,0]
[1.27986,0,0]
[1.28201,0,0]
[1.28417,0,0]
[1.28633,0,0]
[1.28849,0,0]
[1.29065,0,0]
[1.29281,0,0]
[1.29496,0,0]
[1.29712,0,0]
[1.29928,0,0]
[1.30144,0,0]
[1.3036,0,0]
[1.30576,0,0]
[1.30791,0,0]
[1.31007,0,0]
[1.31223,0,0]
[1.31439,0,0]
[1.31655,0,0]
[1.31871,0,0]
[1.32086,0,0]
[1.32302,0,0]
[1.32518,0,0]
[1.32734,0,0]
[1.3295,0,0]
[1.33165,0,0]
[1.33381,0,0]
[1.33597,0,0]
[1.33813,0,0]
[1.34029,0,0]
[1.34245,0,0]
[1.3446,0,0]
[1.34676,0,0]
[1.34892,0,0]
[1.35108,0,0]
[1.35324,0,0]
[1.3554,0,0]
[1.35755,0,0]
[1.35971,0,0]
[1.36187,0,0]
[1.36403,0,0]
[1.36619,0,0]
[1.36835,0,0]
[1.3705,0,0]
[1.37266,0,0]
[1.37482,0,0]
[1.37698,0,0]
[1.37914,0,0]
[1.38129,0,0]
[1.38345,0,0]
[1.38561,0,0]
[1.38777,0,0]
[1.38993,0,0]
[1.39209,0,0]
[1.39424,0,0]
[1.3964,0,0]
[1.39856,0,0]
[1.40072,0,0]
[1.40288,0,0]
[1.40504,0,0]
[1.40719,0,0]
[1.40935,0,0]
[1.41151,0,0]
[1.41367,0,0]
[1.41583,0,0]
[1.41799,0,0]
[1.42014,0,0]
[1.4223,0,0]
[1.42446,0,0]
[1.42662,0,0]
[1.42878,0,0]
[1.43094,0,0]
[1.43309,0,0]
[1.43525,0,0]
[1.43741,0,0]
[1.43957,0,0]
[1.44173,0,0]
[1.44388,0,0]
[1.44604,0,0]
[1.4482,0,0]
[1.45036,0,0]
[1.45252,0,0]
[1.45468,0,0]
[1.45683,0,0]
[1.45899,0,0]
[1.46115,0,0]
[1.46331,0,0]
[1.46547,0,0]
[1.46763,0,0]
[1.46978,0,0]
[1.47194,0,0]
[1.4741,0,0]
[1.47626,0,0]
[1.47842,0,0]
[1.48058,0,0]
[1.48273,0,0]
[1.48489,0,0]
[1.48705,0,0]
[1.48921,0,0]
[1.49137,0,0]
[1.49353,0,0]
[1.49568,0,0]
[1.49784,0,0]
[1.5,0,0]
[1.50216,0,0]
[1.50432,0,0]
[1.50647,0,0]
[1.50863,0,0]
[1.51079,0,0]
[1.51295,0,0]
[1.51511,0,0]
[1.51727,0,0]
[1.51942,0,0]
[1.52158,0,0]
[1.52374,0,0]
[1.5259,0,0]
[1.52806,0,0]
[1.53022,0,0]
[1.53237,0,0]
[1.53453,0,0]
[1.53669,0,0]
[1.53885,0,0]
[1.54101,0,0]
[1.54317,0,0]
[1.54532,0,0]
[1.54748,0,0]
[1.54964,0,0]
[1.5518,0,0]
[1.55396,0,0]
[1.55612,0,0]
[1.55827,0,0]
[1.56043,0,0]
[1.56259,0,0]
[1.56475,0,0]
[1.56691,0,0]
[1.56906,0,0]
[1.57122,0,0]
[1.57338,0,0]
[1.57554,0,0]
[1.5777,0,0]
[1.57986,0,0]
[1.58201,0,0]
[1.58417,0,0]
[1.58633,0,0]
[1.58849,0,0]
[1.59065,0,0]
[1.59281,0,0]
[1.59496,0,0]
[1.59712,0,0]
[1.59928,0,0]
[1.60144,0,0]
[1.6036,0,0]
[1.60576,0,0]
[1.60791,0,0]
[1.61007,0,0]
[1.61223,0,0]
[1.61439,0,0]
[1.61655,0,0]
[1.61871,0,0]
[1.62086,0,0]
[1.62302,0,0]
[1.62518,0,0]
[1.62734,0,0]
[1.6295,0,0]
[1.63165,0,0]
[1.63381,0,0]
[1.63597,0,0]
[1.63813,0,0]
[1.64029,0,0]
[1.64245,0,0]
[1.6446,0,0]
[1.64676,0,0]
[1.64892,0,0]
[1.65108,0,0]
[1.65324,0,0]
[1.6554,0,0]
[1.65755,0,0]
[1.65971,0,0]
[1.66187,0,0]
[1.66403,0,0]
[1.66619,0,0]
[1.66835,0,0]
[1.6705,0,0]
[1.67266,0,0]
[1.67482,0,0]
[1.67698,0,0]
[1.67914,0,0]
[1.68129,0,0]
[1.68345,0,0]
[1.68561,0,0]
[1.68777,0,0]
[1.68993,0,0]
[1.69209,0,0]
[1.69424,0,0]
[1.6964,0,0]
[1.69856,0,0]
[1.70072,0,0]
[1.70288,0,0]
[1.70504,0,0]
[1.70719,0,0]
[1.70935,0,0]
[1.71151,0,0]
[1.71367,0,0]
[1.71583,0,0]
[1.71799,0,0]
[1.72014,0,0]
[1.7223,0,0]
[1.72446,0,0]
[1.72662,0,0]
[1.72878,0,0]
[1.73094,0,0]
[1.73309,0,0]
[1.73525,0,0]
[1.73741,0,0]
[1.73957,0,0]
[1.74173,0,0]
[1.74388,0,0]
[1.74604,0,0]
[1.7482,0,0]
[1.75036,0,0]
[1.75252,0,0]
[1.75468,0,0]
[1.75683,0,0]
[1.75899,0,0]
[1.76115,0,0]
[1.76331,0,0]
[1.76547,0,0]
[1.76763,0,0]
[1.76978,0,0]
[1.77194,0,0]
[1.7741,0,0]
[1.77626,0,0]
[1.77842,0,0]
[1.78058,0,0]
[1.78273,0,0]
[1.78489,0,0]
[1.78705,0,0]
[1.78921,0,0]
[1.79137,0,0]
[1.79353,0,0]
[1.79568,0,0]
[1.79784,0,0]
[1.8,0,0]
[1.80216,0,0]
[1.80432,0,0]
[1.80647,0,0]
[1.80863,0,0]
[1.81079,0,0]
[1.81295,0,0]
[1.81511,0,0]
[1.81727,0,0]
[1.81942,0,0]
[1.82158,0,0]
[1.82374,0,0]
[1.8259,0,0]
[1.82806,0,0]
[1.83022,0,0]
[1.83237,0,0]
[1.83453,0,0]
[1.83669,0,0]
[1.83885,0,0]
[1.84101,0,0]
[1.84317,0,0]
[1.84532,0,0]
[1.84748,0,0]
[1.84964,0,0]
[1.8518,0,0]
[1.85396,0,0]
[1.85612,0,0]
[1.85827,0,0]
[1.86043,0,0]
[1.86259,0,0]
[1.86475,0,0]
[1.86691,0,0]
[1.86906,0,0]
[1.87122,0,0]
[1.87338,0,0]
[1.87554,0,0]
[1.8777,0,0]
[1.87986,0,0]
[1.88201,0,0]
[1.88417,0,0]
[1.88633,0,0]
[1.88849,0,0]
[1.89065,0,0]
[1.89281,0,0]
[1.89496,0,0]
[1.89712,0,0]
[1.89928,0,0]
[1.90144,0,0]
[1.9036,0,0]
[1.90576,0,0]
[1.90791,0,0]
[1.91007,0,0]
[1.91223,0,0]
[1.91439,0,0]
[1.91655,0,0]
[1.91871,0,0]
[1.92086,0,0]
[1.92302,0,0]
[1.92518,0,0]
[1.92734,0,0]
[1.9295,0,0]
[1.93165,0,0]
[1.93381,0,0]
[1.93597,0,0]
[1.93813,0,0]
[1.94029,0,0]
[1.94245,0,0]
[1.9446,0,0]
[1.94676,0,0]
[1.94892,0,0]
[1.95108,0,0]
[1.95324,0,0]
[1.9554,0,0]
[1.95755,0,0]
[1.95971,0,0]
[1.96187,0,0]
[1.96403,0,0]
[1.96619,0,0]
[1.96835,0,0]
[1.9705,0,0]
[1.97266,0,0]
[1.97482,0,0]
[1.97698,0,0]
[1.97914,0,0]
[1.98129,0,0]
[1.98345,0,0]
[1.98561,0,0]
[1.98777,0,0]
[1.98993,0,0]
[1.99209,0,0]
[1.99424,0,0]
[1.9964,0,0]
[1.99856,0,0]
[2.00072,0,0]
[2.00288,0,0]
[2.00504,0,0]
[2.00719,0,0]
[2.00935,0,0]
[2.01151,0,0]
[2.01367,0,0]
[2.01583,0,0]
[2.01799,0,0]
[2.02014,0,0]
[2.0223,0,0]
[2.02446,0,0]
[2.02662,0,0]
[2.02878,0,0]
[2.03094,0,0]
[2.03309,0,0]
[2.03525,0,0]
[2.03741,0,0]
[2.03957,0,0]
[2.04173,0,0]
[2.04388,0,0]
[2.04604,0,0]
[2.0482,0,0]
[2.05036,0,0]
[2.05252,0,0]
[2.05468,0,0]
[2.05683,0,0]
[2.05899,0,0]
[2.06115,0,0]
[2.06331,0,0]
[2.06547,0,0]
[2.06763,0,0]
[2.06978,0,0]
[2.07194,0,0]
[2.0741,0,0]
[2.07626,0,0]
[2.07842,0,0]
[2.08058,0,0]
[2.08273,0,0]
[2.08489,0,0]
[2.08705,0,0]
[2.08921,0,0]
[2.09137,0,0]
[2.09353,0,0]
[2.09568,0,0]
[2.09784,0,0]
[2.1,0,0]
[2.10216,0,0]
[2.10432,0,0]
[2.10647,0,0]
[2.10863,0,0]
[2.11079,0,0]
[2.11295,0,0]
[2.11511,0,0]
[2.11727,0,0]
[2.11942,0,0]
[2.12158,0,0]
[2.12374,0,0]
[2.1259,0,0]
[2.12806,0,0]
[2.13022,0,0]
[2.13237,0,0]
[2.13453,0,0]
[2.13669,0,0]
[2.13885,0,0]
[2.14101,0,0]
[2.14317,0,0]
[2.14532,0,0]
[2.14748,0,0]
[2.14964,0,0]
[2.1518,0,0]
[2.15396,0,0]
[2.15612,0,0]
[2.15827,0,0]
[2.16043,0,0]
[2.16259,0,0]
[2.16475,0,0]
[2.16691,0,0]
[2.16906,0,0]
[2.17122,0,0]
[2.17338,0,0]
[2.17554,0,0]
[2.1777,0,0]
[2.17986,0,0]
[2.18201,0,0]
[2.18417,0,0]
[2.18633,0,0]
[2.18849,0,0]
[2.19065,0,0]
[2.19281,0,0]
[2.19496,0,0]
[2.19712,0,0]
[2.19928,0,0]
[2.20144,0,0]
[2.2036,0,0]
[2.20576,0,0]
[2.20791,0,0]
[2.21007,0,0]
[2.21223,0,0]
[2.21439,0,0]
[2.21655,0,0]
[2.21871,0,0]
[2.22086,0,0]
[2.22302,0,0]
[2.22518,0,0]
[2.22734,0,0]
[2.2295,0,0]
[2.23165,0,0]
[2.23381,0,0]
[2.23597,0,0]
[2.23813,0,0]
[2.24029,0,0]
[2.24245,0,0]
[2.2446,0,0]
[2.24676,0,0]
[2.24892,0,0]
[2.25108,0,0]
[2.25324,0,0]
[2.2554,0,0]
[2.25755,0,0]
[2.25971,0,0]
[2.26187,0,0]
[2.26403,0,0]
[2.26619,0,0]
[2.26835,0,0]
[2.2705,0,0]
[2.27266,0,0]
[2.27482,0,0]
[2.27698,0,0]
[2.27914,0,0]
[2.28129,0,0]
[2.28345,0,0]
[2.28561,0,0]
[2.28777,0,0]
[2.28993,0,0]
[2.29209,0,0]
[2.29424,0,0]
[2.2964,0,0]
[2.29856,0,0]
[2.30072,0,0]
[2.30288,0,0]
[2.30504,0,0]
[2.30719,0,0]
[2.30935,0,0]
[2.31151,0,0]
[2.31367,0,0]
[2.31583,0,0]
[2.31799,0,0]
[2.32014,0,0]
[2.3223,0,0]
[2.32446,0,0]
[2.32662,0,0]
[2.32878,0,0]
[2.33094,0,0]
[2.33309,0,0]
[2.33525,0,0]
[2.33741,0,0]
[2.33957,0,0]
[2.34173,0,0]
[2.34388,0,0]
[2.34604,0,0]
[2.3482,0,0]
[2.35036,0,0]
[2.35252,0,0]
[2.35468,0,0]
[2.35683,0,0]
[2.35899,0,0]
[2.36115,0,0]
[2.36331,0,0]
[2.36547,0,0]
[2.36763,0,0]
[2.36978,0,0]
[2.37194,0,0]
[2.3741,0,0]
[2.37626,0,0]
[2.37842,0,0]
[2.38058,0,0]
[2.38273,0,0]
[2.38489,0,0]
[2.38705,0,0]
[2.38921,0,0]
[2.39137,0,0]
[2.39353,0,0]
[2.39568,0,0]
[2.39784,0,0]
[2.4,0,0]
[2.40216,0,0]
[2.40432,0,0]
[2.40647,0,0]
[2.40863,0,0]
[2.41079,0,0]
[2.41295,0,0]
[2.41511,0,0]
[2.41727,0,0]
[2.41942,0,0]
[2.42158,0,0]
[2.42374,0,0]
[2.4259,0,0]
[2.42806,0,0]
[2.43022,0,0]
[2.43237,0,0]
[2.43453,0,0]
[2.43669,0,0]
[2.43885,0,0]
[2.44101,0,0]
[2.44317,0,0]
[2.44532,0,0]
[2.44748,0,0]
[2.44964,0,0]
[2.4518,0,0]
[2.45396,0,0]
[2.45612,0,0]
[2.45827,0,0]
[2.46043,0,0]
[2.46259,0,0]
[2.46475,0,0]
[2.46691,0,0]
[2.46906,0,0]
[2.47122,0,0]
[2.47338,0,0]
[2.47554,0,0]
[2.4777,0,0]
[2.47986,0,0]
[2.48201,0,0]
[2.48417,0,0]
[2.48633,0,0]
[2.48849,0,0]
[2.49065,0,0]
[2.49281,0,0]
[2.49496,0,0]
[2.49712,0,0]
[2.49928,0,0]
[2.50144,0,0]
[2.5036,0,0]
[2.50576,0,0]
[2.50791,0,0]
[2.51007,0,0]
[2.51223,0,0]
[2.51439,0,0]
[2.51655,0,0]
[2.51871,0,0]
[2.52086,0,0]
[2.52302,0,0]
[2.52518,0,0]
[2.52734,0,0]
[2.5295,0,0]
[2.53165,0,0]
[2.53381,0,0]
[2.53597,0,0]
[2.53813,0,0]
[2.54029,0,0]
[2.54245,0,0]
[2.5446,0,0]
[2.54676,0,0]
[2.54892,0,0]
[2.55108,0,0]
[2.55324,0,0]
[2.5554,0,0]
[2.55755,0,0]
[2.55971,0,0]
[2.56187,0,0]
[2.56403,0,0]
[2.56619,0,0]
[2.56835,0,0]
[2.5705,0,0]
[2.57266,0,0]
[2.57482,0,0]
[2.57698,0,0]
[2.57914,0,0]
[2.58129,0,0]
[2.58345,0,0]
[2.58561,0,0]
[2.58777,0,0]
[2.58993,0,0]
[2.59209,0,0]
[2.59424,0,0]
[2.5964,0,0]
[2.59856,0,0]
[2.60072,0,0]
[2.60288,0,0]
[2.60504,0,0]
[2.60719,0,0]
[2.60935,0,0]
[2.61151,0,0]
[2.61367,0,0]
[2.61583,0,0]
[2.61799,0,0]
[2.62014,0,0]
[2.6223,0,0]
[2.62446,0,0]
[2.62662,0,0]
[2.62878,0,0]
[2.63094,0,0]
[2.63309,0,0]
[2.63525,0,0]
[2.63741,0,0]
[2.63957,0,0]
[2.64173,0,0]
[2.64388,0,0]
[2.64604,0,0]
[2.6482,0,0]
[2.65036,0,0]
[2.65252,0,0]
[2.65468,0,0]
[2.65683,0,0]
[2.65899,0,0]
[2.66115,0,0]
[2.66331,0,0]
[2.66547,0,0]
[2.66763,0,0]
[2.66978,0,0]
[2.67194,0,0]
[2.6741,0,0]
[2.67626,0,0]
[2.67842,0,0]
[2.68058,0,0]
[2.68273,0,0]
[2.68489,0,0]
[2.68705,0,0]
[2.68921,0,0]
[2.69137,0,0]
[2.69353,0,0]
[2.69568,0,0]
[2.69784,0,0]
[2.7,0,0]
[2.70216,0,0]
[2.70432,0,0]
[2.70647,0,0]
[2.70863,0,0]
[2.71079,0,0]
[2.71295,0,0]
[2.71511,0,0]
[2.71727,0,0]
[2.71942,0,0]
[2.72158,0,0]
[2.72374,0,0]
[2.7259,0,0]
[2.72806,0,0]
[2.73022,0,0]
[2.73237,0,0]
[2.73453,0,0]
[2.73669,0,0]
[2.73885,0,0]
[2.74101,0,0]
[2.74317,0,0]
[2.74532,0,0]
[2.74748,0,0]
[2.74964,0,0]
[2.7518,0,0]
[2.75396,0,0]
[2.75612,0,0]
[2.75827,0,0]
[2.76043,0,0]
[2.76259,0,0]
[2.76475,0,0]
[2.76691,0,0]
[2.76906,0,0]
[2.77122,0,0]
[2.77338,0,0]
[2.77554,0,0]
[2.7777,0,0]
[2.77986,0,0]
[2.78201,0,0]
[2.78417,0,0]
[2.78633,0,0]
[2.78849,0,0]
[2.79065,0,0]
[2.79281,0,0]
[2.79496,0,0]
[2.79712,0,0]
[2.79928,0,0]
[2.80144,0,0]
[2.8036,0,0]
[2.80576,0,0]
[2.80791,0,0]
[2.81007,0,0]
[2.81223,0,0]
[2.81439,0,0]
[2.81655,0,0]
[2.81871,0,0]
[2.82086,0,0]
[2.82302,0,0]
[2.82518,0,0]
[2.82734,0,0]
[2.8295,0,0]
[2.83165,0,0]
[2.83381,0,0]
[2.83597,0,0]
[2.83813,0,0]
[2.84029,0,0]
[2.84245,0,0]
[2.8446,0,0]
[2.84676,0,0]
[2.84892,0,0]
[2.85108,0,0]
[2.85324,0,0]
[2.8554,0,0]
[2.85755,0,0]
[2.85971,0,0]
[2.86187,0,0]
[2.86403,0,0]
[2.86619,0,0]
[2.86835,0,0]
[2.8705,0,0]
[2.87266,0,0]
[2.87482,0,0]
[2.87698,0,0]
[2.87914,0,0]
[2.88129,0,0]
[2.88345,0,0]
[2.88561,0,0]
[2.88777,0,0]
[2.88993,0,0]
[2.89209,0,0]
[2.89424,0,0]
[2.8964,0,0]
[2.89856,0,0]
[2.90072,0,0]
[2.90288,0,0]
[2.90504,0,0]
[2.90719,0,0]
[2.90935,0,0]
[2.91151,0,0]
[2.91367,0,0]
[2.91583,0,0]
[2.91799,0,0]
[2.92014,0,0]
[2.9223,0,0]
[2.92446,0,0]
[2.92662,0,0]
[2.92878,0,0]
[2.93094,0,0]
[2.93309,0,0]
[2.93525,0,0]
[2.93741,0,0]
[2.93957,0,0]
[2.94173,0,0]
[2.94388,0,0]
[2.94604,0,0]
[2.9482,0,0]
[2.95036,0,0]
[2.95252,0,0]
[2.95468,0,0]
[2.95683,0,0]
[2.95899,0,0]
[2.96115,0,0]
[2.96331,0,0]
[2.96547,0,0]
[2.96763,0,0]
[2.96978,0,0]
[2.97194,0,0]
[2.9741,0,0]
[2.97626,0,0]
[2.97842,0,0]
[2.98058,0,0]
[2.98273,0,0]
[2.98489,0,0]
[2.98705,0,0]
[2.98921,0,0]
[2.99137,0,0]
[2.99353,0,0]
[2.99568,0,0]
[2.99784,0,0]
[3,0,0]
[1,0,0,0]
[1,0,0,0]
[1,0,0,0]
[1,0,0,0]
[1,0,0,0]
[1,0,0,0]
[1,0,0,0]
[1,0,0,0]
[1,0,0,0]
[1,0,0,0]
[1,0,0,0]
[1,0,0,0]
[1,0,0,0]
[1,0,0,0]
[1,0,0,0]
[1,0,0,0]
[1,0,0,0]
[1,0,0,0]
[1,0,0,0]
[1,0,0,0]
[1,0,0,0]
[1,0,0,0]
[1,0,0,0]
[1,0,0,0]
[1,0,0,0]
[1,0,0,0]
[1,0,0,0]
[1,0,0,0]
[1,0,0,0]
[1,0,0,0]
[1,0,0,0]
[1,0,0,0]
[1,0,0,0]
[1,0,0,0]
[1,0,0,0]
[1,0,0,0]
[1,0,0,0]
[1,0,0,0]
[1,0,0,0]
[1,0,0,0]
[1,0,0,0]
[1,0,0,0]
[1,0,0,0]
[1,0,0,0]
[1,0,0,0]
[1,0,0,0]
[1,0,0,0]
[1,0,0,0]
[1,0,0,0]
[1,0,0,0]
[1,0,0,0]
[1,0,0,0]
[1,0,0,0]
[1,0,0,0]
[1,0,0,0]
[1,0,0,0]
[1,0,0,0]
[1,0,0,0]
[1,0,0,0]
[1,0,0,0]
[1,0,0,0]
[1,0,0,0]
[1,0,0,0]
[1,0,0,0]
[1,0,0,0]
[1,0,0,0]
[1,0,0,0]
[1,0,0,0]
[1,0,0,0]
[1,0,0,0]
[1,0,0,0]
[1,0,0,0]
[1,0,0,0]
[1,0,0,0]
[1,0,0,0]
[1,0,0,0]
[1,0,0,0]
[1,0,0,0]
[1,0,0,0]
[1,0,0,0]
[1,0,0,0]
[1,0,0,0]
[1,0,0,0]
[1,0,0,0]
[1,0,0,0]
[1,0,0,0]
[1,0,0,0]
[1,0,0,0]
[1,0,0,0]
[1,0,0,0]
[1,0,0,0]
[1,0,0,0]
[1,0,0,0]
[1,0,0,0]
[1,0,0,0]
[1,0,0,0]
[1,0,0,0]
[1,0,0,0]
[1,0,0,0]
[1,0,0,0]
[1,0,0,0]
[1,0,0,0]
[1,0,0,0]
[1,0,0,0]
[1,0,0,0]
[1,0,0,0]
[1,0,0,0]
[1,0,0,0]
[1,0,0,0]
[1,0,0,0]
[1,0,0,0]
[1,0,0,0]
[1,0,0,0]
[1,0,0,0]
[1,0,0,0]
[1,0,0,0]
[1,0,0,0]
[1,0,0,0]
[1,0,0,0]
[1,0,0,0]
[1,0,0,0]
[1,0,0,0]
[1,0,0,0]
[1,0,0,0]
[1,0,0,0]
[1,0,0,0]
[1,0,0,0]
[1,0,0,0]
[1,0,0,0]
[1,0,0,0]
[1,0,0,0]
[1,0,0,0]
[1,0,0,0]
[1,0,0,0]
[1,0,0,0]
[1,0,0,0]
[1,0,0,0]
[1,0,0,0]
[1,0,0,0]
[1,0,0,0]
[1,0,0,0]
[1,0,0,0]
[1,0,0,0]
[1,0,0,0]
[1,0,0,0]
[1,0,0,0]
[1,0,0,0]
[1,0,0,0]
[1,0,0,0]
[1,0,0,0]
[1,0,0,0]
[1,0,0,0]
[1,0,0,0]
[1,0,0,0]
[1,0,0,0]
[1,0,0,0]
[1,0,0,0]
[1,0,0,0]
[1,0,0,0]
[1,0,0,0]
[1,0,0,0]
[1,0,0,0]
[1,0,0,0]
[1,0,0,0]
[1,0,0,0]
[1,0,0,0]
[1,0,0,0]
[1,0,0,0]
[1,0,0,0]
[1,0,0,0]
[1,0,0,0]
[1,0,0,0]
[1,0,0,0]
[1,0,0,0]
[1,0,0,0]
[1,0,0,0]
[1,0,0,0]
[1,0,0,0]
[1,0,0,0]
[1,0,0,0]
[1,0,0,0]
[1,0,0,0]
[1,0,0,0]
[1,0,0,0]
[1,0,0,0]
[1,0,0,0]
[1,0,0,0]
[1,0,0,0]
[1,0,0,0]
[1,0,0,0]
[1,0,0,0]
[1,0,0,0]
[1,0,0,0]
[1,0,0,0]
[1,0,0,0]
[1,0,0,0]
[1,0,0,0]
[1,0,0,0]
[1,0,0,0]
[1,0,0,0]
[1,0,0,0]
[1,0,0,0]
[1,0,0,0]
[1,0,0,0]
[1,0,0,0]
[1,0,0,0]
[1,0,0,0]
[1,0,0,0]
[1,0,0,0]
[1,0,0,0]
[1,0,0,0]
[1,0,0,0]
[1,0,0,0]
[1,0,0,0]
[1,0,0,0]
[1,0,0,0]
[1,0,0,0]
[1,0,0,0]
[1,0,0,0]
[1,0,0,0]
[1,0,0,0]
[1,0,0,0]
[1,0,0,0]
[1,0,0,0]
[1,0,0,0]
[1,0,0,0]
[1,0,0,0]
[1,0,0,0]
[1,0,0,0]
[1,0,0,0]
[1,0,0,0]
[1,0,0,0]
[1,0,0,0]
[1,0,0,0]
[1,0,0,0]
[1,0,0,0]
[1,0,0,0]
[1,0,0,0]
[1,0,0,0]
[1,0,0,0]
[1,0,0,0]
[1,0,0,0]
[1,0,0,0]
[1,0,0,0]
[1,0,0,0]
[1,0,0,0]
[1,0,0,0]
[1,0,0,0]
[1,0,0,0]
[1,0,0,0]
[1,0,0,0]
[1,0,0,0]
[1,0,0,0]
[1,0,0,0]
[1,0,0,0]
[1,0,0,0]
[1,0,0,0]
[1,0,0,0]
[1,0,0,0]
[1,0,0,0]
[1,0,0,0]
[1,0,0,0]
[1,0,0,0]
[1,0,0,0]
[1,0,0,0]
[1,0,0,0]
[1,0,0,0]
[1,0,0,0]
[1,0,0,0]
[1,0,0,0]
[1,0,0,0]
[1,0,0,0]
[1,0,0,0]
[1,0,0,0]
[1,0,0,0]
[1,0,0,0]
[1,0,0,0]
[1,0,0,0]
[1,0,0,0]
[1,0,0,0]
[1,0,0,0]
[1,0,0,0]
[1,0,0,0]
[1,0,0,0]
[1,0,0,0]
[1,0,0,0]
[1,0,0,0]
[1,0,0,0]
[1,0,0,0]
[1,0,0,0]
[1,0,0,0]
[1,0,0,0]
[1,0,0,0]
[1,0,0,0]
[1,0,0,0]
[1,0,0,0]
[1,0,0,0]
[1,0,0,0]
[1,0,0,0]
[1,0,0,0]
[1,0,0,0]
[1,0,0,0]
[1,0,0,0]
[1,0,0,0]
[1,0,0,0]
[1,0,0,0]
[1,0,0,0]
[1,0,0,0]
[1,0,0,0]
[1,0,0,0]
[1,0,0,0]
[1,0,0,0]
[1,0,0,0]
[1,0,0,0]
[1,0,0,0]
[1,0,0,0]
[1,0,0,0]
[1,0,0,0]
[1,0,0,0]
[1,0,0,0]
[1,0,0,0]
[1,0,0,0]
[1,0,0,0]
[1,0,0,0]
[1,0,0,0]
[1,0,0,0]
[1,0,0,0]
[1,0,0,0]
[1,0,0,0]
[1,0,0,0]
[1,0,0,0]
[1,0,0,0]
[1,0,0,0]
[1,0,0,0]
[1,0,0,0]
[1,0,0,0]
[1,0,0,0]
[1,0,0,0]
[1,0,0,0]
[1,0,0,0]
[1,0,0,0]
[1,0,0,0]
[1,0,0,0]
[1,0,0,0]
[1,0,0,0]
[1,0,0,0]
[1,0,0,0]
[1,0,0,0]
[1,0,0,0]
[1,0,0,0]
[1,0,0,0]
[1,0,0,0]
[1,0,0,0]
[1,0,0,0]
[1,0,0,0]
[1,0,0,0]
[1,0,0,0]
[1,0,0,0]
[1,0,0,0]
[1,0,0,0]
[1,0,0,0]
[1,0,0,0]
[1,0,0,0]
[1,0,0,0]
[1,0,0,0]
[1,0,0,0]
[1,0,0,0]
[1,0,0,0]
[1,0,0,0]
[1,0,0,0]
[1,0,0,0]
[1,0,0,0]
[1,0,0,0]
[1,0,0,0]
[1,0,0,0]
[1,0,0,0]
[1,0,0,0]
[1,0,0,0]
[1,0,0,0]
[1,0,0,0]
[1,0,0,0]
[1,0,0,0]
[1,0,0,0]
[1,0,0,0]
[1,0,0,0]
[1,0,0,0]
[1,0,0,0]
[1,0,0,0]
[1,0,0,0]
[1,0,0,0]
[1,0,0,0]
[1,0,0,0]
[1,0,0,0]
[1,0,0,0]
[1,0,0,0]
[1,0,0,0]
[1,0,0,0]
[1,0,0,0]
[1,0,0,0]
[1,0,0,0]
[1,0,0,0]
[1,0,0,0]
[1,0,0,0]
[1,0,0,0]
[1,0,0,0]
[1,0,0,0]
[1,0,0,0]
[1,0,0,0]
[1,0,0,0]
[1,0,0,0]
[1,0,0,0]
[1,0,0,0]
[1,0,0,0]
[1,0,0,0]
[1,0,0,0]
[1,0,0,0]
[1,0,0,0]
[1,0,0,0]
[1,0,0,0]
[1,0,0,0]
[1,0,0,0]
[1,0,0,0]
[1,0,0,0]
[1,0,0,0]
[1,0,0,0]
[1,0,0,0]
[1,0,0,0]
[1,0,0,0]
[1,0,0,0]
[1,0,0,0]
[1,0,0,0]
[1,0,0,0]
[1,0,0,0]
[1,0,0,0]
[1,0,0,0]
[1,0,0,0]
[1,0,0,0]
[1,0,0,0]
[1,0,0,0]
[1,0,0,0]
[1,0,0,0]
[1,0,0,0]
[1,0,0,0]
[1,0,0,0]
[1,0,0,0]
[1,0,0,0]
[1,0,0,0]
[1,0,0,0]
[1,0,0,0]
[1,0,0,0]
[1,0,0,0]
[1,0,0,0]
[1,0,0,0]
[1,0,0,0]
[1,0,0,0]
[1,0,0,0]
[1,0,0,0]
[1,0,0,0]
[1,0,0,0]
[1,0,0,0]
[1,0,0,0]
[1,0,0,0]
[1,0,0,0]
[1,0,0,0]
[1,0,0,0]
[1,0,0,0]
[1,0,0,0]
[1,0,0,0]
[1,0,0,0]
[1,0,0,0]
[1,0,0,0]
[1,0,0,0]
[1,0,0,0]
[1,0,0,0]
[1,0,0,0]
[1,0,0,0]
[1,0,0,0]
[1,0,0,0]
[1,0,0,0]
[1,0,0,0]
[1,0,0,0]
[1,0,0,0]
[1,0,0,0]
[1,0,0,0]
[1,0,0,0]
[1,0,0,0]
[1,0,0,0]
[1,0,0,0]
[1,0,0,0]
[1,0,0,0]
[1,0,0,0]
[1,0,0,0]
[1,0,0,0]
[1,0,0,0]
[1,0,0,0]
[1,0,0,0]
[1,0,0,0]
[1,0,0,0]
[1,0,0,0]
[1,0,0,0]
[1,0,0,0]
[1,0,0,0]
[1,0,0,0]
[1,0,0,0]
[1,0,0,0]
[1,0,0,0]
[1,0,0,0]
[1,0,0,0]
[1,0,0,0]
[1,0,0,0]
[1,0,0,0]
[1,0,0,0]
[1,0,0,0]
[1,0,0,0]
[1,0,0,0]
[1,0,0,0]
[1,0,0,0]
[1,0,0,0]
[1,0,0,0]
[1,0,0,0]
[1,0,0,0]
[1,0,0,0]
[1,0,0,0]
[1,0,0,0]
[1,0,0,0]
[1,0,0,0]
[1,0,0,0]
[1,0,0,0]
[1,0,0,0]
[1,0,0,0]
[1,0,0,0]
[1,0,0,0]
[1,0,0,0]
[1,0,0,0]
[1,0,0,0]
[1,0,0,0]
[1,0,0,0]
[1,0,0,0]
[1,0,0,0]
[1,0,0,0]
[1,0,0,0]
[1,0,0,0]
[1,0,0,0]
[1,0,0,0]
[1,0,0,0]
[1,0,0,0]
[1,0,0,0]
[1,0,0,0]
[1,0,0,0]
[1,0,0,0]
[1,0,0,0]
[1,0,0,0]
[1,0,0,0]
[1,0,0,0]
[1,0,0,0]
[1,0,0,0]
[1,0,0,0]
[1,0,0,0]
[1,0,0,0]
[1,0,0,0]
[1,0,0,0]
[1,0,0,0]
[1,0,0,0]
[1,0,0,0]
[1,0,0,0]
[1,0,0,0]
[1,0,0,0]
[1,0,0,0]
[1,0,0,0]
[1,0,0,0]
[1,0,0,0]
[1,0,0,0]
[1,0,0,0]
[1,0,0,0]
[1,0,0,0]
[1,0,0,0]
[1,0,0,0]
[1,0,0,0]
[1,0,0,0]
[1,0,0,0]
[1,0,0,0]
[1,0,0,0]
[1,0,0,0]
[1,0,0,0]
[1,0,0,0]
[1,0,0,0]
[1,0,0,0]
[1,0,0,0]
[1,0,0,0]
[1,0,0,0]
[1,0,0,0]
[1,0,0,0]
[1,0,0,0]
[1,0,0,0]
[1,0,0,0]
[1,0,0,0]
[1,0,0,0]
[1,0,0,0]
[1,0,0,0]
[1,0,0,0]
[1,0,0,0]
[1,0,0,0]
[1,0,0,0]
[1,0,0,0]
[1,0,0,0]
[1,0,0,0]
[1,0,0,0]
[1,0,0,0]
[1,0,0,0]
[1,0,0,0]
[1,0,0,0]
[1,0,0,0]
[1,0,0,0]
[1,0,0,0]
[1,0,0,0]
[1,0,0,0]
[1,0,0,0]
[1,0,0,0]
[1,0,0,0]
[1,0,0,0]
[1,0,0,0]
[1,0,0,0]
[1,0,0,0]
[1,0,0,0]
[1,0,0,0]
[1,0,0,0]
[1,0,0,0]
[1,0,0,0]
[1,0,0,0]
[1,0,0,0]
[1,0,0,0]
[1,0,0,0]
[1,0,0,0]
[1,0,0,0]
[1,0,0,0]
[1,0,0,0]
[1,0,0,0]
[1,0,0,0]
[1,0,0,0]
[1,0,0,0]
[1,0,0,0]
[1,0,0,0]
[1,0,0,0]
[1,0,0,0]
[1,0,0,0]
[1,0,0,0]
[1,0,0,0]
[1,0,0,0]
[1,0,0,0]
[1,0,0,0]
[1,0,0,0]
[1,0,0,0]
[1,0,0,0]
[1,0,0,0]
[1,0,0,0]
[1,0,0,0]
[1,0,0,0]
[1,0,0,0]
[1,0,0,0]
[1,0,0,0]
[1,0,0,0]
[1,0,0,0]
[1,0,0,0]
[1,0,0,0]
[1,0,0,0]
[1,0,0,0]
[1,0,0,0]
[1,0,0,0]
[1,0,0,0]
[1,0,0,0]
[1,0,0,0]
[1,0,0,0]
[1,0,0,0]
[1,0,0,0]
[1,0,0,0]
[1,0,0,0]
[1,0,0,0]
[1,0,0,0]
[1,0,0,0]
[1,0,0,0]
[1,0,0,0]
[1,0,0,0]
[1,0,0,0]
[1,0,0,0]
[1,0,0,0]
[1,0,0,0]
[1,0,0,0]
[1,0,0,0]
[1,0,0,0]
[1,0,0,0]
[1,0,0,0]
[1,0,0,0]
[1,0,0,0]
[1,0,0,0]
[1,0,0,0]
[1,0,0,0]
[1,0,0,0]
[1,0,0,0]
[1,0,0,0]
[1,0,0,0]
[1,0,0,0]
[1,0,0,0]
[1,0,0,0]
[1,0,0,0]
[1,0,0,0]
[1,0,0,0]
[1,0,0,0]
[1,0,0,0]
[1,0,0,0]
[1,0,0,0]
[1,0,0,0]
[1,0,0,0]
[1,0,0,0]
[1,0,0,0]
[1,0,0,0]
[1,0,0,0]
[1,0,0,0]
[1,0,0,0]
[1,0,0,0]
[1,0,0,0]
[1,0,0,0]
[1,0,0,0]
[1,0,0,0]
[1,0,0,0]
[1,0,0,0]
[1,0,0,0]
[1,0,0,0]
[1,0,0,0]
[1,0,0,0]
[1,0,0,0]
[1,0,0,0]
[1,0,0,0]
[1,0,0,0]
[1,0,0,0]
[1,0,0,0]
[1,0,0,0]
[1,0,0,0]
[1,0,0,0]
[1,0,0,0]
[1,0,0,0]
[1,0,0,0]
[1,0,0,0]
[1,0,0,0]
[1,0,0,0]
[1,0,0,0]
[1,0,0,0]
[1,0,0,0]
[1,0,0,0]
[1,0,0,0]
[1,0,0,0]
[1,0,0,0]
[1,0,0,0]
[1,0,0,0]
[1,0,0,0]
[1,0,0,0]
[1,0,0,0]
[1,0,0,0]
[1,0,0,0]
[1,0,0,0]
[1,0,0,0]
[1,0,0,0]
[1,0,0,0]
[1,0,0,0]
[1,0,0,0]
[1,0,0,0]
[1,0,0,0]
[1,0,0,0]
[1,0,0,0]
[1,0,0,0]
[1,0,0,0]
[1,0,0,0]
[1,0,0,0]
[1,0,0,0]
[1,0,0,0]
[1,0,0,0]
[1,0,0,0]
[1,0,0,0]
[1,0,0,0]
[1,0,0,0]
[1,0,0,0]
[1,0,0,0]
[1,0,0,0]
[1,0,0,0]
[1,0,0,0]
[1,0,0,0]
[1,0,0,0]
[1,0,0,0]
[1,0,0,0]
[1,0,0,0]
[1,0,0,0]
[1,0,0,0]
[1,0,0,0]
[1,0,0,0]
[1,0,0,0]
[1,0,0,0]
[1,0,0,0]
[1,0,0,0]
[1,0,0,0]
[1,0,0,0]
[1,0,0,0]
[1,0,0,0]
[1,0,0,0]
[1,0,0,0]
[1,0,0,0]
[1,0,0,0]
[1,0,0,0]
[1,0,0,0]
[1,0,0,0]
[1,0,0,0]
[1,0,0,0]
[1,0,0,0]
[1,0,0,0]
[1,0,0,0]
[1,0,0,0]
[1,0,0,0]
[1,0,0,0]
[1,0,0,0]
[1,0,0,0]
[1,0,0,0]
[1,0,0,0]
[1,0,0,0]
[1,0,0,0]
[1,0,0,0]
[1,0,0,0]
[1,0,0,0]
[1,0,0,0]
[1,0,0,0]
[1,0,0,0]
[1,0,0,0]
[1,0,0,0]
[1,0,0,0]
[1,0,0,0]
[1,0,0,0]
[1,0,0,0]
[1,0,0,0]
[1,0,0,0]
[1,0,0,0]
[1,0,0,0]
[1,0,0,0]
[1,0,0,0]
[1,0,0,0]
[1,0,0,0]
[1,0,0,0]
[1,0,0,0]
[1,0,0,0]
[1,0,0,0]
[1,0,0,0]
[1,0,0,0]
[1,0,0,0]
[1,0,0,0]
[1,0,0,0]
[1,0,0,0]
[1,0,0,0]
[1,0,0,0]
[1,0,0,0]
[1,0,0,0]
[1,0,0,0]
[1,0,0,0]
[1,0,0,0]
[1,0,0,0]
[1,0,0,0]
[1,0,0,0]
[1,0,0,0]
[1,0,0,0]
[1,0,0,0]
[1,0,0,0]
[1,0,0,0]
[1,0,0,0]
[1,0,0,0]
[1,0,0,0]
[1,0,0,0]
[1,0,0,0]
[1,0,0,0]
[1,0,0,0]
[1,0,0,0]
[1,0,0,0]
[1,0,0,0]
[1,0,0,0]
[1,0,0,0]
[1,0,0,0]
[1,0,0,0]
[1,0,0,0]
[1,0,0,0]
[1,0,0,0]
[1,0,0,0]
[1,0,0,0]
[1,0,0,0]
[1,0,0,0]
[1,0,0,0]
[1,0,0,0]
[1,0,0,0]
[1,0,0,0]
[1,0,0,0]
[1,0,0,0]
[1,0,0,0]
[1,0,0,0]
[1,0,0,0]
[1,0,0,0]
[1,0,0,0]
[1,0,0,0]
[1,0,0,0]
[1,0,0,0]
[1,0,0,0]
[1,0,0,0]
[1,0,0,0]
[1,0,0,0]
[1,0,0,0]
[1,0,0,0]
[1,0,0,0]
[1,0,0,0]
[1,0,0,0]
[1,0,0,0]
[1,0,0,0]
[1,0,0,0]
[1,0,0,0]
[1,0,0,0]
[1,0,0,0]
[1,0,0,0]
[1,0,0,0]
[1,0,0,0]
[1,0,0,0]
[1,0,0,0]
[1,0,0,0]
[1,0,0,0]
[1,0,0,0]
[1,0,0,0]
[1,0,0,0]
[1,0,0,0]
[1,0,0,0]
[1,0,0,0]
[1,0,0,0]
[1,0,0,0]
[1,0,0,0]
[1,0,0,0]
[1,0,0,0]
[1,0,0,0]
[1,0,0,0]
[1,0,0,0]
[1,0,0,0]
[1,0,0,0]
[1,0,0,0]
[1,0,0,0]
[1,0,0,0]
[1,0,0,0]
[1,0,0,0]
[1,0,0,0]
[1,0,0,0]
[1,0,0,0]
[1,0,0,0]
[1,0,0,0]
[1,0,0,0]
[1,0,0,0]
[1,0,0,0]
[1,0,0,0]
[1,0,0,0]
[1,0,0,0]
[1,0,0,0]
[1,0,0,0]
[1,0,0,0]
[1,0,0,0]
[1,0,0,0]
[1,0,0,0]
[1,0,0,0]
[1,0,0,0]
[1,0,0,0]
[1,0,0,0]
[1,0,0,0]
[1,0,0,0]
[1,0,0,0]
[1,0,0,0]
[1,0,0,0]
[1,0,0,0]
[1,0,0,0]
[1,0,0,0]
[1,0,0,0]
[1,0,0,0]
[1,0,0,0]
[1,0,0,0]
[1,0,0,0]
[1,0,0,0]
[1,0,0,0]
[1,0,0,0]
[1,0,0,0]
[1,0,0,0]
[1,0,0,0]
[1,0,0,0]
[1,0,0,0]
[1,0,0,0]
[1,0,0,0]
[1,0,0,0]
[1,0,0,0]
[1,0,0,0]
[1,0,0,0]
[1,0,0,0]
[1,0,0,0]
[1,0,0,0]
[1,0,0,0]
[1,0,0,0]
[1,0,0,0]
[1,0,0,0]
[1,0,0,0]
[1,0,0,0]
[1,0,0,0]
[1,0,0,0]
[1,0,0,0]
[1,0,0,0]
[1,0,0,0]
[1,0,0,0]
[1,0,0,0]
[1,0,0,0]
[1,0,0,0]
[1,0,0,0]
[1,0,0,0]
[1,0,0,0]
[1,0,0,0]
[1,0,0,0]
[1,0,0,0]
[1,0,0,0]
[1,0,0,0]
[1,0,0,0]
[1,0,0,0]
[1,0,0,0]
[1,0,0,0]
[1,0,0,0]
[1,0,0,0]
[1,0,0,0]
[1,0,0,0]
[1,0,0,0]
[1,0,0,0]
[1,0,0,0]
[1,0,0,0]
[1,0,0,0]
[1,0,0,0]
[1,0,0,0]
[1,0,0,0]
[1,0,0,0]
[1,0,0,0]
[1,0,0,0]
[1,0,0,0]
[1,0,0,0]
[1,0,0,0]
[1,0,0,0]
[1,0,0,0]
[1,0,0,0]
[1,0,0,0]
[1,0,0,0]
[1,0,0,0]
[1,0,0,0]
[1,0,0,0]
[1,0,0,0]
[1,0,0,0]
[1,0,0,0]
[1,0,0,0]
[1,0,0,0]
[1,0,0,0]
[1,0,0,0]
[1,0,0,0]
[1,0,0,0]
[1,0,0,0]
[1,0,0,0]
[1,0,0,0]
[1,0,0,0]
[1,0,0,0]
[1,0,0,0]
[1,0,0,0]
[1,0,0,0]
[1,0,0,0]
[1,0,0,0]
[1,0,0,0]
[1,0,0,0]
[1,0,0,0]
[1,0,0,0]
[1,0,0,0]
[1,0,0,0]
[1,0,0,0]
[1,0,0,0]
[1,0,0,0]
[1,0,0,0]
[1,0,0,0]
[1,0,0,0]
[1,0,0,0]
[1,0,0,0]
[1,0,0,0]
[1,0,0,0]
[1,0,0,0]
[1,0,0,0]
[1,0,0,0]
[1,0,0,0]
[1,0,0,0]
[1,0,0,0]
[1,0,0,0]
[1,0,0,0]
[1,0,0,0]
[1,0,0,0]
[1,0,0,0]
[1,0,0,0]
[1,0,0,0]
[1,0,0,0]
[1,0,0,0]
[1,0,0,0]
[1,0,0,0]
[1,0,0,0]
[1,0,0,0]
[1,0,0,0]
[1,0,0,0]
[1,0,0,0]
[1,0,0,0]
[1,0,0,0]
[1,0,0,0]
[1,0,0,0]
[1,0,0,0]
[1,0,0,0]
[1,0,0,0]
[1,0,0,0]
[1,0,0,0]
[1,0,0,0]
[1,0,0,0]
[1,0,0,0]
[1,0,0,0]
[1,0,0,0]
[1,0,0,0]
[1,0,0,0]
[1,0,0,0]
[1,0,0,0]
[1,0,0,0]
[1,0,0,0]
[1,0,0,0]
[1,0,0,0]
[1,0,0,0]
[1,0,0,0]
[1,0,0,0]
[1,0,0,0]
[1,0,0,0]
[1,0,0,0]
[1,0,0,0]
[1,0,0,0]
[1,0,0,0]
[1,0,0,0]
[1,0,0,0]
[1,0,0,0]
[1,0,0,0]
[1,0,0,0]
[1,0,0,0]
[1,0,0,0]
[1,0,0,0]
[1,0,0,0]
[1,0,0,0]
[1,0,0,0]
[1,0,0,0]
[1,0,0,0]
[1,0,0,0]
[1,0,0,0]
[1,0,0,0]
[1,0,0,0]
[1,0,0,0]
[1,0,0,0]
[1,0,0,0]
[1,0,0,0]
[1,0,0,0]
[1,0,0,0]
[1,0,0,0]
[1,0,0,0]
[1,0,0,0]
[1,0,0,0]
[1,0,0,0]
[1,0,0,0]
[1,0,0,0]
[1,0,0,0]
[1,0,0,0]
[1,0,0,0]
[1,0,0,0]
[1,0,0,0]
[1,0,0,0]
[1,0,0,0]
[1,0,0,0]
[1,0,0,0]
[1,0,0,0]
[1,0,0,0]
[1,0,0,0]
[1,0,0,0]
[1,0,0,0]
[1,0,0,0]
[1,0,0,0]
[1,0,0,0]
[1,0,0,0]
[1,0,0,0]
[1,0,0,0]
[1,0,0,0]
[1,0,0,0]
[1,0,0,0]
[1,0,0,0]
[1,0,0,0]
[1,0,0,0]
[1,0,0,0]
[1,0,0,0]
[1,0,0,0]
[1,0,0,0]
[1,0,0,0]
[1,0,0,0]
[1,0,0,0]
[1,0,0,0]
[1,0,0,0]
[1,0,0,0]
[1,0,0,0]
[1,0,0,0]
[1,0,0,0]
[1,0,0,0]
[1,0,0,0]
[1,0,0,0]
[1,0,0,0]
[1,0,0,0]
[1,0,0,0]
[1,0,0,0]
[1,0,0,0]
[1,0,0,0]
[1,0,0,0]
[1,0,0,0]
[1,0,0,0]
[1,0,0,0]
[1,0,0,0]
[1,0,0,0]
[1,0,0,0]
[1,0,0,0]
[1,0,0,0]
[1,0,0,0]
[1,0,0,0]
[1,0,0,0]
[1,0,0,0]
[1,0,0,0]
[1,0,0,0]
[1,0,0,0]
[1,0,0,0]
[1,0,0,0]
[1,0,0,0]
[1,0,0,0]
[1,0,0,0]
[1,0,0,0]
[1,0,0,0]
[1,0,0,0]
[1,0,0,0]
[1,0,0,0]
[1,0,0,0]
[1,0,0,0]
[1,0,0,0]
[1,0,0,0]
[1,0,0,0]
[1,0,0,0]
[1,0,0,0]
[1,0,0,0]
[1,0,0,0]
[1,0,0,0]
[1,0,0,0]
[1,0,0,0]
[1,0,0,0]
[1,0,0,0]
[1,0,0,0]
[1,0,0,0]
[1,0,0,0]
[1,0,0,0]
[1,0,0,0]
[1,0,0,0]
[1,0,0,0]
[1,0,0,0]
[1,0,0,0]
[1,0,0,0]
[1,0,0,0]
[1,0,0,0]
[1,0,0,0]
[1,0,0,0]
[1,0,0,0]
[1,0,0,0]
[1,0,0,0]
[1,0,0,0]
[1,0,0,0]
[1,0,0,0]
[1,0,0,0]
[1,0,0,0]
[1,0,0,0]
[1,0,0,0]
[1,0,0,0]
[1,0,0,0]
[1,0,0,0]
[1,0,0,0]
[1,0,0,0]
[1,0,0,0]
[1,0,0,0]
[1,0,0,0]
[1,0,0,0]
[1,0,0,0]
[1,0,0,0]
[1,0,0,0]
[1,0,0,0]
[1,0,0,0]
[1,0,0,0]
[1,0,0,0]
[1,0,0,0]
[1,0,0,0]
[1,0,0,0]
[1,0,0,0]
[1,0,0,0]
[1,0,0,0]
[1,0,0,0]
[1,0,0,0]
[1,0,0,0]
[1,0,0,0]
[1,0,0,0]
[1,0,0,0]
[1,0,0,0]
[1,0,0,0]
[1,0,0,0]
[1,0,0,0]
[1,0,0,0]
[1,0,0,0]
[1,0,0,0]
[1,0,0,0]
[1,0,0,0]
[1,0,0,0]
[1,0,0,0]
[1,0,0,0]
[1,0,0,0]
[1,0,0,0]
[1,0,0,0]
[1,0,0,0]
[1,0,0,0]
[1,0,0,0]
[1,0,0,0]
[1,0,0,0]
[1,0,0,0]
[1,0,0,0]
[1,0,0,0]
[1,0,0,0]
[1,0,0,0]
[1,0,0,0]
[1,0,0,0]
[1,0,0,0]
[1,0,0,0]
[1,0,0,0]
[1,0,0,0]
[1,0,0,0]
[1,0,0,0]
[1,0,0,0]
[1,0,0,0]
[1,0,0,0]
[1,0,0,0]
[1,0,0,0]
[1,0,0,0]
[1,0,0,0]
[1,0,0,0]
[1,0,0,0]
[1,0,0,0]
[1,0,0,0]
[1,0,0,0]
[1,0,0,0]
[1,0,0,0]
[1,0,0,0]
[1,0,0,0]
[1,0,0,0]
[1,0,0,0]
[1,0,0,0]
[1,0,0,0]
[1,0,0,0]
[1,0,0,0]
[1,0,0,0]
[1,0,0,0]
[1,0,0,0]
[1,0,0,0]
[1,0,0,0]
[1,0,0,0]
[1,0,0,0]
[1,0,0,0]
[1,0,0,0]
[1,0,0,0]
[1,0,0,0]
[1,0,0,0]
[1,0,0,0]
[1,0,0,0]
[1,0,0,0]
[1,0,0,0]
[1,0,0,0]
[1,0,0,0]
[1,0,0,0]
[1,0,0,0]
[1,0,0,0]
[1,0,0,0]
[1,0,0,0]
[1,0,0,0]
[1,0,0,0]
[1,0,0,0]
[1,0,0,0]
[1,0,0,0]
