90
10
[1.8,-4.12,3.5]
[1.8,-4.12,3.5]
[1.8,-4.12,3.5]
[1.8,-4.12,3.5]
[1.8,-4.12,3.5]
[1.8,-4.12,3.5]
[1.8,-4.12,3.5]
[1.8,-4.12,3.5]
[1.8,-4.12,3.5]
[1.8,-4.12,3.5]
[1.8,-4.12,3.47]
[1.8,-4.12,3.44]
[1.8,-4.12,3.41]
[1.8,-4.12,3.38]
[1.8,-4.12,3.35]
[1.8,-4.12,3.32]
[1.8,-4.12,3.29]
[1.8,-4.12,3.26]
[1.8,-4.12,3.23]
[1.8,-4.12,3.2]
[1.8,-4.12,3.2]
[1.8,-4.12,3.2]
[1.8,-4.12,3.2]
[1.8,-4.12,3.2]
[1.8,-4.12,3.2]
[1.8,-4.12,3.2]
[1.8,-4.12,3.2]
[1.8,-4.12,3.2]
[1.8,-4.12,3.2]
[1.8,-4.12,3.2]
[1.8,-4.12,3.2]
[1.8,-4.12,3.2]
[1.8,-4.12,3.2]
[1.8,-4.12,3.2]
[1.8,-4.12,3.2]
[1.8,-4.12,3.2]
[1.8,-4.12,3.2]
[1.8,-4.12,3.2]
[1.8,-4.12,3.2]
[1.8,-4.12,3.2]
[1.8,-4.12,3.2]
[1.8,-4.12,3.2]
[1.8,-4.12,3.2]
[1.8,-4.12,3.2]
[1.8,-4.12,3.2]
[1.8,-4.12,3.2]
[1.8,-4.12,3.2]
[1.8,-4.12,3.2]
[1.8,-4.12,3.2]
[1.8,-4.12,3.2]
[1.8,-4.12,3.2]
[1.8,-4.12,3.2]
[1.8,-4.12,3.2]
[1.8,-4.12,3.2]
[1.8,-4.12,3.2]
[1.8,-4.12,3.2]
[1.8,-4.12,3.2]
[1.8,-4.12,3.2]
[1.8,-4.12,3.2]
[1.8,-4.12,3.2]
[1.8,-4.12,3.23]
[1.8,-4.12,3.26]
[1.8,-4.12,3.29]
[1.8,-4.12,3.32]
[1.8,-4.12,3.35]
[1.8,-4.12,3.38]
[1.8,-4.12,3.41]
[1.8,-4.12,3.44]
[1.8,-4.12,3.47]
[1.8,-4.12,3.5]
[1.8,-4.12,3.5]
[1.8,-4.12,3.5]
[1.8,-4.12,3.5]
[1.8,-4.12,3.5]
[1.8,-4.12,3.5]
[1.8,-4.12,3.5]
[1.8,-4.12,3.5]
[1.8,-4.12,3.5]
[1.8,-4.12,3.5]
[1.8,-4.12,3.5]
[1.8,-4.12,3.5]
[1.8,-4.12,3.5]
[1.8,-4.12,3.5]
[1.8,-4.12,3.5]
[1.8,-4.12,3.5]
[1.8,-4.12,3.5]
[1.8,-4.12,3.5]
[1.8,-4.12,3.5]
[1.8,-4.12,3.5]
[1.8,-4.12,3.5]
[1,0,0,0]
[1,0,0,0]
[1,0,0,0]
[1,0,0,0]
[1,0,0,0]
[1,0,0,0]
[1,0,0,0]
[1,0,0,0]
[1,0,0,0]
[1,0,0,0]
[1,0,0,0]
[1,0,0,0]
[1,0,0,0]
[1,0,0,0]
[1,0,0,0]
[1,0,0,0]
[1,0,0,0]
[1,0,0,0]
[1,0,0,0]
[1,0,0,0]
[1,0,0,0]
[1,0,0,0]
[1,0,0,0]
[1,0,0,0]
[1,0,0,0]
[1,0,0,0]
[1,0,0,0]
[1,0,0,0]
[1,0,0,0]
[1,0,0,0]
[1,0,0,0]
[1,0,0,0]
[1,0,0,0]
[1,0,0,0]
[1,0,0,0]
[1,0,0,0]
[1,0,0,0]
[1,0,0,0]
[1,0,0,0]
[1,0,0,0]
[1,0,0,0]
[1,0,0,0]
[1,0,0,0]
[1,0,0,0]
[1,0,0,0]
[1,0,0,0]
[1,0,0,0]
[1,0,0,0]
[1,0,0,0]
[1,0,0,0]
[1,0,0,0]
[1,0,0,0]
[1,0,0,0]
[1,0,0,0]
[1,0,0,0]
[1,0,0,0]
[1,0,0,0]
[1,0,0,0]
[1,0,0,0]
[1,0,0,0]
[1,0,0,0]
[1,0,0,0]
[1,0,0,0]
[1,0,0,0]
[1,0,0,0]
[1,0,0,0]
[1,0,0,0]
[1,0,0,0]
[1,0,0,0]
[1,0,0,0]
[1,0,0,0]
[1,0,0,0]
[1,0,0,0]
[1,0,0,0]
[1,0,0,0]
[1,0,0,0]
[1,0,0,0]
[1,0,0,0]
[1,0,0,0]
[1,0,0,0]
[1,0,0,0]
[1,0,0,0]
[1,0,0,0]
[1,0,0,0]
[1,0,0,0]
[1,0,0,0]
[1,0,0,0]
[1,0,0,0]
[1,0,0,0]
[1,0,0,0]
