90
10
[-0.563,-4.7,-17.1]
[-0.563,-4.7,-17.1]
[-0.563,-4.7,-17.1]
[-0.563,-4.7,-17.1]
[-0.563,-4.7,-17.1]
[-0.563,-4.7,-17.1]
[-0.563,-4.7,-17.1]
[-0.563,-4.7,-17.1]
[-0.563,-4.7,-17.1]
[-0.563,-4.7,-17.1]
[-0.563,-4.7,-17.1]
[-0.563,-4.7,-17.1]
[-0.563,-4.7,-17.1]
[-0.563,-4.7,-17.1]
[-0.563,-4.7,-17.1]
[-0.563,-4.7,-17.1]
[-0.563,-4.7,-17.1]
[-0.563,-4.7,-17.1]
[-0.563,-4.7,-17.1]
[-0.563,-4.7,-17.1]
[-0.563,-4.7,-17.1]
[-0.563,-4.7,-17.1]
[-0.563,-4.7,-17.1]
[-0.563,-4.7,-17.1]
[-0.563,-4.7,-17.1]
[-0.563,-4.7,-17.1]
[-0.563,-4.7,-17.1]
[-0.563,-4.7,-17.1]
[-0.563,-4.7,-17.1]
[-0.563,-4.7,-17.1]
[-0.563,-4.7,-17.1]
[-0.563,-4.7,-17.1]
[-0.563,-4.7,-17.1]
[-0.563,-4.7,-17.1]
[-0.563,-4.7,-17.1]
[-0.563,-4.7,-17.1]
[-0.563,-4.7,-17.1]
[-0.563,-4.7,-17.1]
[-0.563,-4.7,-17.1]
[-0.563,-4.7,-17.1]
[-0.563,-5.394,-17.1]
[-0.563,-6.088,-17.1]
[-0.563,-6.782,-17.1]
[-0.563,-7.476,-17.1]
[-0.563,-8.17,-17.1]
[-0.563,-8.864,-17.1]
[-0.563,-9.558,-17.1]
[-0.563,-10.252,-17.1]
[-0.563,-10.946,-17.1]
[-0.563,-11.64,-17.1]
[-0.563,-11.64,-17.1]
[-0.563,-11.64,-17.1]
[-0.563,-11.64,-17.1]
[-0.563,-11.64,-17.1]
[-0.563,-11.64,-17.1]
[-0.563,-11.64,-17.1]
[-0.563,-11.64,-17.1]
[-0.563,-11.64,-17.1]
[-0.563,-11.64,-17.1]
[-0.563,-11.64,-17.1]
[-0.563,-11.64,-17.1]
[-0.563,-11.64,-17.1]
[-0.563,-11.64,-17.1]
[-0.563,-11.64,-17.1]
[-0.563,-11.64,-17.1]
[-0.563,-11.64,-17.1]
[-0.563,-11.64,-17.1]
[-0.563,-11.64,-17.1]
[-0.563,-11.64,-17.1]
[-0.563,-11.64,-17.1]
[-0.563,-10.7455,-17.1]
[-0.563,-9.851,-17.1]
[-0.563,-8.9565,-17.1]
[-0.563,-8.062,-17.1]
[-0.563,-7.1675,-17.1]
[-0.563,-6.273,-17.1]
[-0.563,-5.3785,-17.1]
[-0.563,-4.484,-17.1]
[-0.563,-3.5895,-17.1]
[-0.563,-2.695,-17.1]
[-0.563,-2.8955,-17.1]
[-0.563,-3.096,-17.1]
[-0.563,-3.2965,-17.1]
[-0.563,-3.497,-17.1]
[-0.563,-3.6975,-17.1]
[-0.563,-3.898,-17.1]
[-0.563,-4.0985,-17.1]
[-0.563,-4.299,-17.1]
[-0.563,-4.4995,-17.1]
[-0.563,-4.7,-17.1]
[1,0,0,0]
[1,0,0,0]
[1,0,0,0]
[1,0,0,0]
[1,0,0,0]
[1,0,0,0]
[1,0,0,0]
[1,0,0,0]
[1,0,0,0]
[1,0,0,0]
[1,0,0,0]
[1,0,0,0]
[1,0,0,0]
[1,0,0,0]
[1,0,0,0]
[1,0,0,0]
[1,0,0,0]
[1,0,0,0]
[1,0,0,0]
[1,0,0,0]
[1,0,0,0]
[1,0,0,0]
[1,0,0,0]
[1,0,0,0]
[1,0,0,0]
[1,0,0,0]
[1,0,0,0]
[1,0,0,0]
[1,0,0,0]
[1,0,0,0]
[1,0,0,0]
[1,0,0,0]
[1,0,0,0]
[1,0,0,0]
[1,0,0,0]
[1,0,0,0]
[1,0,0,0]
[1,0,0,0]
[1,0,0,0]
[1,0,0,0]
[1,0,0,0]
[1,0,0,0]
[1,0,0,0]
[1,0,0,0]
[1,0,0,0]
[1,0,0,0]
[1,0,0,0]
[1,0,0,0]
[1,0,0,0]
[1,0,0,0]
[1,0,0,0]
[1,0,0,0]
[1,0,0,0]
[1,0,0,0]
[1,0,0,0]
[1,0,0,0]
[1,0,0,0]
[1,0,0,0]
[1,0,0,0]
[1,0,0,0]
[1,0,0,0]
[1,0,0,0]
[1,0,0,0]
[1,0,0,0]
[1,0,0,0]
[1,0,0,0]
[1,0,0,0]
[1,0,0,0]
[1,0,0,0]
[1,0,0,0]
[1,0,0,0]
[1,0,0,0]
[1,0,0,0]
[1,0,0,0]
[1,0,0,0]
[1,0,0,0]
[1,0,0,0]
[1,0,0,0]
[1,0,0,0]
[1,0,0,0]
[1,0,0,0]
[1,0,0,0]
[1,0,0,0]
[1,0,0,0]
[1,0,0,0]
[1,0,0,0]
[1,0,0,0]
[1,0,0,0]
[1,0,0,0]
[1,0,0,0]
