90
10
[-12.407,7.65,-7.588]
[-12.407,7.65,-7.588]
[-12.407,7.65,-7.588]
[-12.407,7.65,-7.588]
[-12.407,7.65,-7.588]
[-12.407,7.65,-7.588]
[-12.407,7.65,-7.588]
[-12.407,7.65,-7.588]
[-12.407,7.65,-7.588]
[-12.407,7.65,-7.588]
[-12.407,7.65,-7.588]
[-12.407,7.65,-7.588]
[-12.407,7.65,-7.588]
[-12.407,7.65,-7.588]
[-12.407,7.65,-7.588]
[-12.407,7.65,-7.588]
[-12.407,7.65,-7.588]
[-12.407,7.65,-7.588]
[-12.407,7.65,-7.588]
[-12.407,7.65,-7.588]
[-12.407,7.65,-7.588]
[-12.407,7.65,-7.588]
[-12.407,7.65,-7.588]
[-12.407,7.65,-7.588]
[-12.407,7.65,-7.588]
[-12.407,7.65,-7.588]
[-12.407,7.65,-7.588]
[-12.407,7.65,-7.588]
[-12.407,7.65,-7.588]
[-12.407,7.65,-7.588]
[-12.407,7.65,-7.1829]
[-12.407,7.65,-6.7778]
[-12.407,7.65,-6.3727]
[-12.407,7.65,-5.9676]
[-12.407,7.65,-5.5625]
[-12.407,7.65,-5.1574]
[-12.407,7.65,-4.7523]
[-12.407,7.65,-4.3472]
[-12.407,7.65,-3.9421]
[-12.407,7.65,-3.537]
[-12.407,7.65,-3.537]
[-12.407,7.65,-3.537]
[-12.407,7.65,-3.537]
[-12.407,7.65,-3.537]
[-12.407,7.65,-3.537]
[-12.407,7.65,-3.537]
[-12.407,7.65,-3.537]
[-12.407,7.65,-3.537]
[-12.407,7.65,-3.537]
[-12.407,7.65,-3.537]
[-12.407,7.65,-3.7626]
[-12.407,7.65,-3.9882]
[-12.407,7.65,-4.2138]
[-12.407,7.65,-4.4394]
[-12.407,7.65,-4.665]
[-12.407,7.65,-4.8906]
[-12.407,7.65,-5.1162]
[-12.407,7.65,-5.3418]
[-12.407,7.65,-5.5674]
[-12.407,7.65,-5.793]
[-12.407,7.65,-5.793]
[-12.407,7.65,-5.793]
[-12.407,7.65,-5.793]
[-12.407,7.65,-5.793]
[-12.407,7.65,-5.793]
[-12.407,7.65,-5.793]
[-12.407,7.65,-5.793]
[-12.407,7.65,-5.793]
[-12.407,7.65,-5.793]
[-12.407,7.65,-5.793]
[-12.407,7.65,-5.9725]
[-12.407,7.65,-6.152]
[-12.407,7.65,-6.3315]
[-12.407,7.65,-6.511]
[-12.407,7.65,-6.6905]
[-12.407,7.65,-6.87]
[-12.407,7.65,-7.0495]
[-12.407,7.65,-7.229]
[-12.407,7.65,-7.4085]
[-12.407,7.65,-7.588]
[-12.407,7.65,-7.588]
[-12.407,7.65,-7.588]
[-12.407,7.65,-7.588]
[-12.407,7.65,-7.588]
[-12.407,7.65,-7.588]
[-12.407,7.65,-7.588]
[-12.407,7.65,-7.588]
[-12.407,7.65,-7.588]
[-12.407,7.65,-7.588]
[-12.407,7.65,-7.588]
[1,0,0,0]
[1,0,0,0]
[1,0,0,0]
[1,0,0,0]
[1,0,0,0]
[1,0,0,0]
[1,0,0,0]
[1,0,0,0]
[1,0,0,0]
[1,0,0,0]
[1,0,0,0]
[1,0,0,0]
[1,0,0,0]
[1,0,0,0]
[1,0,0,0]
[1,0,0,0]
[1,0,0,0]
[1,0,0,0]
[1,0,0,0]
[1,0,0,0]
[1,0,0,0]
[1,0,0,0]
[1,0,0,0]
[1,0,0,0]
[1,0,0,0]
[1,0,0,0]
[1,0,0,0]
[1,0,0,0]
[1,0,0,0]
[1,0,0,0]
[1,0,0,0]
[1,0,0,0]
[1,0,0,0]
[1,0,0,0]
[1,0,0,0]
[1,0,0,0]
[1,0,0,0]
[1,0,0,0]
[1,0,0,0]
[1,0,0,0]
[1,0,0,0]
[1,0,0,0]
[1,0,0,0]
[1,0,0,0]
[1,0,0,0]
[1,0,0,0]
[1,0,0,0]
[1,0,0,0]
[1,0,0,0]
[1,0,0,0]
[1,0,0,0]
[1,0,0,0]
[1,0,0,0]
[1,0,0,0]
[1,0,0,0]
[1,0,0,0]
[1,0,0,0]
[1,0,0,0]
[1,0,0,0]
[1,0,0,0]
[1,0,0,0]
[1,0,0,0]
[1,0,0,0]
[1,0,0,0]
[1,0,0,0]
[1,0,0,0]
[1,0,0,0]
[1,0,0,0]
[1,0,0,0]
[1,0,0,0]
[1,0,0,0]
[1,0,0,0]
[1,0,0,0]
[1,0,0,0]
[1,0,0,0]
[1,0,0,0]
[1,0,0,0]
[1,0,0,0]
[1,0,0,0]
[1,0,0,0]
[1,0,0,0]
[1,0,0,0]
[1,0,0,0]
[1,0,0,0]
[1,0,0,0]
[1,0,0,0]
[1,0,0,0]
[1,0,0,0]
[1,0,0,0]
[1,0,0,0]
