90
10
[1.95,36.9,2.663]
[1.95,36.9,2.663]
[1.95,36.9,2.663]
[1.95,36.9,2.663]
[1.95,36.9,2.663]
[1.95,36.9,2.663]
[1.95,36.9,2.663]
[1.95,36.9,2.663]
[1.95,36.9,2.663]
[1.95,36.9,2.663]
[1.95,36.9,2.663]
[1.95,36.9,2.663]
[1.95,36.9,2.663]
[1.95,36.9,2.663]
[1.95,36.9,2.663]
[1.95,36.9,2.663]
[1.95,36.9,2.663]
[1.95,36.9,2.663]
[1.95,36.9,2.663]
[1.95,36.9,2.663]
[3.9265,36.9,2.663]
[5.903,36.9,2.663]
[7.8795,36.9,2.663]
[9.856,36.9,2.663]
[11.8325,36.9,2.663]
[13.809,36.9,2.663]
[15.7855,36.9,2.663]
[17.762,36.9,2.663]
[19.7385,36.9,2.663]
[21.715,36.9,2.663]
[21.715,36.9,2.663]
[21.715,36.9,2.663]
[21.715,36.9,2.663]
[21.715,36.9,2.663]
[21.715,36.9,2.663]
[21.715,36.9,2.663]
[21.715,36.9,2.663]
[21.715,36.9,2.663]
[21.715,36.9,2.663]
[21.715,36.9,2.663]
[21.715,36.9,2.663]
[21.715,36.9,2.663]
[21.715,36.9,2.663]
[21.715,36.9,2.663]
[21.715,36.9,2.663]
[21.715,36.9,2.663]
[21.715,36.9,2.663]
[21.715,36.9,2.663]
[21.715,36.9,2.663]
[21.715,36.9,2.663]
[21.715,36.9,2.663]
[21.715,36.9,2.663]
[21.715,36.9,2.663]
[21.715,36.9,2.663]
[21.715,36.9,2.663]
[21.715,36.9,2.663]
[21.715,36.9,2.663]
[21.715,36.9,2.663]
[21.715,36.9,2.663]
[21.715,36.9,2.663]
[21.715,36.9,2.663]
[21.715,36.9,2.663]
[21.715,36.9,2.663]
[21.715,36.9,2.663]
[21.715,36.9,2.663]
[21.715,36.9,2.663]
[21.715,36.9,2.663]
[21.715,36.9,2.663]
[21.715,36.9,2.663]
[21.715,36.9,2.663]
[19.7385,36.9,2.663]
[17.762,36.9,2.663]
[15.7855,36.9,2.663]
[13.809,36.9,2.663]
[11.8325,36.9,2.663]
[9.856,36.9,2.663]
[7.8795,36.9,2.663]
[5.903,36.9,2.663]
[3.9265,36.9,2.663]
[1.95,36.9,2.663]
[1.95,36.9,2.663]
[1.95,36.9,2.663]
[1.95,36.9,2.663]
[1.95,36.9,2.663]
[1.95,36.9,2.663]
[1.95,36.9,2.663]
[1.95,36.9,2.663]
[1.95,36.9,2.663]
[1.95,36.9,2.663]
[1.95,36.9,2.663]
[1,0,0,0]
[1,0,0,0]
[1,0,0,0]
[1,0,0,0]
[1,0,0,0]
[1,0,0,0]
[1,0,0,0]
[1,0,0,0]
[1,0,0,0]
[1,0,0,0]
[1,0,0,0]
[1,0,0,0]
[1,0,0,0]
[1,0,0,0]
[1,0,0,0]
[1,0,0,0]
[1,0,0,0]
[1,0,0,0]
[1,0,0,0]
[1,0,0,0]
[1,0,0,0]
[1,0,0,0]
[1,0,0,0]
[1,0,0,0]
[1,0,0,0]
[1,0,0,0]
[1,0,0,0]
[1,0,0,0]
[1,0,0,0]
[1,0,0,0]
[1,0,0,0]
[1,0,0,0]
[1,0,0,0]
[1,0,0,0]
[1,0,0,0]
[1,0,0,0]
[1,0,0,0]
[1,0,0,0]
[1,0,0,0]
[1,0,0,0]
[1,0,0,0]
[1,0,0,0]
[1,0,0,0]
[1,0,0,0]
[1,0,0,0]
[1,0,0,0]
[1,0,0,0]
[1,0,0,0]
[1,0,0,0]
[1,0,0,0]
[1,0,0,0]
[1,0,0,0]
[1,0,0,0]
[1,0,0,0]
[1,0,0,0]
[1,0,0,0]
[1,0,0,0]
[1,0,0,0]
[1,0,0,0]
[1,0,0,0]
[1,0,0,0]
[1,0,0,0]
[1,0,0,0]
[1,0,0,0]
[1,0,0,0]
[1,0,0,0]
[1,0,0,0]
[1,0,0,0]
[1,0,0,0]
[1,0,0,0]
[1,0,0,0]
[1,0,0,0]
[1,0,0,0]
[1,0,0,0]
[1,0,0,0]
[1,0,0,0]
[1,0,0,0]
[1,0,0,0]
[1,0,0,0]
[1,0,0,0]
[1,0,0,0]
[1,0,0,0]
[1,0,0,0]
[1,0,0,0]
[1,0,0,0]
[1,0,0,0]
[1,0,0,0]
[1,0,0,0]
[1,0,0,0]
[1,0,0,0]
