80
10
[1.275,-4,2]
[1.275,-4,2]
[1.275,-4,2]
[1.275,-4,2]
[1.275,-4,2]
[1.275,-4,2]
[1.275,-4,2]
[1.275,-4,2]
[1.275,-4,2]
[1.275,-4,2]
[1.275,-4,1.89]
[1.275,-4,1.78]
[1.275,-4,1.67]
[1.275,-4,1.56]
[1.275,-4,1.45]
[1.275,-4,1.34]
[1.275,-4,1.23]
[1.275,-4,1.12]
[1.275,-4,1.01]
[1.275,-4,0.9]
[1.275,-4,0.9]
[1.275,-4,0.9]
[1.275,-4,0.9]
[1.275,-4,0.9]
[1.275,-4,0.9]
[1.275,-4,0.9]
[1.275,-4,0.9]
[1.275,-4,0.9]
[1.275,-4,0.9]
[1.275,-4,0.9]
[1.275,-4,0.9]
[1.275,-4,0.9]
[1.275,-4,0.9]
[1.275,-4,0.9]
[1.275,-4,0.9]
[1.275,-4,0.9]
[1.275,-4,0.9]
[1.275,-4,0.9]
[1.275,-4,0.9]
[1.275,-4,0.9]
[1.275,-4,0.9]
[1.275,-4,0.9]
[1.275,-4,0.9]
[1.275,-4,0.9]
[1.275,-4,0.9]
[1.275,-4,0.9]
[1.275,-4,0.9]
[1.275,-4,0.9]
[1.275,-4,0.9]
[1.275,-4,0.9]
[1.275,-4,0.9]
[1.275,-4,0.9]
[1.275,-4,0.9]
[1.275,-4,0.9]
[1.275,-4,0.9]
[1.275,-4,0.9]
[1.275,-4,0.9]
[1.275,-4,0.9]
[1.275,-4,0.9]
[1.275,-4,0.9]
[1.275,-4,1.01]
[1.275,-4,1.12]
[1.275,-4,1.23]
[1.275,-4,1.34]
[1.275,-4,1.45]
[1.275,-4,1.56]
[1.275,-4,1.67]
[1.275,-4,1.78]
[1.275,-4,1.89]
[1.275,-4,2]
[1.275,-4,2]
[1.275,-4,2]
[1.275,-4,2]
[1.275,-4,2]
[1.275,-4,2]
[1.275,-4,2]
[1.275,-4,2]
[1.275,-4,2]
[1.275,-4,2]
[1.275,-4,2]
[1,0,0,0]
[1,0,0,0]
[1,0,0,0]
[1,0,0,0]
[1,0,0,0]
[1,0,0,0]
[1,0,0,0]
[1,0,0,0]
[1,0,0,0]
[1,0,0,0]
[1,0,0,0]
[1,0,0,0]
[1,0,0,0]
[1,0,0,0]
[1,0,0,0]
[1,0,0,0]
[1,0,0,0]
[1,0,0,0]
[1,0,0,0]
[1,0,0,0]
[1,0,0,0]
[1,0,0,0]
[1,0,0,0]
[1,0,0,0]
[1,0,0,0]
[1,0,0,0]
[1,0,0,0]
[1,0,0,0]
[1,0,0,0]
[1,0,0,0]
[1,0,0,0]
[1,0,0,0]
[1,0,0,0]
[1,0,0,0]
[1,0,0,0]
[1,0,0,0]
[1,0,0,0]
[1,0,0,0]
[1,0,0,0]
[1,0,0,0]
[1,0,0,0]
[1,0,0,0]
[1,0,0,0]
[1,0,0,0]
[1,0,0,0]
[1,0,0,0]
[1,0,0,0]
[1,0,0,0]
[1,0,0,0]
[1,0,0,0]
[1,0,0,0]
[1,0,0,0]
[1,0,0,0]
[1,0,0,0]
[1,0,0,0]
[1,0,0,0]
[1,0,0,0]
[1,0,0,0]
[1,0,0,0]
[1,0,0,0]
[1,0,0,0]
[1,0,0,0]
[1,0,0,0]
[1,0,0,0]
[1,0,0,0]
[1,0,0,0]
[1,0,0,0]
[1,0,0,0]
[1,0,0,0]
[1,0,0,0]
[1,0,0,0]
[1,0,0,0]
[1,0,0,0]
[1,0,0,0]
[1,0,0,0]
[1,0,0,0]
[1,0,0,0]
[1,0,0,0]
[1,0,0,0]
[1,0,0,0]
