80
10
[1.275,-4,-2]
[1.275,-4,-2]
[1.275,-4,-2]
[1.275,-4,-2]
[1.275,-4,-2]
[1.275,-4,-2]
[1.275,-4,-2]
[1.275,-4,-2]
[1.275,-4,-2]
[1.275,-4,-2]
[1.275,-4,-1.925]
[1.275,-4,-1.85]
[1.275,-4,-1.775]
[1.275,-4,-1.7]
[1.275,-4,-1.625]
[1.275,-4,-1.55]
[1.275,-4,-1.475]
[1.275,-4,-1.4]
[1.275,-4,-1.325]
[1.275,-4,-1.25]
[1.275,-4,-1.25]
[1.275,-4,-1.25]
[1.275,-4,-1.25]
[1.275,-4,-1.25]
[1.275,-4,-1.25]
[1.275,-4,-1.25]
[1.275,-4,-1.25]
[1.275,-4,-1.25]
[1.275,-4,-1.25]
[1.275,-4,-1.25]
[1.275,-4,-1.25]
[1.275,-4,-1.25]
[1.275,-4,-1.25]
[1.275,-4,-1.25]
[1.275,-4,-1.25]
[1.275,-4,-1.25]
[1.275,-4,-1.25]
[1.275,-4,-1.25]
[1.275,-4,-1.25]
[1.275,-4,-1.25]
[1.275,-4,-1.25]
[1.275,-4,-1.25]
[1.275,-4,-1.25]
[1.275,-4,-1.25]
[1.275,-4,-1.25]
[1.275,-4,-1.25]
[1.275,-4,-1.25]
[1.275,-4,-1.25]
[1.275,-4,-1.25]
[1.275,-4,-1.25]
[1.275,-4,-1.25]
[1.275,-4,-1.25]
[1.275,-4,-1.25]
[1.275,-4,-1.25]
[1.275,-4,-1.25]
[1.275,-4,-1.25]
[1.275,-4,-1.25]
[1.275,-4,-1.25]
[1.275,-4,-1.25]
[1.275,-4,-1.25]
[1.275,-4,-1.325]
[1.275,-4,-1.4]
[1.275,-4,-1.475]
[1.275,-4,-1.55]
[1.275,-4,-1.625]
[1.275,-4,-1.7]
[1.275,-4,-1.775]
[1.275,-4,-1.85]
[1.275,-4,-1.925]
[1.275,-4,-2]
[1.275,-4,-2]
[1.275,-4,-2]
[1.275,-4,-2]
[1.275,-4,-2]
[1.275,-4,-2]
[1.275,-4,-2]
[1.275,-4,-2]
[1.275,-4,-2]
[1.275,-4,-2]
[1.275,-4,-2]
[1,0,0,0]
[1,0,0,0]
[1,0,0,0]
[1,0,0,0]
[1,0,0,0]
[1,0,0,0]
[1,0,0,0]
[1,0,0,0]
[1,0,0,0]
[1,0,0,0]
[1,0,0,0]
[1,0,0,0]
[1,0,0,0]
[1,0,0,0]
[1,0,0,0]
[1,0,0,0]
[1,0,0,0]
[1,0,0,0]
[1,0,0,0]
[1,0,0,0]
[1,0,0,0]
[1,0,0,0]
[1,0,0,0]
[1,0,0,0]
[1,0,0,0]
[1,0,0,0]
[1,0,0,0]
[1,0,0,0]
[1,0,0,0]
[1,0,0,0]
[1,0,0,0]
[1,0,0,0]
[1,0,0,0]
[1,0,0,0]
[1,0,0,0]
[1,0,0,0]
[1,0,0,0]
[1,0,0,0]
[1,0,0,0]
[1,0,0,0]
[1,0,0,0]
[1,0,0,0]
[1,0,0,0]
[1,0,0,0]
[1,0,0,0]
[1,0,0,0]
[1,0,0,0]
[1,0,0,0]
[1,0,0,0]
[1,0,0,0]
[1,0,0,0]
[1,0,0,0]
[1,0,0,0]
[1,0,0,0]
[1,0,0,0]
[1,0,0,0]
[1,0,0,0]
[1,0,0,0]
[1,0,0,0]
[1,0,0,0]
[1,0,0,0]
[1,0,0,0]
[1,0,0,0]
[1,0,0,0]
[1,0,0,0]
[1,0,0,0]
[1,0,0,0]
[1,0,0,0]
[1,0,0,0]
[1,0,0,0]
[1,0,0,0]
[1,0,0,0]
[1,0,0,0]
[1,0,0,0]
[1,0,0,0]
[1,0,0,0]
[1,0,0,0]
[1,0,0,0]
[1,0,0,0]
[1,0,0,0]
