80
10
[2.45,36.9,2.663]
[2.45,36.9,2.663]
[2.45,36.9,2.663]
[2.45,36.9,2.663]
[2.45,36.9,2.663]
[2.45,36.9,2.663]
[2.45,36.9,2.663]
[2.45,36.9,2.663]
[2.45,36.9,2.663]
[2.45,36.9,2.663]
[2.45,36.9,2.663]
[2.45,36.9,2.663]
[2.45,36.9,2.663]
[2.45,36.9,2.663]
[2.45,36.9,2.663]
[2.45,36.9,2.663]
[2.45,36.9,2.663]
[2.45,36.9,2.663]
[2.45,36.9,2.663]
[2.45,36.9,2.663]
[4.4345,36.9,2.663]
[6.419,36.9,2.663]
[8.4035,36.9,2.663]
[10.388,36.9,2.663]
[12.3725,36.9,2.663]
[14.357,36.9,2.663]
[16.3415,36.9,2.663]
[18.326,36.9,2.663]
[20.3105,36.9,2.663]
[22.295,36.9,2.663]
[22.295,36.9,2.663]
[22.295,36.9,2.663]
[22.295,36.9,2.663]
[22.295,36.9,2.663]
[22.295,36.9,2.663]
[22.295,36.9,2.663]
[22.295,36.9,2.663]
[22.295,36.9,2.663]
[22.295,36.9,2.663]
[22.295,36.9,2.663]
[22.295,36.9,2.663]
[22.295,36.9,2.663]
[22.295,36.9,2.663]
[22.295,36.9,2.663]
[22.295,36.9,2.663]
[22.295,36.9,2.663]
[22.295,36.9,2.663]
[22.295,36.9,2.663]
[22.295,36.9,2.663]
[22.295,36.9,2.663]
[22.295,36.9,2.663]
[22.295,36.9,2.663]
[22.295,36.9,2.663]
[22.295,36.9,2.663]
[22.295,36.9,2.663]
[22.295,36.9,2.663]
[22.295,36.9,2.663]
[22.295,36.9,2.663]
[22.295,36.9,2.663]
[22.295,36.9,2.663]
[22.295,36.9,2.663]
[22.295,36.9,2.663]
[22.295,36.9,2.663]
[22.295,36.9,2.663]
[22.295,36.9,2.663]
[22.295,36.9,2.663]
[22.295,36.9,2.663]
[22.295,36.9,2.663]
[22.295,36.9,2.663]
[22.295,36.9,2.663]
[20.3105,36.9,2.663]
[18.326,36.9,2.663]
[16.3415,36.9,2.663]
[14.357,36.9,2.663]
[12.3725,36.9,2.663]
[10.388,36.9,2.663]
[8.4035,36.9,2.663]
[6.419,36.9,2.663]
[4.4345,36.9,2.663]
[2.45,36.9,2.663]
[1,0,0,0]
[1,0,0,0]
[1,0,0,0]
[1,0,0,0]
[1,0,0,0]
[1,0,0,0]
[1,0,0,0]
[1,0,0,0]
[1,0,0,0]
[1,0,0,0]
[1,0,0,0]
[1,0,0,0]
[1,0,0,0]
[1,0,0,0]
[1,0,0,0]
[1,0,0,0]
[1,0,0,0]
[1,0,0,0]
[1,0,0,0]
[1,0,0,0]
[1,0,0,0]
[1,0,0,0]
[1,0,0,0]
[1,0,0,0]
[1,0,0,0]
[1,0,0,0]
[1,0,0,0]
[1,0,0,0]
[1,0,0,0]
[1,0,0,0]
[1,0,0,0]
[1,0,0,0]
[1,0,0,0]
[1,0,0,0]
[1,0,0,0]
[1,0,0,0]
[1,0,0,0]
[1,0,0,0]
[1,0,0,0]
[1,0,0,0]
[1,0,0,0]
[1,0,0,0]
[1,0,0,0]
[1,0,0,0]
[1,0,0,0]
[1,0,0,0]
[1,0,0,0]
[1,0,0,0]
[1,0,0,0]
[1,0,0,0]
[1,0,0,0]
[1,0,0,0]
[1,0,0,0]
[1,0,0,0]
[1,0,0,0]
[1,0,0,0]
[1,0,0,0]
[1,0,0,0]
[1,0,0,0]
[1,0,0,0]
[1,0,0,0]
[1,0,0,0]
[1,0,0,0]
[1,0,0,0]
[1,0,0,0]
[1,0,0,0]
[1,0,0,0]
[1,0,0,0]
[1,0,0,0]
[1,0,0,0]
[1,0,0,0]
[1,0,0,0]
[1,0,0,0]
[1,0,0,0]
[1,0,0,0]
[1,0,0,0]
[1,0,0,0]
[1,0,0,0]
[1,0,0,0]
[1,0,0,0]
