80
10
[-12.407,7.65,-7.588]
[-12.407,7.65,-7.588]
[-12.407,7.65,-7.588]
[-12.407,7.65,-7.588]
[-12.407,7.65,-7.588]
[-12.407,7.65,-7.588]
[-12.407,7.65,-7.588]
[-12.407,7.65,-7.588]
[-12.407,7.65,-7.588]
[-12.407,7.65,-7.588]
[-12.407,7.65,-7.588]
[-12.407,7.65,-7.588]
[-12.407,7.65,-7.588]
[-12.407,7.65,-7.588]
[-12.407,7.65,-7.588]
[-12.407,7.65,-7.588]
[-12.407,7.65,-7.588]
[-12.407,7.65,-7.588]
[-12.407,7.65,-7.588]
[-12.407,7.65,-7.588]
[-12.407,7.65,-7.588]
[-12.407,7.65,-7.588]
[-12.407,7.65,-7.588]
[-12.407,7.65,-7.588]
[-12.407,7.65,-7.588]
[-12.407,7.65,-7.588]
[-12.407,7.65,-7.588]
[-12.407,7.65,-7.588]
[-12.407,7.65,-7.588]
[-12.407,7.65,-7.588]
[-12.407,7.65,-7.8132]
[-12.407,7.65,-8.0384]
[-12.407,7.65,-8.2636]
[-12.407,7.65,-8.4888]
[-12.407,7.65,-8.714]
[-12.407,7.65,-8.9392]
[-12.407,7.65,-9.1644]
[-12.407,7.65,-9.3896]
[-12.407,7.65,-9.6148]
[-12.407,7.65,-9.84]
[-12.407,7.65,-9.84]
[-12.407,7.65,-9.84]
[-12.407,7.65,-9.84]
[-12.407,7.65,-9.84]
[-12.407,7.65,-9.84]
[-12.407,7.65,-9.84]
[-12.407,7.65,-9.84]
[-12.407,7.65,-9.84]
[-12.407,7.65,-9.84]
[-12.407,7.65,-9.84]
[-12.407,7.65,-9.84]
[-12.407,7.65,-9.84]
[-12.407,7.65,-9.84]
[-12.407,7.65,-9.84]
[-12.407,7.65,-9.84]
[-12.407,7.65,-9.84]
[-12.407,7.65,-9.84]
[-12.407,7.65,-9.84]
[-12.407,7.65,-9.84]
[-12.407,7.65,-9.84]
[-12.407,7.65,-9.84]
[-12.407,7.65,-9.84]
[-12.407,7.65,-9.84]
[-12.407,7.65,-9.84]
[-12.407,7.65,-9.84]
[-12.407,7.65,-9.84]
[-12.407,7.65,-9.84]
[-12.407,7.65,-9.84]
[-12.407,7.65,-9.84]
[-12.407,7.65,-9.84]
[-12.407,7.65,-9.6148]
[-12.407,7.65,-9.3896]
[-12.407,7.65,-9.1644]
[-12.407,7.65,-8.9392]
[-12.407,7.65,-8.714]
[-12.407,7.65,-8.4888]
[-12.407,7.65,-8.2636]
[-12.407,7.65,-8.0384]
[-12.407,7.65,-7.8132]
[-12.407,7.65,-7.588]
[1,0,0,0]
[1,0,0,0]
[1,0,0,0]
[1,0,0,0]
[1,0,0,0]
[1,0,0,0]
[1,0,0,0]
[1,0,0,0]
[1,0,0,0]
[1,0,0,0]
[1,0,0,0]
[1,0,0,0]
[1,0,0,0]
[1,0,0,0]
[1,0,0,0]
[1,0,0,0]
[1,0,0,0]
[1,0,0,0]
[1,0,0,0]
[1,0,0,0]
[1,0,0,0]
[1,0,0,0]
[1,0,0,0]
[1,0,0,0]
[1,0,0,0]
[1,0,0,0]
[1,0,0,0]
[1,0,0,0]
[1,0,0,0]
[1,0,0,0]
[1,0,0,0]
[1,0,0,0]
[1,0,0,0]
[1,0,0,0]
[1,0,0,0]
[1,0,0,0]
[1,0,0,0]
[1,0,0,0]
[1,0,0,0]
[1,0,0,0]
[1,0,0,0]
[1,0,0,0]
[1,0,0,0]
[1,0,0,0]
[1,0,0,0]
[1,0,0,0]
[1,0,0,0]
[1,0,0,0]
[1,0,0,0]
[1,0,0,0]
[1,0,0,0]
[1,0,0,0]
[1,0,0,0]
[1,0,0,0]
[1,0,0,0]
[1,0,0,0]
[1,0,0,0]
[1,0,0,0]
[1,0,0,0]
[1,0,0,0]
[1,0,0,0]
[1,0,0,0]
[1,0,0,0]
[1,0,0,0]
[1,0,0,0]
[1,0,0,0]
[1,0,0,0]
[1,0,0,0]
[1,0,0,0]
[1,0,0,0]
[1,0,0,0]
[1,0,0,0]
[1,0,0,0]
[1,0,0,0]
[1,0,0,0]
[1,0,0,0]
[1,0,0,0]
[1,0,0,0]
[1,0,0,0]
[1,0,0,0]
