74
10
[-0.563,-2.3,-17.1]
[-0.563,-2.3,-17.1]
[-0.563,-2.3,-17.1]
[-0.563,-2.3,-17.1]
[-0.563,-2.3,-17.1]
[-0.563,-2.3,-17.1]
[-0.563,-2.3,-17.1]
[-0.563,-2.3,-17.1]
[-0.563,-2.3,-17.1]
[-0.563,-2.3,-17.1]
[-0.563,-2.3,-17.1]
[-0.563,-2.3,-17.1]
[-0.563,-2.3,-17.1]
[-0.563,-2.3,-17.1]
[-0.563,-2.3,-17.1]
[-0.563,-2.3,-17.1]
[-0.563,-2.3,-17.1]
[-0.563,-2.3,-17.1]
[-0.563,-2.3,-17.1]
[-0.563,-2.3,-17.1]
[-0.563,-2.3,-17.1]
[-0.563,-2.3,-17.1]
[-0.563,-2.3,-17.1]
[-0.563,-2.3,-17.1]
[-0.563,-2.3,-17.1]
[-0.563,-2.97792,-17.1]
[-0.563,-3.65583,-17.1]
[-0.563,-4.33375,-17.1]
[-0.563,-5.01167,-17.1]
[-0.563,-5.68958,-17.1]
[-0.563,-6.3675,-17.1]
[-0.563,-7.04542,-17.1]
[-0.563,-7.72333,-17.1]
[-0.563,-8.40125,-17.1]
[-0.563,-9.07917,-17.1]
[-0.563,-9.75708,-17.1]
[-0.563,-10.435,-17.1]
[-0.563,-10.435,-17.1]
[-0.563,-10.435,-17.1]
[-0.563,-10.435,-17.1]
[-0.563,-10.435,-17.1]
[-0.563,-10.435,-17.1]
[-0.563,-10.435,-17.1]
[-0.563,-10.435,-17.1]
[-0.563,-10.435,-17.1]
[-0.563,-10.435,-17.1]
[-0.563,-10.435,-17.1]
[-0.563,-10.435,-17.1]
[-0.563,-10.435,-17.1]
[-0.563,-10.435,-17.1]
[-0.563,-10.435,-17.1]
[-0.563,-10.435,-17.1]
[-0.563,-10.435,-17.1]
[-0.563,-10.435,-17.1]
[-0.563,-9.6215,-17.1]
[-0.563,-8.808,-17.1]
[-0.563,-7.9945,-17.1]
[-0.563,-7.181,-17.1]
[-0.563,-6.3675,-17.1]
[-0.563,-5.554,-17.1]
[-0.563,-4.7405,-17.1]
[-0.563,-3.927,-17.1]
[-0.563,-3.1135,-17.1]
[-0.563,-2.3,-17.1]
[-0.563,-2.3,-17.1]
[-0.563,-2.3,-17.1]
[-0.563,-2.3,-17.1]
[-0.563,-2.3,-17.1]
[-0.563,-2.3,-17.1]
[-0.563,-2.3,-17.1]
[-0.563,-2.3,-17.1]
[-0.563,-2.3,-17.1]
[-0.563,-2.3,-17.1]
[-0.563,-2.3,-17.1]
[1,0,0,0]
[1,0,0,0]
[1,0,0,0]
[1,0,0,0]
[1,0,0,0]
[1,0,0,0]
[1,0,0,0]
[1,0,0,0]
[1,0,0,0]
[1,0,0,0]
[1,0,0,0]
[1,0,0,0]
[1,0,0,0]
[1,0,0,0]
[1,0,0,0]
[1,0,0,0]
[1,0,0,0]
[1,0,0,0]
[1,0,0,0]
[1,0,0,0]
[1,0,0,0]
[1,0,0,0]
[1,0,0,0]
[1,0,0,0]
[1,0,0,0]
[1,0,0,0]
[1,0,0,0]
[1,0,0,0]
[1,0,0,0]
[1,0,0,0]
[1,0,0,0]
[1,0,0,0]
[1,0,0,0]
[1,0,0,0]
[1,0,0,0]
[1,0,0,0]
[1,0,0,0]
[1,0,0,0]
[1,0,0,0]
[1,0,0,0]
[1,0,0,0]
[1,0,0,0]
[1,0,0,0]
[1,0,0,0]
[1,0,0,0]
[1,0,0,0]
[1,0,0,0]
[1,0,0,0]
[1,0,0,0]
[1,0,0,0]
[1,0,0,0]
[1,0,0,0]
[1,0,0,0]
[1,0,0,0]
[1,0,0,0]
[1,0,0,0]
[1,0,0,0]
[1,0,0,0]
[1,0,0,0]
[1,0,0,0]
[1,0,0,0]
[1,0,0,0]
[1,0,0,0]
[1,0,0,0]
[1,0,0,0]
[1,0,0,0]
[1,0,0,0]
[1,0,0,0]
[1,0,0,0]
[1,0,0,0]
[1,0,0,0]
[1,0,0,0]
[1,0,0,0]
[1,0,0,0]
