89
10
[0.0, 0.0, 0.0]
[0.0, 0.0, 0.0]
[0.0, 0.0, 0.0]
[0.0, 0.0, 0.0]
[0.0, 0.0, 0.0]
[0.0, 0.0, 0.0]
[0.0, 0.0, 0.0]
[0.0, 0.0, 0.0]
[0.0, 0.0, 0.0]
[0.0, 0.0, 0.0]
[0.0, 0.0, 0.0]
[0.0, 0.0, 0.0]
[0.0, 0.0, 0.0]
[0.0, 0.0, 0.0]
[0.0, 0.0, 0.0]
[0.0, 0.0, 0.0]
[0.0, 0.0, 0.0]
[0.0, 0.0, 0.0]
[0.0, 0.0, 0.0]
[0.0, 0.0, 0.0]
[0.0, 0.0, 0.0]
[0.0, 0.0, 0.0]
[0.0, 0.0, 0.0]
[0.0, 0.0, 0.0]
[0.0, 0.0, 0.0]
[0.0, 0.0, 0.0]
[0.0, 0.0, 0.0]
[0.0, 0.0, 0.0]
[0.0, 0.0, 0.0]
[0.0, 0.0, 0.0]
[0.0, 0.0, 0.0]
[0.0, 0.0, 0.0]
[0.0, 0.0, 0.0]
[0.0, 0.0, 0.0]
[0.0, 0.0, 0.0]
[0.0, 0.0, 0.0]
[0.0, 0.0, 0.0]
[0.0, 0.0, 0.0]
[0.0, 0.0, 0.0]
[0.0, 0.0, 0.0]
[0.0, 0.0, 0.0]
[0.0, 0.0, 0.0]
[0.0, 0.0, 0.0]
[0.0, 0.0, 0.0]
[0.0, 0.0, 0.0]
[0.0, 0.0, 0.0]
[0.0, 0.0, 0.0]
[0.0, 0.0, 0.0]
[0.0, 0.0, 0.0]
[0.0, 0.0, 0.0]
[0.0, 0.0, 0.0]
[0.0, 0.0, 0.0]
[0.0, 0.0, 0.0]
[0.0, 0.0, 0.0]
[0.0, 0.0, 0.0]
[0.0, 0.0, 0.0]
[0.0, 0.0, 0.0]
[0.0, 0.0, 0.0]
[0.0, 0.0, 0.0]
[0.0, 0.0, 0.0]
[0.0, 0.0, 0.0]
[0.0, 0.0, 0.0]
[0.0, 0.0, 0.0]
[0.0, 0.0, 0.0]
[0.0, 0.0, 0.0]
[0.0, 0.0, 0.0]
[0.0, 0.0, 0.0]
[0.0, 0.0, 0.0]
[0.0, 0.0, 0.0]
[0.0, 0.0, 0.0]
[0.0, 0.0, 0.0]
[0.0, 0.0, 0.0]
[0.0, 0.0, 0.0]
[0.0, 0.0, 0.0]
[0.0, 0.0, 0.0]
[0.0, 0.0, 0.0]
[0.0, 0.0, 0.0]
[0.0, 0.0, 0.0]
[0.0, 0.0, 0.0]
[0.0, 0.0, 0.0]
[0.0, 0.0, 0.0]
[0.0, 0.0, 0.0]
[0.0, 0.0, 0.0]
[0.0, 0.0, 0.0]
[0.0, 0.0, 0.0]
[0.0, 0.0, 0.0]
[0.0, 0.0, 0.0]
[0.0, 0.0, 0.0]
[0.0, 0.0, 0.0]
[0,0,0,0]
[0,0,0,0]
[0,0,0,0]
[0,0,0,0]
[0,0,0,0]
[0,0,0,0]
[0,0,0,0]
[0,0,0,0]
[0,0,0,0]
[0,0,0,0]
[0,0,0,0]
[0,0,0,0]
[0,0,0,0]
[0,0,0,0]
[0,0,0,0]
[0,0,0,0]
[13.2681,0,0,-1]
[13.2681,0,0,-1]
[13.2681,0,0,-1]
[13.2681,0,0,-1]
[13.2681,0,0,-1]
[13.2681,0,0,-1]
[13.2681,0,0,-1]
[0,0,0,0]
[0,0,0,0]
[0,0,0,0]
[0,0,0,0]
[0,0,0,0]
[0,0,0,0]
[0,0,0,0]
[0,0,0,0]
[0,0,0,0]
[0,0,0,0]
[0,0,0,0]
[0,0,0,0]
[0,0,0,0]
[0,0,0,0]
[0,0,0,0]
[0,0,0,0]
[0,0,0,0]
[0,0,0,0]
[0,0,0,0]
[0,0,0,0]
[0,0,0,0]
[0,0,0,0]
[0,0,0,0]
[0,0,0,0]
[0,0,0,0]
[0,0,0,0]
[0,0,0,0]
[0,0,0,0]
[0,0,0,0]
[0,0,0,0]
[0,0,0,0]
[0,0,0,0]
[0,0,0,0]
[0,0,0,0]
[0,0,0,0]
[0,0,0,0]
[0,0,0,0]
[3.20264,0,0,1]
[3.20264,0,0,1]
[3.20264,0,0,1]
[3.20264,0,0,1]
[3.20264,0,0,1]
[3.20264,0,0,1]
[3.20264,0,0,1]
[3.20264,0,0,1]
[3.20264,0,0,1]
[3.20264,0,0,1]
[3.20264,0,0,1]
[3.20264,0,0,1]
[3.20264,0,0,1]
[3.20264,0,0,1]
[3.20264,0,0,1]
[3.20264,0,0,1]
[3.20264,0,0,1]
[3.20264,0,0,1]
[3.20264,0,0,1]
[3.20264,0,0,1]
[3.20264,0,0,1]
[3.20264,0,0,1]
[3.20264,0,0,1]
[3.20264,0,0,1]
[3.20264,0,0,1]
[3.20264,0,0,1]
[3.20264,0,0,1]
[3.20264,0,0,1]
[3.20264,0,0,1]
