88
10
[0.0, 0.0, 0.0]
[0.0, 0.0, 0.0]
[0.0, 0.0, 0.0]
[0.0, 0.0, 0.0]
[0.0, 0.0, 0.0]
[0.0, 0.0, 0.0]
[0.0, 0.0, 0.0]
[0.0, 0.0, 0.0]
[0.0, 0.0, 0.0]
[0.0, 0.0, 0.0]
[0.0, 0.0, 0.0]
[0.0, 0.0, 0.0]
[0.0, 0.0, 0.0]
[0.0, 0.0, 0.0]
[0.0, 0.0, 0.0]
[0.0, 0.0, 0.0]
[0.0, 0.0, 0.0]
[0.0, 0.0, 0.0]
[0.0, 0.0, 0.0]
[0.0, 0.0, 0.0]
[0.0, 0.0, 0.0]
[0.0, 0.0, 0.0]
[0.0, 0.0, 0.0]
[0.0, 0.0, 0.0]
[0.0, 0.0, 0.0]
[0.0, 0.0, 0.0]
[0.0, 0.0, 0.0]
[0.0, 0.0, 0.0]
[0.0, 0.0, 0.0]
[0.0, 0.0, 0.0]
[0.0, 0.0, 0.0]
[0.0, 0.0, 0.0]
[0.0, 0.0, 0.0]
[0.0, 0.0, 0.0]
[0.0, 0.0, 0.0]
[0.0, 0.0, 0.0]
[0.0, 0.0, 0.0]
[0.0, 0.0, 0.0]
[0.0, 0.0, 0.0]
[0.0, 0.0, 0.0]
[0.0, 0.0, 0.0]
[0.0, 0.0, 0.0]
[0.0, 0.0, 0.0]
[0.0, 0.0, 0.0]
[0.0, 0.0, 0.0]
[0.0, 0.0, 0.0]
[0.0, 0.0, 0.0]
[0.0, 0.0, 0.0]
[0.0, 0.0, 0.0]
[0.0, 0.0, 0.0]
[0.0, 0.0, 0.0]
[0.0, 0.0, 0.0]
[0.0, 0.0, 0.0]
[0.0, 0.0, 0.0]
[0.0, 0.0, 0.0]
[0.0, 0.0, 0.0]
[0.0, 0.0, 0.0]
[0.0, 0.0, 0.0]
[0.0, 0.0, 0.0]
[0.0, 0.0, 0.0]
[0.0, 0.0, 0.0]
[0.0, 0.0, 0.0]
[0.0, 0.0, 0.0]
[0.0, 0.0, 0.0]
[0.0, 0.0, 0.0]
[0.0, 0.0, 0.0]
[0.0, 0.0, 0.0]
[0.0, 0.0, 0.0]
[0.0, 0.0, 0.0]
[0.0, 0.0, 0.0]
[0.0, 0.0, 0.0]
[0.0, 0.0, 0.0]
[0.0, 0.0, 0.0]
[0.0, 0.0, 0.0]
[0.0, 0.0, 0.0]
[0.0, 0.0, 0.0]
[0.0, 0.0, 0.0]
[0.0, 0.0, 0.0]
[0.0, 0.0, 0.0]
[0.0, 0.0, 0.0]
[0.0, 0.0, 0.0]
[0.0, 0.0, 0.0]
[0.0, 0.0, 0.0]
[0.0, 0.0, 0.0]
[0.0, 0.0, 0.0]
[0.0, 0.0, 0.0]
[0.0, 0.0, 0.0]
[0.0, 0.0, 0.0]
[0,0,0,0]
[0,0,0,0]
[0,0,0,0]
[0,0,0,0]
[0,0,0,0]
[0,0,0,0]
[0,0,0,0]
[0,0,0,0]
[0,0,0,0]
[0,0,0,0]
[0,0,0,0]
[0,0,0,0]
[0,0,0,0]
[0,0,0,0]
[0,0,0,0]
[0,0,0,0]
[13.2697,0,1,0]
[13.2697,0,1,0]
[13.2697,0,1,0]
[13.2697,0,1,0]
[13.2697,0,1,0]
[13.2697,0,1,0]
[13.2697,0,1,0]
[13.2697,0,1,0]
[13.2697,0,1,0]
[13.2697,0,1,0]
[13.2697,0,1,0]
[1.63701,0,-1.00001,0]
[1.63701,0,-1.00001,0]
[1.63701,0,-1.00001,0]
[1.63701,0,-1.00001,0]
[1.63701,0,-1.00001,0]
[1.63701,0,-1.00001,0]
[1.63701,0,-1.00001,0]
[0,0,0,0]
[0,0,0,0]
[0,0,0,0]
[0,0,0,0]
[0,0,0,0]
[0,0,0,0]
[0,0,0,0]
[0,0,0,0]
[0,0,0,0]
[0,0,0,0]
[0,0,0,0]
[0,0,0,0]
[0,0,0,0]
[0,0,0,0]
[0,0,0,0]
[0,0,0,0]
[0,0,0,0]
[0,0,0,0]
[0,0,0,0]
[0,0,0,0]
[0,0,0,0]
[0,0,0,0]
[0,0,0,0]
[0,0,0,0]
[0,0,0,0]
[2.29181,0,1.00001,0]
[2.29181,0,1.00001,0]
[2.29181,0,1.00001,0]
[2.29181,0,1.00001,0]
[2.29181,0,1.00001,0]
[8.91805,0,1,0]
[8.91805,0,1,0]
[8.91805,0,1,0]
[8.91805,0,1,0]
[8.91805,0,1,0]
[8.91805,0,1,0]
[8.91805,0,1,0]
[8.91805,0,1,0]
[8.91805,0,1,0]
[8.91805,0,1,0]
[8.91805,0,1,0]
[8.91805,0,1,0]
[8.91805,0,1,0]
[8.91805,0,1,0]
[8.91805,0,1,0]
[8.91805,0,1,0]
[8.91805,0,1,0]
[8.91805,0,1,0]
[8.91805,0,1,0]
[8.91805,0,1,0]
[8.91805,0,1,0]
[8.91805,0,1,0]
[8.91805,0,1,0]
[8.91805,0,1,0]
