150
10
[-11.92,0,0]
[-11.84,0,0]
[-11.76,0,0]
[-11.68,0,0]
[-11.6,0,0]
[-11.52,0,0]
[-11.44,0,0]
[-11.36,0,0]
[-11.28,0,0]
[-11.2,0,0]
[-11.12,0,0]
[-11.04,0,0]
[-10.96,0,0]
[-10.88,0,0]
[-10.8,0,0]
[-10.72,0,0]
[-10.64,0,0]
[-10.56,0,0]
[-10.48,0,0]
[-10.4,0,0]
[-10.32,0,0]
[-10.24,0,0]
[-10.16,0,0]
[-10.08,0,0]
[-10,0,0]
[-9.92,0,0]
[-9.84,0,0]
[-9.76,0,0]
[-9.68,0,0]
[-9.6,0,0]
[-9.52,0,0]
[-9.44,0,0]
[-9.36,0,0]
[-9.28,0,0]
[-9.2,0,0]
[-9.12,0,0]
[-9.04,0,0]
[-8.96,0,0]
[-8.88,0,0]
[-8.8,0,0]
[-8.72,0,0]
[-8.64,0,0]
[-8.56,0,0]
[-8.48,0,0]
[-8.4,0,0]
[-8.32,0,0]
[-8.24,0,0]
[-8.16,0,0]
[-8.08,0,0]
[-8,0,0]
[-7.92,0,0]
[-7.84,0,0]
[-7.76,0,0]
[-7.68,0,0]
[-7.6,0,0]
[-7.52,0,0]
[-7.44,0,0]
[-7.36,0,0]
[-7.28,0,0]
[-7.2,0,0]
[-7.12,0,0]
[-7.04,0,0]
[-6.96,0,0]
[-6.88,0,0]
[-6.8,0,0]
[-6.72,0,0]
[-6.64,0,0]
[-6.56,0,0]
[-6.48,0,0]
[-6.4,0,0]
[-6.32,0,0]
[-6.24,0,0]
[-6.16,0,0]
[-6.08,0,0]
[-6,0,0]
[-5.92,0,0]
[-5.84,0,0]
[-5.76,0,0]
[-5.68,0,0]
[-5.6,0,0]
[-5.52,0,0]
[-5.44,0,0]
[-5.36,0,0]
[-5.28,0,0]
[-5.2,0,0]
[-5.12,0,0]
[-5.04,0,0]
[-4.96,0,0]
[-4.88,0,0]
[-4.8,0,0]
[-4.72,0,0]
[-4.64,0,0]
[-4.56,0,0]
[-4.48,0,0]
[-4.4,0,0]
[-4.32,0,0]
[-4.24,0,0]
[-4.16,0,0]
[-4.08,0,0]
[-4,0,0]
[-3.92,0,0]
[-3.84,0,0]
[-3.76,0,0]
[-3.68,0,0]
[-3.6,0,0]
[-3.52,0,0]
[-3.44,0,0]
[-3.36,0,0]
[-3.28,0,0]
[-3.2,0,0]
[-3.12,0,0]
[-3.04,0,0]
[-2.96,0,0]
[-2.88,0,0]
[-2.8,0,0]
[-2.72,0,0]
[-2.64,0,0]
[-2.56,0,0]
[-2.48,0,0]
[-2.4,0,0]
[-2.32,0,0]
[-2.24,0,0]
[-2.16,0,0]
[-2.08,0,0]
[-2,0,0]
[-1.92,0,0]
[-1.84,0,0]
[-1.76,0,0]
[-1.68,0,0]
[-1.6,0,0]
[-1.52,0,0]
[-1.44,0,0]
[-1.36,0,0]
[-1.28,0,0]
[-1.2,0,0]
[-1.12,0,0]
[-1.04,0,0]
[-0.96,0,0]
[-0.88,0,0]
[-0.8,0,0]
[-0.72,0,0]
[-0.64,0,0]
[-0.56,0,0]
[-0.48,0,0]
[-0.4,0,0]
[-0.32,0,0]
[-0.24,0,0]
[-0.16,0,0]
[-0.08,0,0]
[0,0,0]
[1,0,0,0]
[1,0,0,0]
[1,0,0,0]
[1,0,0,0]
[1,0,0,0]
[1,0,0,0]
[1,0,0,0]
[1,0,0,0]
[1,0,0,0]
[1,0,0,0]
[1,0,0,0]
[1,0,0,0]
[1,0,0,0]
[1,0,0,0]
[1,0,0,0]
[1,0,0,0]
[1,0,0,0]
[1,0,0,0]
[1,0,0,0]
[1,0,0,0]
[1,0,0,0]
[1,0,0,0]
[1,0,0,0]
[1,0,0,0]
[1,0,0,0]
[1,0,0,0]
[1,0,0,0]
[1,0,0,0]
[1,0,0,0]
[1,0,0,0]
[1,0,0,0]
[1,0,0,0]
[1,0,0,0]
[1,0,0,0]
[1,0,0,0]
[1,0,0,0]
[1,0,0,0]
[1,0,0,0]
[1,0,0,0]
[1,0,0,0]
[1,0,0,0]
[1,0,0,0]
[1,0,0,0]
[1,0,0,0]
[1,0,0,0]
[1,0,0,0]
[1,0,0,0]
[1,0,0,0]
[1,0,0,0]
[1,0,0,0]
[1,0,0,0]
[1,0,0,0]
[1,0,0,0]
[1,0,0,0]
[1,0,0,0]
[1,0,0,0]
[1,0,0,0]
[1,0,0,0]
[1,0,0,0]
[1,0,0,0]
[1,0,0,0]
[1,0,0,0]
[1,0,0,0]
[1,0,0,0]
[1,0,0,0]
[1,0,0,0]
[1,0,0,0]
[1,0,0,0]
[1,0,0,0]
[1,0,0,0]
[1,0,0,0]
[1,0,0,0]
[1,0,0,0]
[1,0,0,0]
[1,0,0,0]
[1,0,0,0]
[1,0,0,0]
[1,0,0,0]
[1,0,0,0]
[1,0,0,0]
[1,0,0,0]
[1,0,0,0]
[1,0,0,0]
[1,0,0,0]
[1,0,0,0]
[1,0,0,0]
[1,0,0,0]
[1,0,0,0]
[1,0,0,0]
[1,0,0,0]
[1,0,0,0]
[1,0,0,0]
[1,0,0,0]
[1,0,0,0]
[1,0,0,0]
[1,0,0,0]
[1,0,0,0]
[1,0,0,0]
[1,0,0,0]
[1,0,0,0]
[1,0,0,0]
[1,0,0,0]
[1,0,0,0]
[1,0,0,0]
[1,0,0,0]
[1,0,0,0]
[1,0,0,0]
[1,0,0,0]
[1,0,0,0]
[1,0,0,0]
[1,0,0,0]
[1,0,0,0]
[1,0,0,0]
[1,0,0,0]
[1,0,0,0]
[1,0,0,0]
[1,0,0,0]
[1,0,0,0]
[1,0,0,0]
[1,0,0,0]
[1,0,0,0]
[1,0,0,0]
[1,0,0,0]
[1,0,0,0]
[1,0,0,0]
[1,0,0,0]
[1,0,0,0]
[1,0,0,0]
[1,0,0,0]
[1,0,0,0]
[1,0,0,0]
[1,0,0,0]
[1,0,0,0]
[1,0,0,0]
[1,0,0,0]
[1,0,0,0]
[1,0,0,0]
[1,0,0,0]
[1,0,0,0]
[1,0,0,0]
[1,0,0,0]
[1,0,0,0]
[1,0,0,0]
[1,0,0,0]
[1,0,0,0]
[1,0,0,0]
[1,0,0,0]
[1,0,0,0]
[1,0,0,0]
[1,0,0,0]
