150
10
[-11.92,0,19.8667]
[-11.84,0,19.7333]
[-11.76,0,19.6]
[-11.68,0,19.4667]
[-11.6,0,19.3333]
[-11.52,0,19.2]
[-11.44,0,19.0667]
[-11.36,0,18.9333]
[-11.28,0,18.8]
[-11.2,0,18.6667]
[-11.12,0,18.5333]
[-11.04,0,18.4]
[-10.96,0,18.2667]
[-10.88,0,18.1333]
[-10.8,0,18]
[-10.72,0,17.8667]
[-10.64,0,17.7333]
[-10.56,0,17.6]
[-10.48,0,17.4667]
[-10.4,0,17.3333]
[-10.32,0,17.2]
[-10.24,0,17.0667]
[-10.16,0,16.9333]
[-10.08,0,16.8]
[-10,0,16.6667]
[-9.92,0,16.5333]
[-9.84,0,16.4]
[-9.76,0,16.2667]
[-9.68,0,16.1333]
[-9.6,0,16]
[-9.52,0,15.8667]
[-9.44,0,15.7333]
[-9.36,0,15.6]
[-9.28,0,15.4667]
[-9.2,0,15.3333]
[-9.12,0,15.2]
[-9.04,0,15.0667]
[-8.96,0,14.9333]
[-8.88,0,14.8]
[-8.8,0,14.6667]
[-8.72,0,14.5333]
[-8.64,0,14.4]
[-8.56,0,14.2667]
[-8.48,0,14.1333]
[-8.4,0,14]
[-8.32,0,13.8667]
[-8.24,0,13.7333]
[-8.16,0,13.6]
[-8.08,0,13.4667]
[-8,0,13.3333]
[-7.92,0,13.2]
[-7.84,0,13.0667]
[-7.76,0,12.9333]
[-7.68,0,12.8]
[-7.6,0,12.6667]
[-7.52,0,12.5333]
[-7.44,0,12.4]
[-7.36,0,12.2667]
[-7.28,0,12.1333]
[-7.2,0,12]
[-7.12,0,11.8667]
[-7.04,0,11.7333]
[-6.96,0,11.6]
[-6.88,0,11.4667]
[-6.8,0,11.3333]
[-6.72,0,11.2]
[-6.64,0,11.0667]
[-6.56,0,10.9333]
[-6.48,0,10.8]
[-6.4,0,10.6667]
[-6.32,0,10.5333]
[-6.24,0,10.4]
[-6.16,0,10.2667]
[-6.08,0,10.1333]
[-6,0,10]
[-5.92,0,9.86667]
[-5.84,0,9.73333]
[-5.76,0,9.6]
[-5.68,0,9.46667]
[-5.6,0,9.33333]
[-5.52,0,9.2]
[-5.44,0,9.06667]
[-5.36,0,8.93333]
[-5.28,0,8.8]
[-5.2,0,8.66667]
[-5.12,0,8.53333]
[-5.04,0,8.4]
[-4.96,0,8.26667]
[-4.88,0,8.13333]
[-4.8,0,8]
[-4.72,0,7.86667]
[-4.64,0,7.73333]
[-4.56,0,7.6]
[-4.48,0,7.46667]
[-4.4,0,7.33333]
[-4.32,0,7.2]
[-4.24,0,7.06667]
[-4.16,0,6.93333]
[-4.08,0,6.8]
[-4,0,6.66667]
[-3.92,0,6.53333]
[-3.84,0,6.4]
[-3.76,0,6.26667]
[-3.68,0,6.13333]
[-3.6,0,6]
[-3.52,0,5.86667]
[-3.44,0,5.73333]
[-3.36,0,5.6]
[-3.28,0,5.46667]
[-3.2,0,5.33333]
[-3.12,0,5.2]
[-3.04,0,5.06667]
[-2.96,0,4.93333]
[-2.88,0,4.8]
[-2.8,0,4.66667]
[-2.72,0,4.53333]
[-2.64,0,4.4]
[-2.56,0,4.26667]
[-2.48,0,4.13333]
[-2.4,0,4]
[-2.32,0,3.86667]
[-2.24,0,3.73333]
[-2.16,0,3.6]
[-2.08,0,3.46667]
[-2,0,3.33333]
[-1.92,0,3.2]
[-1.84,0,3.06667]
[-1.76,0,2.93333]
[-1.68,0,2.8]
[-1.6,0,2.66667]
[-1.52,0,2.53333]
[-1.44,0,2.4]
[-1.36,0,2.26667]
[-1.28,0,2.13333]
[-1.2,0,2]
[-1.12,0,1.86667]
[-1.04,0,1.73333]
[-0.96,0,1.6]
[-0.88,0,1.46667]
[-0.8,0,1.33333]
[-0.72,0,1.2]
[-0.64,0,1.06667]
[-0.56,0,0.933333]
[-0.48,0,0.8]
[-0.4,0,0.666667]
[-0.32,0,0.533333]
[-0.24,0,0.4]
[-0.16,0,0.266667]
[-0.08,0,0.133333]
[0,0,0]
[1,0,0,0]
[1,0,0,0]
[1,0,0,0]
[1,0,0,0]
[1,0,0,0]
[1,0,0,0]
[1,0,0,0]
[1,0,0,0]
[1,0,0,0]
[1,0,0,0]
[1,0,0,0]
[1,0,0,0]
[1,0,0,0]
[1,0,0,0]
[1,0,0,0]
[1,0,0,0]
[1,0,0,0]
[1,0,0,0]
[1,0,0,0]
[1,0,0,0]
[1,0,0,0]
[1,0,0,0]
[1,0,0,0]
[1,0,0,0]
[1,0,0,0]
[1,0,0,0]
[1,0,0,0]
[1,0,0,0]
[1,0,0,0]
[1,0,0,0]
[1,0,0,0]
[1,0,0,0]
[1,0,0,0]
[1,0,0,0]
[1,0,0,0]
[1,0,0,0]
[1,0,0,0]
[1,0,0,0]
[1,0,0,0]
[1,0,0,0]
[1,0,0,0]
[1,0,0,0]
[1,0,0,0]
[1,0,0,0]
[1,0,0,0]
[1,0,0,0]
[1,0,0,0]
[1,0,0,0]
[1,0,0,0]
[1,0,0,0]
[1,0,0,0]
[1,0,0,0]
[1,0,0,0]
[1,0,0,0]
[1,0,0,0]
[1,0,0,0]
[1,0,0,0]
[1,0,0,0]
[1,0,0,0]
[1,0,0,0]
[1,0,0,0]
[1,0,0,0]
[1,0,0,0]
[1,0,0,0]
[1,0,0,0]
[1,0,0,0]
[1,0,0,0]
[1,0,0,0]
[1,0,0,0]
[1,0,0,0]
[1,0,0,0]
[1,0,0,0]
[1,0,0,0]
[1,0,0,0]
[1,0,0,0]
[1,0,0,0]
[1,0,0,0]
[1,0,0,0]
[1,0,0,0]
[1,0,0,0]
[1,0,0,0]
[1,0,0,0]
[1,0,0,0]
[1,0,0,0]
[1,0,0,0]
[1,0,0,0]
[1,0,0,0]
[1,0,0,0]
[1,0,0,0]
[1,0,0,0]
[1,0,0,0]
[1,0,0,0]
[1,0,0,0]
[1,0,0,0]
[1,0,0,0]
[1,0,0,0]
[1,0,0,0]
[1,0,0,0]
[1,0,0,0]
[1,0,0,0]
[1,0,0,0]
[1,0,0,0]
[1,0,0,0]
[1,0,0,0]
[1,0,0,0]
[1,0,0,0]
[1,0,0,0]
[1,0,0,0]
[1,0,0,0]
[1,0,0,0]
[1,0,0,0]
[1,0,0,0]
[1,0,0,0]
[1,0,0,0]
[1,0,0,0]
[1,0,0,0]
[1,0,0,0]
[1,0,0,0]
[1,0,0,0]
[1,0,0,0]
[1,0,0,0]
[1,0,0,0]
[1,0,0,0]
[1,0,0,0]
[1,0,0,0]
[1,0,0,0]
[1,0,0,0]
[1,0,0,0]
[1,0,0,0]
[1,0,0,0]
[1,0,0,0]
[1,0,0,0]
[1,0,0,0]
[1,0,0,0]
[1,0,0,0]
[1,0,0,0]
[1,0,0,0]
[1,0,0,0]
[1,0,0,0]
[1,0,0,0]
[1,0,0,0]
[1,0,0,0]
[1,0,0,0]
[1,0,0,0]
[1,0,0,0]
[1,0,0,0]
[1,0,0,0]
[1,0,0,0]
[1,0,0,0]
[1,0,0,0]
