150
10
[0,0,9.93333]
[0,0,9.86667]
[0,0,9.8]
[0,0,9.73333]
[0,0,9.66667]
[0,0,9.6]
[0,0,9.53333]
[0,0,9.46667]
[0,0,9.4]
[0,0,9.33333]
[0,0,9.26667]
[0,0,9.2]
[0,0,9.13333]
[0,0,9.06667]
[0,0,9]
[0,0,8.93333]
[0,0,8.86667]
[0,0,8.8]
[0,0,8.73333]
[0,0,8.66667]
[0,0,8.6]
[0,0,8.53333]
[0,0,8.46667]
[0,0,8.4]
[0,0,8.33333]
[0,0,8.26667]
[0,0,8.2]
[0,0,8.13333]
[0,0,8.06667]
[0,0,8]
[0,0,7.93333]
[0,0,7.86667]
[0,0,7.8]
[0,0,7.73333]
[0,0,7.66667]
[0,0,7.6]
[0,0,7.53333]
[0,0,7.46667]
[0,0,7.4]
[0,0,7.33333]
[0,0,7.26667]
[0,0,7.2]
[0,0,7.13333]
[0,0,7.06667]
[0,0,7]
[0,0,6.93333]
[0,0,6.86667]
[0,0,6.8]
[0,0,6.73333]
[0,0,6.66667]
[0,0,6.6]
[0,0,6.53333]
[0,0,6.46667]
[0,0,6.4]
[0,0,6.33333]
[0,0,6.26667]
[0,0,6.2]
[0,0,6.13333]
[0,0,6.06667]
[0,0,6]
[0,0,5.93333]
[0,0,5.86667]
[0,0,5.8]
[0,0,5.73333]
[0,0,5.66667]
[0,0,5.6]
[0,0,5.53333]
[0,0,5.46667]
[0,0,5.4]
[0,0,5.33333]
[0,0,5.26667]
[0,0,5.2]
[0,0,5.13333]
[0,0,5.06667]
[0,0,5]
[0,0,4.93333]
[0,0,4.86667]
[0,0,4.8]
[0,0,4.73333]
[0,0,4.66667]
[0,0,4.6]
[0,0,4.53333]
[0,0,4.46667]
[0,0,4.4]
[0,0,4.33333]
[0,0,4.26667]
[0,0,4.2]
[0,0,4.13333]
[0,0,4.06667]
[0,0,4]
[0,0,3.93333]
[0,0,3.86667]
[0,0,3.8]
[0,0,3.73333]
[0,0,3.66667]
[0,0,3.6]
[0,0,3.53333]
[0,0,3.46667]
[0,0,3.4]
[0,0,3.33333]
[0,0,3.26667]
[0,0,3.2]
[0,0,3.13333]
[0,0,3.06667]
[0,0,3]
[0,0,2.93333]
[0,0,2.86667]
[0,0,2.8]
[0,0,2.73333]
[0,0,2.66667]
[0,0,2.6]
[0,0,2.53333]
[0,0,2.46667]
[0,0,2.4]
[0,0,2.33333]
[0,0,2.26667]
[0,0,2.2]
[0,0,2.13333]
[0,0,2.06667]
[0,0,2]
[0,0,1.93333]
[0,0,1.86667]
[0,0,1.8]
[0,0,1.73333]
[0,0,1.66667]
[0,0,1.6]
[0,0,1.53333]
[0,0,1.46667]
[0,0,1.4]
[0,0,1.33333]
[0,0,1.26667]
[0,0,1.2]
[0,0,1.13333]
[0,0,1.06667]
[0,0,1]
[0,0,0.933333]
[0,0,0.866667]
[0,0,0.8]
[0,0,0.733333]
[0,0,0.666667]
[0,0,0.6]
[0,0,0.533333]
[0,0,0.466667]
[0,0,0.4]
[0,0,0.333333]
[0,0,0.266667]
[0,0,0.2]
[0,0,0.133333]
[0,0,0.0666667]
[0,0,0]
[1,0,0,0]
[1,0,0,0]
[1,0,0,0]
[1,0,0,0]
[1,0,0,0]
[1,0,0,0]
[1,0,0,0]
[1,0,0,0]
[1,0,0,0]
[1,0,0,0]
[1,0,0,0]
[1,0,0,0]
[1,0,0,0]
[1,0,0,0]
[1,0,0,0]
[1,0,0,0]
[1,0,0,0]
[1,0,0,0]
[1,0,0,0]
[1,0,0,0]
[1,0,0,0]
[1,0,0,0]
[1,0,0,0]
[1,0,0,0]
[1,0,0,0]
[1,0,0,0]
[1,0,0,0]
[1,0,0,0]
[1,0,0,0]
[1,0,0,0]
[1,0,0,0]
[1,0,0,0]
[1,0,0,0]
[1,0,0,0]
[1,0,0,0]
[1,0,0,0]
[1,0,0,0]
[1,0,0,0]
[1,0,0,0]
[1,0,0,0]
[1,0,0,0]
[1,0,0,0]
[1,0,0,0]
[1,0,0,0]
[1,0,0,0]
[1,0,0,0]
[1,0,0,0]
[1,0,0,0]
[1,0,0,0]
[1,0,0,0]
[1,0,0,0]
[1,0,0,0]
[1,0,0,0]
[1,0,0,0]
[1,0,0,0]
[1,0,0,0]
[1,0,0,0]
[1,0,0,0]
[1,0,0,0]
[1,0,0,0]
[1,0,0,0]
[1,0,0,0]
[1,0,0,0]
[1,0,0,0]
[1,0,0,0]
[1,0,0,0]
[1,0,0,0]
[1,0,0,0]
[1,0,0,0]
[1,0,0,0]
[1,0,0,0]
[1,0,0,0]
[1,0,0,0]
[1,0,0,0]
[1,0,0,0]
[1,0,0,0]
[1,0,0,0]
[1,0,0,0]
[1,0,0,0]
[1,0,0,0]
[1,0,0,0]
[1,0,0,0]
[1,0,0,0]
[1,0,0,0]
[1,0,0,0]
[1,0,0,0]
[1,0,0,0]
[1,0,0,0]
[1,0,0,0]
[1,0,0,0]
[1,0,0,0]
[1,0,0,0]
[1,0,0,0]
[1,0,0,0]
[1,0,0,0]
[1,0,0,0]
[1,0,0,0]
[1,0,0,0]
[1,0,0,0]
[1,0,0,0]
[1,0,0,0]
[1,0,0,0]
[1,0,0,0]
[1,0,0,0]
[1,0,0,0]
[1,0,0,0]
[1,0,0,0]
[1,0,0,0]
[1,0,0,0]
[1,0,0,0]
[1,0,0,0]
[1,0,0,0]
[1,0,0,0]
[1,0,0,0]
[1,0,0,0]
[1,0,0,0]
[1,0,0,0]
[1,0,0,0]
[1,0,0,0]
[1,0,0,0]
[1,0,0,0]
[1,0,0,0]
[1,0,0,0]
[1,0,0,0]
[1,0,0,0]
[1,0,0,0]
[1,0,0,0]
[1,0,0,0]
[1,0,0,0]
[1,0,0,0]
[1,0,0,0]
[1,0,0,0]
[1,0,0,0]
[1,0,0,0]
[1,0,0,0]
[1,0,0,0]
[1,0,0,0]
[1,0,0,0]
[1,0,0,0]
[1,0,0,0]
[1,0,0,0]
[1,0,0,0]
[1,0,0,0]
[1,0,0,0]
[1,0,0,0]
[1,0,0,0]
[1,0,0,0]
[1,0,0,0]
[1,0,0,0]
[1,0,0,0]
