81
10
[12.75,-40, 30.3]
[12.75,-40, 30.3]
[12.75,-40, 30.3]
[12.75,-40, 30.3]
[12.75,-40, 30.3]
[12.75,-40, 30.3]
[12.75,-40, 30.3]
[12.75,-40, 30.3]
[12.75,-40, 30.3]
[12.75,-40, 30.3]
[12.75, -40, 30.3]
[12.75, -40, 30.2]
[12.75, -40, 30.1]
[12.75, -40, 30]
[12.75, -40, 29.9]
[12.75, -40, 29.8]
[12.75, -40, 29.7]
[12.75, -40, 29.6]
[12.75, -40, 29.5]
[12.75, -40, 29.4]
[12.75,-40, 29.3]
[12.75,-40, 29.3]
[12.75,-40, 29.3]
[12.75,-40, 29.3]
[12.75,-40, 29.3]
[12.75,-40, 29.3]
[12.75,-40, 29.3]
[12.75,-40, 29.3]
[12.75,-40, 29.3]
[12.75,-40, 29.3]
[12.75,-40, 29.3]
[12.75,-40, 29.3]
[12.75,-40, 29.3]
[12.75,-40, 29.3]
[12.75,-40, 29.3]
[12.75,-40, 29.3]
[12.75,-40, 29.3]
[12.75,-40, 29.3]
[12.75,-40, 29.3]
[12.75,-40, 29.3]
[12.75,-40, 29.3]
[12.75,-40, 29.3]
[12.75,-40, 29.3]
[12.75,-40, 29.3]
[12.75,-40, 29.3]
[12.75,-40, 29.3]
[12.75,-40, 29.3]
[12.75,-40, 29.3]
[12.75,-40, 29.3]
[12.75,-40, 29.3]
[12.75, -40, 29.3]
[12.75, -40, 29.4]
[12.75, -40, 29.5]
[12.75, -40, 29.6]
[12.75, -40, 29.7]
[12.75, -40, 29.8]
[12.75, -40, 29.9]
[12.75, -40, 30]
[12.75, -40, 30.1]
[12.75, -40, 30.2]
[12.75,-40, 30.3]
[12.75,-40, 30.3]
[12.75,-40, 30.3]
[12.75,-40, 30.3]
[12.75,-40, 30.3]
[12.75,-40, 30.3]
[12.75,-40, 30.3]
[12.75,-40, 30.3]
[12.75,-40, 30.3]
[12.75,-40, 30.3]
[12.75,-40, 30.3]
[12.75,-40, 30.3]
[12.75,-40, 30.3]
[12.75,-40, 30.3]
[12.75,-40, 30.3]
[12.75,-40, 30.3]
[12.75,-40, 30.3]
[12.75,-40, 30.3]
[12.75,-40, 30.3]
[12.75,-40, 30.3]
[12.75,-40, 30.3]
[1, 0.0, 0.0, 0.0]
[1, 0.0, 0.0, 0.0]
[1, 0.0, 0.0, 0.0]
[1, 0.0, 0.0, 0.0]
[1, 0.0, 0.0, 0.0]
[1, 0.0, 0.0, 0.0]
[1, 0.0, 0.0, 0.0]
[1, 0.0, 0.0, 0.0]
[1, 0.0, 0.0, 0.0]
[1, 0.0, 0.0, 0.0]
[1, 0.0, 0.0, 0.0]
[1, 0.0, 0.0, 0.0]
[1, 0.0, 0.0, 0.0]
[1, 0.0, 0.0, 0.0]
[1, 0.0, 0.0, 0.0]
[1, 0.0, 0.0, 0.0]
[1, 0.0, 0.0, 0.0]
[1, 0.0, 0.0, 0.0]
[1, 0.0, 0.0, 0.0]
[1, 0.0, 0.0, 0.0]
[1, 0.0, 0.0, 0.0]
[1, 0.0, 0.0, 0.0]
[1, 0.0, 0.0, 0.0]
[1, 0.0, 0.0, 0.0]
[1, 0.0, 0.0, 0.0]
[1, 0.0, 0.0, 0.0]
[1, 0.0, 0.0, 0.0]
[1, 0.0, 0.0, 0.0]
[1, 0.0, 0.0, 0.0]
[1, 0.0, 0.0, 0.0]
[1, 0.0, 0.0, 0.0]
[1, 0.0, 0.0, 0.0]
[1, 0.0, 0.0, 0.0]
[1, 0.0, 0.0, 0.0]
[1, 0.0, 0.0, 0.0]
[1, 0.0, 0.0, 0.0]
[1, 0.0, 0.0, 0.0]
[1, 0.0, 0.0, 0.0]
[1, 0.0, 0.0, 0.0]
[1, 0.0, 0.0, 0.0]
[1, 0.0, 0.0, 0.0]
[1, 0.0, 0.0, 0.0]
[1, 0.0, 0.0, 0.0]
[1, 0.0, 0.0, 0.0]
[1, 0.0, 0.0, 0.0]
[1, 0.0, 0.0, 0.0]
[1, 0.0, 0.0, 0.0]
[1, 0.0, 0.0, 0.0]
[1, 0.0, 0.0, 0.0]
[1, 0.0, 0.0, 0.0]
[1, 0.0, 0.0, 0.0]
[1, 0.0, 0.0, 0.0]
[1, 0.0, 0.0, 0.0]
[1, 0.0, 0.0, 0.0]
[1, 0.0, 0.0, 0.0]
[1, 0.0, 0.0, 0.0]
[1, 0.0, 0.0, 0.0]
[1, 0.0, 0.0, 0.0]
[1, 0.0, 0.0, 0.0]
[1, 0.0, 0.0, 0.0]
[1, 0.0, 0.0, 0.0]
[1, 0.0, 0.0, 0.0]
[1, 0.0, 0.0, 0.0]
[1, 0.0, 0.0, 0.0]
[1, 0.0, 0.0, 0.0]
[1, 0.0, 0.0, 0.0]
[1, 0.0, 0.0, 0.0]
[1, 0.0, 0.0, 0.0]
[1, 0.0, 0.0, 0.0]
[1, 0.0, 0.0, 0.0]
[1, 0.0, 0.0, 0.0]
[1, 0.0, 0.0, 0.0]
[1, 0.0, 0.0, 0.0]
[1, 0.0, 0.0, 0.0]
[1, 0.0, 0.0, 0.0]
[1, 0.0, 0.0, 0.0]
[1, 0.0, 0.0, 0.0]
[1, 0.0, 0.0, 0.0]
[1, 0.0, 0.0, 0.0]
[1, 0.0, 0.0, 0.0]
[1, 0.0, 0.0, 0.0]
