81
10
[17.95, 369, 26.63]
[17.95, 369, 26.63]
[17.95, 369, 26.63]
[17.95, 369, 26.63]
[17.95, 369, 26.63]
[17.95, 369, 26.63]
[17.95, 369, 26.63]
[17.95, 369, 26.63]
[17.95, 369, 26.63]
[17.95, 369, 26.63]
[17.95, 369, 26.63]
[17.95, 369, 26.63]
[17.95, 369, 26.63]
[17.95, 369, 26.63]
[17.95, 369, 26.63]
[17.95, 369, 26.63]
[17.95, 369, 26.63]
[17.95, 369, 26.63]
[17.95, 369, 26.63]
[17.95, 369, 26.63]
[17.95, 369, 26.63]
[36.82, 369, 26.63]
[55.69, 369, 26.63]
[74.56, 369, 26.63]
[93.43, 369, 26.63]
[112.3, 369, 26.63]
[131.17, 369, 26.63]
[150.04, 369, 26.63]
[168.91, 369, 26.63]
[187.78, 369, 26.63]
[206.65, 369, 26.63]
[206.65, 369, 26.63]
[206.65, 369, 26.63]
[206.65, 369, 26.63]
[206.65, 369, 26.63]
[206.65, 369, 26.63]
[206.65, 369, 26.63]
[206.65, 369, 26.63]
[206.65, 369, 26.63]
[206.65, 369, 26.63]
[206.65, 369, 26.63]
[206.65, 369, 26.63]
[206.65, 369, 26.63]
[206.65, 369, 26.63]
[206.65, 369, 26.63]
[206.65, 369, 26.63]
[206.65, 369, 26.63]
[206.65, 369, 26.63]
[206.65, 369, 26.63]
[206.65, 369, 26.63]
[206.65, 369, 26.63]
[206.65, 369, 26.63]
[206.65, 369, 26.63]
[206.65, 369, 26.63]
[206.65, 369, 26.63]
[206.65, 369, 26.63]
[206.65, 369, 26.63]
[206.65, 369, 26.63]
[206.65, 369, 26.63]
[206.65, 369, 26.63]
[206.65, 369, 26.63]
[206.65, 369, 26.63]
[206.65, 369, 26.63]
[206.65, 369, 26.63]
[206.65, 369, 26.63]
[206.65, 369, 26.63]
[206.65, 369, 26.63]
[206.65, 369, 26.63]
[206.65, 369, 26.63]
[206.65, 369, 26.63]
[206.65, 369, 26.63]
[187.78, 369, 26.63]
[168.91, 369, 26.63]
[150.04, 369, 26.63]
[131.17, 369, 26.63]
[112.3, 369, 26.63]
[93.43, 369, 26.63]
[74.56, 369, 26.63]
[55.69, 369, 26.63]
[36.82, 369, 26.63]
[17.95, 369, 26.63]
[1, 0.0, 0.0, 0.0]
[1, 0.0, 0.0, 0.0]
[1, 0.0, 0.0, 0.0]
[1, 0.0, 0.0, 0.0]
[1, 0.0, 0.0, 0.0]
[1, 0.0, 0.0, 0.0]
[1, 0.0, 0.0, 0.0]
[1, 0.0, 0.0, 0.0]
[1, 0.0, 0.0, 0.0]
[1, 0.0, 0.0, 0.0]
[1, 0.0, 0.0, 0.0]
[1, 0.0, 0.0, 0.0]
[1, 0.0, 0.0, 0.0]
[1, 0.0, 0.0, 0.0]
[1, 0.0, 0.0, 0.0]
[1, 0.0, 0.0, 0.0]
[1, 0.0, 0.0, 0.0]
[1, 0.0, 0.0, 0.0]
[1, 0.0, 0.0, 0.0]
[1, 0.0, 0.0, 0.0]
[1, 0.0, 0.0, 0.0]
[1, 0.0, 0.0, 0.0]
[1, 0.0, 0.0, 0.0]
[1, 0.0, 0.0, 0.0]
[1, 0.0, 0.0, 0.0]
[1, 0.0, 0.0, 0.0]
[1, 0.0, 0.0, 0.0]
[1, 0.0, 0.0, 0.0]
[1, 0.0, 0.0, 0.0]
[1, 0.0, 0.0, 0.0]
[1, 0.0, 0.0, 0.0]
[1, 0.0, 0.0, 0.0]
[1, 0.0, 0.0, 0.0]
[1, 0.0, 0.0, 0.0]
[1, 0.0, 0.0, 0.0]
[1, 0.0, 0.0, 0.0]
[1, 0.0, 0.0, 0.0]
[1, 0.0, 0.0, 0.0]
[1, 0.0, 0.0, 0.0]
[1, 0.0, 0.0, 0.0]
[1, 0.0, 0.0, 0.0]
[1, 0.0, 0.0, 0.0]
[1, 0.0, 0.0, 0.0]
[1, 0.0, 0.0, 0.0]
[1, 0.0, 0.0, 0.0]
[1, 0.0, 0.0, 0.0]
[1, 0.0, 0.0, 0.0]
[1, 0.0, 0.0, 0.0]
[1, 0.0, 0.0, 0.0]
[1, 0.0, 0.0, 0.0]
[1, 0.0, 0.0, 0.0]
[1, 0.0, 0.0, 0.0]
[1, 0.0, 0.0, 0.0]
[1, 0.0, 0.0, 0.0]
[1, 0.0, 0.0, 0.0]
[1, 0.0, 0.0, 0.0]
[1, 0.0, 0.0, 0.0]
[1, 0.0, 0.0, 0.0]
[1, 0.0, 0.0, 0.0]
[1, 0.0, 0.0, 0.0]
[1, 0.0, 0.0, 0.0]
[1, 0.0, 0.0, 0.0]
[1, 0.0, 0.0, 0.0]
[1, 0.0, 0.0, 0.0]
[1, 0.0, 0.0, 0.0]
[1, 0.0, 0.0, 0.0]
[1, 0.0, 0.0, 0.0]
[1, 0.0, 0.0, 0.0]
[1, 0.0, 0.0, 0.0]
[1, 0.0, 0.0, 0.0]
[1, 0.0, 0.0, 0.0]
[1, 0.0, 0.0, 0.0]
[1, 0.0, 0.0, 0.0]
[1, 0.0, 0.0, 0.0]
[1, 0.0, 0.0, 0.0]
[1, 0.0, 0.0, 0.0]
[1, 0.0, 0.0, 0.0]
[1, 0.0, 0.0, 0.0]
[1, 0.0, 0.0, 0.0]
[1, 0.0, 0.0, 0.0]
[1, 0.0, 0.0, 0.0]
