81
10
[-124.07, 76.5, -75.88]
[-124.07, 76.5, -75.88]
[-124.07, 76.5, -75.88]
[-124.07, 76.5, -75.88]
[-124.07, 76.5, -75.88]
[-124.07, 76.5, -75.88]
[-124.07, 76.5, -75.88]
[-124.07, 76.5, -75.88]
[-124.07, 76.5, -75.88]
[-124.07, 76.5, -75.88]
[-124.07, 76.5, -75.88]
[-124.07, 76.5, -75.88]
[-124.07, 76.5, -75.88]
[-124.07, 76.5, -75.88]
[-124.07, 76.5, -75.88]
[-124.07, 76.5, -75.88]
[-124.07, 76.5, -75.88]
[-124.07, 76.5, -75.88]
[-124.07, 76.5, -75.88]
[-124.07, 76.5, -75.88]
[-124.07, 76.5, -75.88]
[-124.07, 76.5, -73.88]
[-124.07, 76.5, -71.88]
[-124.07, 76.5, -69.88]
[-124.07, 76.5, -67.88]
[-124.07, 76.5, -65.88]
[-124.07, 76.5, -63.88]
[-124.07, 76.5, -61.88]
[-124.07, 76.5, -59.88]
[-124.07, 76.5, -57.88]
[-124.07, 76.5, -55.88]
[-124.07, 76.5, -55.88]
[-124.07, 76.5, -55.88]
[-124.07, 76.5, -55.88]
[-124.07, 76.5, -55.88]
[-124.07, 76.5, -55.88]
[-124.07, 76.5, -55.88]
[-124.07, 76.5, -55.88]
[-124.07, 76.5, -55.88]
[-124.07, 76.5, -55.88]
[-124.07, 76.5, -55.88]
[-124.07, 76.5, -56.43]
[-124.07, 76.5, -56.98]
[-124.07, 76.5, -57.53]
[-124.07, 76.5, -58.08]
[-124.07, 76.5, -58.63]
[-124.07, 76.5, -59.18]
[-124.07, 76.5, -59.73]
[-124.07, 76.5, -60.28]
[-124.07, 76.5, -60.83]
[-124.07, 76.5, -61.38]
[-124.07, 76.5, -61.38]
[-124.07, 76.5, -61.38]
[-124.07, 76.5, -61.38]
[-124.07, 76.5, -61.38]
[-124.07, 76.5, -61.38]
[-124.07, 76.5, -61.38]
[-124.07, 76.5, -61.38]
[-124.07, 76.5, -61.38]
[-124.07, 76.5, -61.38]
[-124.07, 76.5, -61.38]
[-124.07, 76.5, -61.38]
[-124.07, 76.5, -61.38]
[-124.07, 76.5, -61.38]
[-124.07, 76.5, -61.38]
[-124.07, 76.5, -61.38]
[-124.07, 76.5, -61.38]
[-124.07, 76.5, -61.38]
[-124.07, 76.5, -61.38]
[-124.07, 76.5, -61.38]
[-124.07, 76.5, -61.38]
[-124.07, 76.5, -62.83]
[-124.07, 76.5, -64.28]
[-124.07, 76.5, -65.73]
[-124.07, 76.5, -67.18]
[-124.07, 76.5, -68.63]
[-124.07, 76.5, -70.08]
[-124.07, 76.5, -71.53]
[-124.07, 76.5, -72.98]
[-124.07, 76.5, -74.43]
[-124.07, 76.5, -75.88]
[1, 0.0, 0.0, 0.0]
[1, 0.0, 0.0, 0.0]
[1, 0.0, 0.0, 0.0]
[1, 0.0, 0.0, 0.0]
[1, 0.0, 0.0, 0.0]
[1, 0.0, 0.0, 0.0]
[1, 0.0, 0.0, 0.0]
[1, 0.0, 0.0, 0.0]
[1, 0.0, 0.0, 0.0]
[1, 0.0, 0.0, 0.0]
[1, 0.0, 0.0, 0.0]
[1, 0.0, 0.0, 0.0]
[1, 0.0, 0.0, 0.0]
[1, 0.0, 0.0, 0.0]
[1, 0.0, 0.0, 0.0]
[1, 0.0, 0.0, 0.0]
[1, 0.0, 0.0, 0.0]
[1, 0.0, 0.0, 0.0]
[1, 0.0, 0.0, 0.0]
[1, 0.0, 0.0, 0.0]
[1, 0.0, 0.0, 0.0]
[1, 0.0, 0.0, 0.0]
[1, 0.0, 0.0, 0.0]
[1, 0.0, 0.0, 0.0]
[1, 0.0, 0.0, 0.0]
[1, 0.0, 0.0, 0.0]
[1, 0.0, 0.0, 0.0]
[1, 0.0, 0.0, 0.0]
[1, 0.0, 0.0, 0.0]
[1, 0.0, 0.0, 0.0]
[1, 0.0, 0.0, 0.0]
[1, 0.0, 0.0, 0.0]
[1, 0.0, 0.0, 0.0]
[1, 0.0, 0.0, 0.0]
[1, 0.0, 0.0, 0.0]
[1, 0.0, 0.0, 0.0]
[1, 0.0, 0.0, 0.0]
[1, 0.0, 0.0, 0.0]
[1, 0.0, 0.0, 0.0]
[1, 0.0, 0.0, 0.0]
[1, 0.0, 0.0, 0.0]
[1, 0.0, 0.0, 0.0]
[1, 0.0, 0.0, 0.0]
[1, 0.0, 0.0, 0.0]
[1, 0.0, 0.0, 0.0]
[1, 0.0, 0.0, 0.0]
[1, 0.0, 0.0, 0.0]
[1, 0.0, 0.0, 0.0]
[1, 0.0, 0.0, 0.0]
[1, 0.0, 0.0, 0.0]
[1, 0.0, 0.0, 0.0]
[1, 0.0, 0.0, 0.0]
[1, 0.0, 0.0, 0.0]
[1, 0.0, 0.0, 0.0]
[1, 0.0, 0.0, 0.0]
[1, 0.0, 0.0, 0.0]
[1, 0.0, 0.0, 0.0]
[1, 0.0, 0.0, 0.0]
[1, 0.0, 0.0, 0.0]
[1, 0.0, 0.0, 0.0]
[1, 0.0, 0.0, 0.0]
[1, 0.0, 0.0, 0.0]
[1, 0.0, 0.0, 0.0]
[1, 0.0, 0.0, 0.0]
[1, 0.0, 0.0, 0.0]
[1, 0.0, 0.0, 0.0]
[1, 0.0, 0.0, 0.0]
[1, 0.0, 0.0, 0.0]
[1, 0.0, 0.0, 0.0]
[1, 0.0, 0.0, 0.0]
[1, 0.0, 0.0, 0.0]
[1, 0.0, 0.0, 0.0]
[1, 0.0, 0.0, 0.0]
[1, 0.0, 0.0, 0.0]
[1, 0.0, 0.0, 0.0]
[1, 0.0, 0.0, 0.0]
[1, 0.0, 0.0, 0.0]
[1, 0.0, 0.0, 0.0]
[1, 0.0, 0.0, 0.0]
[1, 0.0, 0.0, 0.0]
[1, 0.0, 0.0, 0.0]
