81
10
[-5.63, -30, -171]
[-5.63, -32.4, -171]
[-5.63, -34.8, -171]
[-5.63, -37.2, -171]
[-5.63, -39.6, -171]
[-5.63, -42, -171]
[-5.63, -44.4, -171]
[-5.63, -46.8, -171]
[-5.63, -49.2, -171]
[-5.63, -51.6, -171]
[-5.63, -54, -171]
[-5.63, -54, -171]
[-5.63, -54, -171]
[-5.63, -54, -171]
[-5.63, -54, -171]
[-5.63, -54, -171]
[-5.63, -54, -171]
[-5.63, -54, -171]
[-5.63, -54, -171]
[-5.63, -54, -171]
[-5.63, -54, -171]
[-5.63, -51.6, -171]
[-5.63, -49.2, -171]
[-5.63, -46.8, -171]
[-5.63, -44.4, -171]
[-5.63, -42, -171]
[-5.63, -39.6, -171]
[-5.63, -37.2, -171]
[-5.63, -34.8, -171]
[-5.63, -32.4, -171]
[-5.63, -30, -171]
[-5.63, -35.7, -171]
[-5.63, -41.4, -171]
[-5.63, -47.1, -171]
[-5.63, -52.8, -171]
[-5.63, -58.5, -171]
[-5.63, -64.2, -171]
[-5.63, -69.9, -171]
[-5.63, -75.6, -171]
[-5.63, -81.3, -171]
[-5.63, -87, -171]
[-5.63, -87, -171]
[-5.63, -87, -171]
[-5.63, -87, -171]
[-5.63, -87, -171]
[-5.63, -87, -171]
[-5.63, -87, -171]
[-5.63, -87, -171]
[-5.63, -87, -171]
[-5.63, -87, -171]
[-5.63, -87, -171]
[-5.63, -87, -171]
[-5.63, -87, -171]
[-5.63, -87, -171]
[-5.63, -87, -171]
[-5.63, -87, -171]
[-5.63, -87, -171]
[-5.63, -87, -171]
[-5.63, -87, -171]
[-5.63, -87, -171]
[-5.63, -87, -171]
[-5.63, -81.3, -171]
[-5.63, -75.6, -171]
[-5.63, -69.9, -171]
[-5.63, -64.2, -171]
[-5.63, -58.5, -171]
[-5.63, -52.8, -171]
[-5.63, -47.1, -171]
[-5.63, -41.4, -171]
[-5.63, -35.7, -171]
[-5.63, -30, -171]
[-5.63, -30, -171]
[-5.63, -30, -171]
[-5.63, -30, -171]
[-5.63, -30, -171]
[-5.63, -30, -171]
[-5.63, -30, -171]
[-5.63, -30, -171]
[-5.63, -30, -171]
[-5.63, -30, -171]
[-5.63, -30, -171]
[1, 0.0, 0.0, 0.0]
[1, 0.0, 0.0, 0.0]
[1, 0.0, 0.0, 0.0]
[1, 0.0, 0.0, 0.0]
[1, 0.0, 0.0, 0.0]
[1, 0.0, 0.0, 0.0]
[1, 0.0, 0.0, 0.0]
[1, 0.0, 0.0, 0.0]
[1, 0.0, 0.0, 0.0]
[1, 0.0, 0.0, 0.0]
[1, 0.0, 0.0, 0.0]
[1, 0.0, 0.0, 0.0]
[1, 0.0, 0.0, 0.0]
[1, 0.0, 0.0, 0.0]
[1, 0.0, 0.0, 0.0]
[1, 0.0, 0.0, 0.0]
[1, 0.0, 0.0, 0.0]
[1, 0.0, 0.0, 0.0]
[1, 0.0, 0.0, 0.0]
[1, 0.0, 0.0, 0.0]
[1, 0.0, 0.0, 0.0]
[1, 0.0, 0.0, 0.0]
[1, 0.0, 0.0, 0.0]
[1, 0.0, 0.0, 0.0]
[1, 0.0, 0.0, 0.0]
[1, 0.0, 0.0, 0.0]
[1, 0.0, 0.0, 0.0]
[1, 0.0, 0.0, 0.0]
[1, 0.0, 0.0, 0.0]
[1, 0.0, 0.0, 0.0]
[1, 0.0, 0.0, 0.0]
[1, 0.0, 0.0, 0.0]
[1, 0.0, 0.0, 0.0]
[1, 0.0, 0.0, 0.0]
[1, 0.0, 0.0, 0.0]
[1, 0.0, 0.0, 0.0]
[1, 0.0, 0.0, 0.0]
[1, 0.0, 0.0, 0.0]
[1, 0.0, 0.0, 0.0]
[1, 0.0, 0.0, 0.0]
[1, 0.0, 0.0, 0.0]
[1, 0.0, 0.0, 0.0]
[1, 0.0, 0.0, 0.0]
[1, 0.0, 0.0, 0.0]
[1, 0.0, 0.0, 0.0]
[1, 0.0, 0.0, 0.0]
[1, 0.0, 0.0, 0.0]
[1, 0.0, 0.0, 0.0]
[1, 0.0, 0.0, 0.0]
[1, 0.0, 0.0, 0.0]
[1, 0.0, 0.0, 0.0]
[1, 0.0, 0.0, 0.0]
[1, 0.0, 0.0, 0.0]
[1, 0.0, 0.0, 0.0]
[1, 0.0, 0.0, 0.0]
[1, 0.0, 0.0, 0.0]
[1, 0.0, 0.0, 0.0]
[1, 0.0, 0.0, 0.0]
[1, 0.0, 0.0, 0.0]
[1, 0.0, 0.0, 0.0]
[1, 0.0, 0.0, 0.0]
[1, 0.0, 0.0, 0.0]
[1, 0.0, 0.0, 0.0]
[1, 0.0, 0.0, 0.0]
[1, 0.0, 0.0, 0.0]
[1, 0.0, 0.0, 0.0]
[1, 0.0, 0.0, 0.0]
[1, 0.0, 0.0, 0.0]
[1, 0.0, 0.0, 0.0]
[1, 0.0, 0.0, 0.0]
[1, 0.0, 0.0, 0.0]
[1, 0.0, 0.0, 0.0]
[1, 0.0, 0.0, 0.0]
[1, 0.0, 0.0, 0.0]
[1, 0.0, 0.0, 0.0]
[1, 0.0, 0.0, 0.0]
[1, 0.0, 0.0, 0.0]
[1, 0.0, 0.0, 0.0]
[1, 0.0, 0.0, 0.0]
[1, 0.0, 0.0, 0.0]
[1, 0.0, 0.0, 0.0]
